,0
0,"b'{""metadata"":{""dataVersion"":""2"",""matchId"":""KR_6638152403"",""participants"":[""FwdnnsdtA5Q4fNN0RVXtjXgkPYO2RgOwf-MJjHOENIc-nzTJgIzPNM'"
1,"b'TuhmU3CCyGliFu2lsA9QOMKQ"",""8gU_pNweRp6t5cFZdajxPLS3I7ypaBs2VvOQrHuoyjRAbXTM---xQlFL_Ktp5fXRoy3vBfhtfYrUVw"",""WEPEyEuU0X6g3BEDYzD5'"
2,"b'o8W9wa-RORvh7d8YEZX9ir5FsRDIS1xlD30IWqPWmOxTsD34nPptADrt9Q"",""0Yk-6U3RBaOJNMQCgZosKb6eW7jBf6rwmsieJRsy92QSI3znCPIhpfrktSGqpt0a5Sc'"
3,"b'tpSEByiYQVA"",""USyPZFT4fa43XClm_RDlbujWwmdDIBGHc2QEKtn9it45ATZLqps0xEEttxu0IUUZNOqAzTeo7symOw"",""KOqr34jOjYF9pd80cZpDQ_f-kiH-7CqfM'"
4,"b'gwy8PafZQFIjh1hho1UQO-06iSJrYZDiYO9aSF06OmbuQ"",""55Im3w3AKXhIgNlB9DDdp5P4JA9yB8etv4ck_mpN4yR4YxG4aEBPpoGn3OWizYlQKyesLhOtrUYwpQ"",'"
5,"b'""VoOaXypkP3ZNJxHGZ_O9C9--rArmpQ6_Hc96jmR5N99MaXE1ciKs6ecKjGl2KAJgxajgI4orCj2gkA"",""fsQU8a6yWK-aXR_nxqejnclutdZxrhHxuPLxq-gXJFCuAt'"
6,"b'bui6cqiHZd92RBLGP4mh3oVPs_CF-Nzg"",""DPGZY7g6sYxfFcfE-soH6jJ3BFXkyQjwq6n7vT206nRXDfhI9BDZwh1KC1S8r_QLmpVYkMQvpZi7PQ""]},""info"":{""fr'"
7,"b'ameInterval"":60000,""frames"":[{""events"":[{""realTimestamp"":1691390529200,""timestamp"":0,""type"":""PAUSE_END""}],""participantFrames"":{""'"
8,"b'1"":{""championStats"":{""abilityHaste"":0,""abilityPower"":0,""armor"":38,""armorPen"":0,""armorPenPercent"":0,""attackDamage"":25,""attackSpee'"
9,"b'd"":100,""bonusArmorPenPercent"":0,""bonusMagicPenPercent"":0,""ccReduction"":0,""cooldownReduction"":0,""health"":690,""healthMax"":690,""hea'"
10,"b'lthRegen"":0,""lifesteal"":0,""magicPen"":0,""magicPenPercent"":0,""magicResist"":32,""movementSpeed"":340,""omnivamp"":0,""physicalVamp"":0,""p'"
11,"b'ower"":0,""powerMax"":0,""powerRegen"":0,""spellVamp"":0},""currentGold"":500,""damageStats"":{""magicDamageDone"":0,""magicDamageDoneToChampi'"
12,"b'ons"":0,""magicDamageTaken"":0,""physicalDamageDone"":0,""physicalDamageDoneToChampions"":0,""physicalDamageTaken"":0,""totalDamageDone"":0'"
13,"b',""totalDamageDoneToChampions"":0,""totalDamageTaken"":0,""trueDamageDone"":0,""trueDamageDoneToChampions"":0,""trueDamageTaken"":0},""gold'"
14,"b'PerSecond"":0,""jungleMinionsKilled"":0,""level"":1,""minionsKilled"":0,""participantId"":1,""position"":{""x"":554,""y"":581},""timeEnemySpentC'"
15,"b'ontrolled"":0,""totalGold"":500,""xp"":0},""2"":{""championStats"":{""abilityHaste"":0,""abilityPower"":0,""armor"":36,""armorPen"":0,""armorPenPe'"
16,"b'rcent"":0,""attackDamage"":25,""attackSpeed"":100,""bonusArmorPenPercent"":0,""bonusMagicPenPercent"":0,""ccReduction"":0,""cooldownReductio'"
17,"b'n"":0,""health"":643,""healthMax"":643,""healthRegen"":0,""lifesteal"":0,""magicPen"":0,""magicPenPercent"":0,""magicResist"":32,""movementSpeed'"
18,"b'"":350,""omnivamp"":0,""physicalVamp"":0,""power"":327,""powerMax"":327,""powerRegen"":0,""spellVamp"":0},""currentGold"":500,""damageStats"":{""m'"
19,"b'agicDamageDone"":0,""magicDamageDoneToChampions"":0,""magicDamageTaken"":0,""physicalDamageDone"":0,""physicalDamageDoneToChampions"":0,""'"
20,"b'physicalDamageTaken"":0,""totalDamageDone"":0,""totalDamageDoneToChampions"":0,""totalDamageTaken"":0,""trueDamageDone"":0,""trueDamageDon'"
21,"b'eToChampions"":0,""trueDamageTaken"":0},""goldPerSecond"":0,""jungleMinionsKilled"":0,""level"":1,""minionsKilled"":0,""participantId"":2,""po'"
22,"b'sition"":{""x"":593,""y"":464},""timeEnemySpentControlled"":0,""totalGold"":500,""xp"":0},""3"":{""championStats"":{""abilityHaste"":0,""abilityPo'"
23,"b'wer"":0,""armor"":21,""armorPen"":0,""armorPenPercent"":0,""attackDamage"":25,""attackSpeed"":100,""bonusArmorPenPercent"":0,""bonusMagicPenPe'"
24,"b'rcent"":0,""ccReduction"":0,""cooldownReduction"":0,""health"":610,""healthMax"":610,""healthRegen"":0,""lifesteal"":0,""magicPen"":0,""magicPen'"
25,"b'Percent"":0,""magicResist"":30,""movementSpeed"":340,""omnivamp"":0,""physicalVamp"":0,""power"":450,""powerMax"":450,""powerRegen"":0,""spellVa'"
26,"b'mp"":0},""currentGold"":500,""damageStats"":{""magicDamageDone"":0,""magicDamageDoneToChampions"":0,""magicDamageTaken"":0,""physicalDamageD'"
27,"b'one"":0,""physicalDamageDoneToChampions"":0,""physicalDamageTaken"":0,""totalDamageDone"":0,""totalDamageDoneToChampions"":0,""totalDamage'"
28,"b'Taken"":0,""trueDamageDone"":0,""trueDamageDoneToChampions"":0,""trueDamageTaken"":0},""goldPerSecond"":0,""jungleMinionsKilled"":0,""level""'"
29,"b':1,""minionsKilled"":0,""participantId"":3,""position"":{""x"":557,""y"":345},""timeEnemySpentControlled"":0,""totalGold"":500,""xp"":0},""4"":{""c'"
30,"b'hampionStats"":{""abilityHaste"":0,""abilityPower"":0,""armor"":28,""armorPen"":0,""armorPenPercent"":0,""attackDamage"":25,""attackSpeed"":100'"
31,"b',""bonusArmorPenPercent"":0,""bonusMagicPenPercent"":0,""ccReduction"":0,""cooldownReduction"":0,""health"":640,""healthMax"":640,""healthReg'"
32,"b'en"":0,""lifesteal"":0,""magicPen"":0,""magicPenPercent"":0,""magicResist"":30,""movementSpeed"":335,""omnivamp"":0,""physicalVamp"":0,""power"":'"
33,"b'345,""powerMax"":345,""powerRegen"":0,""spellVamp"":0},""currentGold"":500,""damageStats"":{""magicDamageDone"":0,""magicDamageDoneToChampion'"
34,"b's"":0,""magicDamageTaken"":0,""physicalDamageDone"":0,""physicalDamageDoneToChampions"":0,""physicalDamageTaken"":0,""totalDamageDone"":0,""'"
35,"b'totalDamageDoneToChampions"":0,""totalDamageTaken"":0,""trueDamageDone"":0,""trueDamageDoneToChampions"":0,""trueDamageTaken"":0},""goldPe'"
36,"b'rSecond"":0,""jungleMinionsKilled"":0,""level"":1,""minionsKilled"":0,""participantId"":4,""position"":{""x"":458,""y"":271},""timeEnemySpentCon'"
37,"b'trolled"":0,""totalGold"":500,""xp"":0},""5"":{""championStats"":{""abilityHaste"":0,""abilityPower"":0,""armor"":36,""armorPen"":0,""armorPenPerc'"
38,"b'ent"":0,""attackDamage"":25,""attackSpeed"":100,""bonusArmorPenPercent"":0,""bonusMagicPenPercent"":0,""ccReduction"":0,""cooldownReduction""'"
39,"b':0,""health"":610,""healthMax"":610,""healthRegen"":0,""lifesteal"":0,""magicPen"":0,""magicPenPercent"":0,""magicResist"":30,""movementSpeed"":'"
40,"b'330,""omnivamp"":0,""physicalVamp"":0,""power"":350,""powerMax"":350,""powerRegen"":0,""spellVamp"":0},""currentGold"":500,""damageStats"":{""mag'"
41,"b'icDamageDone"":0,""magicDamageDoneToChampions"":0,""magicDamageTaken"":0,""physicalDamageDone"":0,""physicalDamageDoneToChampions"":0,""ph'"
42,"b'ysicalDamageTaken"":0,""totalDamageDone"":0,""totalDamageDoneToChampions"":0,""totalDamageTaken"":0,""trueDamageDone"":0,""trueDamageDoneT'"
43,"b'oChampions"":0,""trueDamageTaken"":0},""goldPerSecond"":0,""jungleMinionsKilled"":0,""level"":1,""minionsKilled"":0,""participantId"":5,""posi'"
44,"b'tion"":{""x"":335,""y"":269},""timeEnemySpentControlled"":0,""totalGold"":500,""xp"":0},""6"":{""championStats"":{""abilityHaste"":0,""abilityPowe'"
45,"b'r"":0,""armor"":33,""armorPen"":0,""armorPenPercent"":0,""attackDamage"":25,""attackSpeed"":100,""bonusArmorPenPercent"":0,""bonusMagicPenPerc'"
46,"b'ent"":0,""ccReduction"":0,""cooldownReduction"":0,""health"":630,""healthMax"":630,""healthRegen"":0,""lifesteal"":0,""magicPen"":0,""magicPenPe'"
47,"b'rcent"":0,""magicResist"":32,""movementSpeed"":340,""omnivamp"":0,""physicalVamp"":0,""power"":0,""powerMax"":0,""powerRegen"":0,""spellVamp"":0}'"
48,"b',""currentGold"":500,""damageStats"":{""magicDamageDone"":0,""magicDamageDoneToChampions"":0,""magicDamageTaken"":0,""physicalDamageDone"":0'"
49,"b',""physicalDamageDoneToChampions"":0,""physicalDamageTaken"":0,""totalDamageDone"":0,""totalDamageDoneToChampions"":0,""totalDamageTaken""'"
50,"b':0,""trueDamageDone"":0,""trueDamageDoneToChampions"":0,""trueDamageTaken"":0},""goldPerSecond"":0,""jungleMinionsKilled"":0,""level"":1,""mi'"
51,"b'nionsKilled"":0,""participantId"":6,""position"":{""x"":14500,""y"":14511},""timeEnemySpentControlled"":0,""totalGold"":500,""xp"":0},""7"":{""cha'"
52,"b'mpionStats"":{""abilityHaste"":0,""abilityPower"":0,""armor"":38,""armorPen"":0,""armorPenPercent"":0,""attackDamage"":25,""attackSpeed"":100,""'"
53,"b'bonusArmorPenPercent"":0,""bonusMagicPenPercent"":0,""ccReduction"":0,""cooldownReduction"":0,""health"":655,""healthMax"":655,""healthRegen'"
54,"b'"":0,""lifesteal"":0,""magicPen"":0,""magicPenPercent"":0,""magicResist"":32,""movementSpeed"":345,""omnivamp"":0,""physicalVamp"":0,""power"":27'"
55,"b'5,""powerMax"":275,""powerRegen"":0,""spellVamp"":0},""currentGold"":500,""damageStats"":{""magicDamageDone"":0,""magicDamageDoneToChampions""'"
56,"b':0,""magicDamageTaken"":0,""physicalDamageDone"":0,""physicalDamageDoneToChampions"":0,""physicalDamageTaken"":0,""totalDamageDone"":0,""to'"
57,"b'talDamageDoneToChampions"":0,""totalDamageTaken"":0,""trueDamageDone"":0,""trueDamageDoneToChampions"":0,""trueDamageTaken"":0},""goldPerS'"
58,"b'econd"":0,""jungleMinionsKilled"":0,""level"":1,""minionsKilled"":0,""participantId"":7,""position"":{""x"":14539,""y"":14394},""timeEnemySpentC'"
59,"b'ontrolled"":0,""totalGold"":500,""xp"":0},""8"":{""championStats"":{""abilityHaste"":0,""abilityPower"":0,""armor"":27,""armorPen"":0,""armorPenPe'"
60,"b'rcent"":0,""attackDamage"":25,""attackSpeed"":100,""bonusArmorPenPercent"":0,""bonusMagicPenPercent"":0,""ccReduction"":0,""cooldownReductio'"
61,"b'n"":0,""health"":575,""healthMax"":575,""healthRegen"":0,""lifesteal"":0,""magicPen"":0,""magicPenPercent"":0,""magicResist"":32,""movementSpeed'"
62,"b'"":340,""omnivamp"":0,""physicalVamp"":0,""power"":310,""powerMax"":310,""powerRegen"":0,""spellVamp"":0},""currentGold"":500,""damageStats"":{""m'"
63,"b'agicDamageDone"":0,""magicDamageDoneToChampions"":0,""magicDamageTaken"":0,""physicalDamageDone"":0,""physicalDamageDoneToChampions"":0,""'"
64,"b'physicalDamageTaken"":0,""totalDamageDone"":0,""totalDamageDoneToChampions"":0,""totalDamageTaken"":0,""trueDamageDone"":0,""trueDamageDon'"
65,"b'eToChampions"":0,""trueDamageTaken"":0},""goldPerSecond"":0,""jungleMinionsKilled"":0,""level"":1,""minionsKilled"":0,""participantId"":8,""po'"
66,"b'sition"":{""x"":14503,""y"":14275},""timeEnemySpentControlled"":0,""totalGold"":500,""xp"":0},""9"":{""championStats"":{""abilityHaste"":0,""abili'"
67,"b'tyPower"":0,""armor"":24,""armorPen"":0,""armorPenPercent"":0,""attackDamage"":25,""attackSpeed"":100,""bonusArmorPenPercent"":0,""bonusMagicP'"
68,"b'enPercent"":0,""ccReduction"":0,""cooldownReduction"":0,""health"":630,""healthMax"":630,""healthRegen"":0,""lifesteal"":0,""magicPen"":0,""magi'"
69,"b'cPenPercent"":0,""magicResist"":30,""movementSpeed"":335,""omnivamp"":0,""physicalVamp"":0,""power"":250,""powerMax"":250,""powerRegen"":0,""spe'"
70,"b'llVamp"":0},""currentGold"":500,""damageStats"":{""magicDamageDone"":0,""magicDamageDoneToChampions"":0,""magicDamageTaken"":0,""physicalDam'"
71,"b'ageDone"":0,""physicalDamageDoneToChampions"":0,""physicalDamageTaken"":0,""totalDamageDone"":0,""totalDamageDoneToChampions"":0,""totalDa'"
72,"b'mageTaken"":0,""trueDamageDone"":0,""trueDamageDoneToChampions"":0,""trueDamageTaken"":0},""goldPerSecond"":0,""jungleMinionsKilled"":0,""le'"
73,"b'vel"":1,""minionsKilled"":0,""participantId"":9,""position"":{""x"":14404,""y"":14201},""timeEnemySpentControlled"":0,""totalGold"":500,""xp"":0}'"
74,"b',""10"":{""championStats"":{""abilityHaste"":0,""abilityPower"":0,""armor"":30,""armorPen"":0,""armorPenPercent"":0,""attackDamage"":25,""attackS'"
75,"b'peed"":100,""bonusArmorPenPercent"":0,""bonusMagicPenPercent"":0,""ccReduction"":0,""cooldownReduction"":0,""health"":610,""healthMax"":610,""'"
76,"b'healthRegen"":0,""lifesteal"":0,""magicPen"":0,""magicPenPercent"":0,""magicResist"":32,""movementSpeed"":335,""omnivamp"":0,""physicalVamp"":0'"
77,"b',""power"":315,""powerMax"":315,""powerRegen"":0,""spellVamp"":0},""currentGold"":500,""damageStats"":{""magicDamageDone"":0,""magicDamageDoneT'"
78,"b'oChampions"":0,""magicDamageTaken"":0,""physicalDamageDone"":0,""physicalDamageDoneToChampions"":0,""physicalDamageTaken"":0,""totalDamage'"
79,"b'Done"":0,""totalDamageDoneToChampions"":0,""totalDamageTaken"":0,""trueDamageDone"":0,""trueDamageDoneToChampions"":0,""trueDamageTaken"":0'"
80,"b'},""goldPerSecond"":0,""jungleMinionsKilled"":0,""level"":1,""minionsKilled"":0,""participantId"":10,""position"":{""x"":14281,""y"":14199},""tim'"
81,"b'eEnemySpentControlled"":0,""totalGold"":500,""xp"":0}},""timestamp"":0},{""events"":[{""itemId"":3858,""participantId"":5,""timestamp"":2075,""t'"
82,"b'ype"":""ITEM_PURCHASED""},{""itemId"":2003,""participantId"":5,""timestamp"":2075,""type"":""ITEM_PURCHASED""},{""itemId"":2003,""participantId""'"
83,"b':5,""timestamp"":2075,""type"":""ITEM_PURCHASED""},{""itemId"":1103,""participantId"":2,""timestamp"":2509,""type"":""ITEM_PURCHASED""},{""itemId'"
84,"b'"":1054,""participantId"":1,""timestamp"":2509,""type"":""ITEM_PURCHASED""},{""itemId"":2003,""participantId"":1,""timestamp"":2509,""type"":""ITE'"
85,"b'M_PURCHASED""},{""itemId"":2033,""participantId"":3,""timestamp"":5782,""type"":""ITEM_PURCHASED""},{""itemId"":1056,""participantId"":8,""times'"
86,"b'tamp"":6280,""type"":""ITEM_PURCHASED""},{""afterId"":0,""beforeId"":1056,""goldGain"":400,""participantId"":8,""timestamp"":7280,""type"":""ITEM_'"
87,"b'UNDO""},{""itemId"":1054,""participantId"":8,""timestamp"":7980,""type"":""ITEM_PURCHASED""},{""itemId"":2003,""participantId"":8,""timestamp"":8'"
88,"b'379,""type"":""ITEM_PURCHASED""},{""itemId"":3340,""participantId"":8,""timestamp"":8513,""type"":""ITEM_PURCHASED""},{""itemId"":3340,""particip'"
89,"b'antId"":3,""timestamp"":8646,""type"":""ITEM_PURCHASED""},{""itemId"":3858,""participantId"":10,""timestamp"":10744,""type"":""ITEM_PURCHASED""},'"
90,"b'{""itemId"":2003,""participantId"":10,""timestamp"":10744,""type"":""ITEM_PURCHASED""},{""itemId"":2003,""participantId"":10,""timestamp"":10744'"
91,"b',""type"":""ITEM_PURCHASED""},{""itemId"":3340,""participantId"":10,""timestamp"":11277,""type"":""ITEM_PURCHASED""},{""itemId"":1055,""participa'"
92,"b'ntId"":9,""timestamp"":11509,""type"":""ITEM_PURCHASED""},{""itemId"":2003,""participantId"":9,""timestamp"":11909,""type"":""ITEM_PURCHASED""},{'"
93,"b'""itemId"":3340,""participantId"":9,""timestamp"":12145,""type"":""ITEM_PURCHASED""},{""itemId"":1055,""participantId"":4,""timestamp"":13940,""t'"
94,"b'ype"":""ITEM_PURCHASED""},{""itemId"":1054,""participantId"":6,""timestamp"":14142,""type"":""ITEM_PURCHASED""},{""itemId"":2003,""participantId'"
95,"b'"":6,""timestamp"":14142,""type"":""ITEM_PURCHASED""},{""itemId"":2003,""participantId"":4,""timestamp"":14441,""type"":""ITEM_PURCHASED""},{""ite'"
96,"b'mId"":3340,""participantId"":6,""timestamp"":14509,""type"":""ITEM_PURCHASED""},{""itemId"":3340,""participantId"":4,""timestamp"":14608,""type""'"
97,"b':""ITEM_PURCHASED""},{""itemId"":1102,""participantId"":7,""timestamp"":21198,""type"":""ITEM_PURCHASED""},{""afterId"":3340,""beforeId"":0,""gol'"
98,"b'dGain"":0,""participantId"":6,""timestamp"":21264,""type"":""ITEM_UNDO""},{""afterId"":0,""beforeId"":2003,""goldGain"":50,""participantId"":6,""t'"
99,"b'imestamp"":21397,""type"":""ITEM_UNDO""},{""afterId"":0,""beforeId"":1054,""goldGain"":450,""participantId"":6,""timestamp"":21530,""type"":""ITEM'"
100,"b'_UNDO""},{""itemId"":1055,""participantId"":6,""timestamp"":22028,""type"":""ITEM_PURCHASED""},{""itemId"":2003,""participantId"":6,""timestamp""'"
101,"b':22028,""type"":""ITEM_PURCHASED""},{""itemId"":2003,""participantId"":7,""timestamp"":22260,""type"":""ITEM_PURCHASED""},{""itemId"":3340,""part'"
102,"b'icipantId"":6,""timestamp"":22327,""type"":""ITEM_PURCHASED""},{""creatorId"":5,""timestamp"":27744,""type"":""WARD_PLACED"",""wardType"":""YELLOW'"
103,"b'_TRINKET""},{""levelUpType"":""NORMAL"",""participantId"":8,""skillSlot"":3,""timestamp"":34133,""type"":""SKILL_LEVEL_UP""},{""levelUpType"":""NO'"
104,"b'RMAL"",""participantId"":7,""skillSlot"":1,""timestamp"":40983,""type"":""SKILL_LEVEL_UP""},{""itemId"":3340,""participantId"":5,""timestamp"":41'"
105,"b'050,""type"":""ITEM_DESTROYED""},{""itemId"":3364,""participantId"":5,""timestamp"":41050,""type"":""ITEM_PURCHASED""},{""levelUpType"":""NORMAL""'"
106,"b',""participantId"":3,""skillSlot"":1,""timestamp"":45412,""type"":""SKILL_LEVEL_UP""},{""levelUpType"":""NORMAL"",""participantId"":2,""skillSlot'"
107,"b'"":1,""timestamp"":46777,""type"":""SKILL_LEVEL_UP""},{""levelUpType"":""NORMAL"",""participantId"":6,""skillSlot"":1,""timestamp"":48405,""type"":'"
108,"b'""SKILL_LEVEL_UP""},{""levelUpType"":""NORMAL"",""participantId"":10,""skillSlot"":2,""timestamp"":48837,""type"":""SKILL_LEVEL_UP""}],""particip'"
109,"b'antFrames"":{""1"":{""championStats"":{""abilityHaste"":0,""abilityPower"":0,""armor"":44,""armorPen"":0,""armorPenPercent"":0,""attackDamage"":7'"
110,"b'9,""attackSpeed"":100,""bonusArmorPenPercent"":0,""bonusMagicPenPercent"":0,""ccReduction"":0,""cooldownReduction"":0,""health"":770,""health'"
111,"b'Max"":770,""healthRegen"":47,""lifesteal"":0,""magicPen"":0,""magicPenPercent"":0,""magicResist"":32,""movementSpeed"":343,""omnivamp"":0,""phys'"
112,"b'icalVamp"":0,""power"":0,""powerMax"":0,""powerRegen"":0,""spellVamp"":0},""currentGold"":0,""damageStats"":{""magicDamageDone"":0,""magicDamage'"
113,"b'DoneToChampions"":0,""magicDamageTaken"":0,""physicalDamageDone"":0,""physicalDamageDoneToChampions"":0,""physicalDamageTaken"":0,""totalD'"
114,"b'amageDone"":0,""totalDamageDoneToChampions"":0,""totalDamageTaken"":0,""trueDamageDone"":0,""trueDamageDoneToChampions"":0,""trueDamageTak'"
115,"b'en"":0},""goldPerSecond"":0,""jungleMinionsKilled"":0,""level"":1,""minionsKilled"":0,""participantId"":1,""position"":{""x"":3233,""y"":7409},""t'"
116,"b'imeEnemySpentControlled"":0,""totalGold"":500,""xp"":0},""2"":{""championStats"":{""abilityHaste"":0,""abilityPower"":0,""armor"":36,""armorPen""'"
117,"b':0,""armorPenPercent"":0,""attackDamage"":65,""attackSpeed"":113,""bonusArmorPenPercent"":0,""bonusMagicPenPercent"":0,""ccReduction"":0,""co'"
118,"b'oldownReduction"":0,""health"":630,""healthMax"":658,""healthRegen"":15,""lifesteal"":0,""magicPen"":0,""magicPenPercent"":0,""magicResist"":32'"
119,"b',""movementSpeed"":350,""omnivamp"":0,""physicalVamp"":0,""power"":327,""powerMax"":327,""powerRegen"":15,""spellVamp"":0},""currentGold"":50,""d'"
120,"b'amageStats"":{""magicDamageDone"":0,""magicDamageDoneToChampions"":0,""magicDamageTaken"":0,""physicalDamageDone"":0,""physicalDamageDoneT'"
121,"b'oChampions"":0,""physicalDamageTaken"":51,""totalDamageDone"":0,""totalDamageDoneToChampions"":0,""totalDamageTaken"":51,""trueDamageDone""'"
122,"b':0,""trueDamageDoneToChampions"":0,""trueDamageTaken"":0},""goldPerSecond"":0,""jungleMinionsKilled"":0,""level"":1,""minionsKilled"":0,""par'"
123,"b'ticipantId"":2,""position"":{""x"":4995,""y"":8441},""timeEnemySpentControlled"":0,""totalGold"":500,""xp"":0},""3"":{""championStats"":{""ability'"
124,"b'Haste"":0,""abilityPower"":9,""armor"":21,""armorPen"":0,""armorPenPercent"":0,""attackDamage"":48,""attackSpeed"":110,""bonusArmorPenPercent""'"
125,"b':0,""bonusMagicPenPercent"":0,""ccReduction"":0,""cooldownReduction"":0,""health"":248,""healthMax"":625,""healthRegen"":15,""lifesteal"":0,""m'"
126,"b'agicPen"":0,""magicPenPercent"":0,""magicResist"":30,""movementSpeed"":340,""omnivamp"":0,""physicalVamp"":0,""power"":475,""powerMax"":475,""po'"
127,"b'werRegen"":14,""spellVamp"":0},""currentGold"":0,""damageStats"":{""magicDamageDone"":121,""magicDamageDoneToChampions"":121,""magicDamageTa'"
128,"b'ken"":204,""physicalDamageDone"":75,""physicalDamageDoneToChampions"":75,""physicalDamageTaken"":296,""totalDamageDone"":197,""totalDamage'"
129,"b'DoneToChampions"":197,""totalDamageTaken"":501,""trueDamageDone"":0,""trueDamageDoneToChampions"":0,""trueDamageTaken"":0},""goldPerSecond'"
130,"b'"":0,""jungleMinionsKilled"":0,""level"":1,""minionsKilled"":0,""participantId"":3,""position"":{""x"":5628,""y"":5931},""timeEnemySpentControll'"
131,"b'ed"":0,""totalGold"":500,""xp"":0},""4"":{""championStats"":{""abilityHaste"":0,""abilityPower"":0,""armor"":34,""armorPen"":0,""armorPenPercent"":'"
132,"b'0,""attackDamage"":72,""attackSpeed"":110,""bonusArmorPenPercent"":0,""bonusMagicPenPercent"":0,""ccReduction"":0,""cooldownReduction"":0,""h'"
133,"b'ealth"":720,""healthMax"":720,""healthRegen"":7,""lifesteal"":0,""magicPen"":0,""magicPenPercent"":0,""magicResist"":30,""movementSpeed"":335,""'"
134,"b'omnivamp"":2,""physicalVamp"":0,""power"":345,""powerMax"":345,""powerRegen"":16,""spellVamp"":0},""currentGold"":0,""damageStats"":{""magicDama'"
135,"b'geDone"":0,""magicDamageDoneToChampions"":0,""magicDamageTaken"":0,""physicalDamageDone"":0,""physicalDamageDoneToChampions"":0,""physical'"
136,"b'DamageTaken"":0,""totalDamageDone"":0,""totalDamageDoneToChampions"":0,""totalDamageTaken"":0,""trueDamageDone"":0,""trueDamageDoneToChamp'"
137,"b'ions"":0,""trueDamageTaken"":0},""goldPerSecond"":0,""jungleMinionsKilled"":0,""level"":1,""minionsKilled"":0,""participantId"":4,""position"":'"
138,"b'{""x"":8765,""y"":4465},""timeEnemySpentControlled"":0,""totalGold"":500,""xp"":0},""5"":{""championStats"":{""abilityHaste"":0,""abilityPower"":5'"
139,"b',""armor"":48,""armorPen"":0,""armorPenPercent"":0,""attackDamage"":55,""attackSpeed"":100,""bonusArmorPenPercent"":0,""bonusMagicPenPercent""'"
140,"b':0,""ccReduction"":5,""cooldownReduction"":0,""health"":640,""healthMax"":640,""healthRegen"":22,""lifesteal"":0,""magicPen"":0,""magicPenPerce'"
141,"b'nt"":0,""magicResist"":30,""movementSpeed"":330,""omnivamp"":0,""physicalVamp"":0,""power"":350,""powerMax"":350,""powerRegen"":12,""spellVamp"":'"
142,"b'0},""currentGold"":0,""damageStats"":{""magicDamageDone"":0,""magicDamageDoneToChampions"":0,""magicDamageTaken"":0,""physicalDamageDone"":0'"
143,"b',""physicalDamageDoneToChampions"":0,""physicalDamageTaken"":0,""totalDamageDone"":0,""totalDamageDoneToChampions"":0,""totalDamageTaken""'"
144,"b':0,""trueDamageDone"":0,""trueDamageDoneToChampions"":0,""trueDamageTaken"":0},""goldPerSecond"":20,""jungleMinionsKilled"":0,""level"":1,""m'"
145,"b'inionsKilled"":0,""participantId"":5,""position"":{""x"":6611,""y"":1627},""timeEnemySpentControlled"":0,""totalGold"":500,""xp"":0},""6"":{""cham'"
146,"b'pionStats"":{""abilityHaste"":0,""abilityPower"":0,""armor"":39,""armorPen"":0,""armorPenPercent"":0,""attackDamage"":82,""attackSpeed"":100,""b'"
147,"b'onusArmorPenPercent"":0,""bonusMagicPenPercent"":0,""ccReduction"":5,""cooldownReduction"":0,""health"":710,""healthMax"":710,""healthRegen""'"
148,"b':17,""lifesteal"":0,""magicPen"":0,""magicPenPercent"":0,""magicResist"":32,""movementSpeed"":340,""omnivamp"":2,""physicalVamp"":0,""power"":0,'"
149,"b'""powerMax"":0,""powerRegen"":0,""spellVamp"":0},""currentGold"":0,""damageStats"":{""magicDamageDone"":0,""magicDamageDoneToChampions"":0,""ma'"
150,"b'gicDamageTaken"":0,""physicalDamageDone"":43,""physicalDamageDoneToChampions"":43,""physicalDamageTaken"":0,""totalDamageDone"":43,""total'"
151,"b'DamageDoneToChampions"":43,""totalDamageTaken"":0,""trueDamageDone"":0,""trueDamageDoneToChampions"":0,""trueDamageTaken"":0},""goldPerSec'"
152,"b'ond"":0,""jungleMinionsKilled"":0,""level"":1,""minionsKilled"":0,""participantId"":6,""position"":{""x"":7816,""y"":8121},""timeEnemySpentContr'"
153,"b'olled"":497,""totalGold"":500,""xp"":0},""7"":{""championStats"":{""abilityHaste"":0,""abilityPower"":0,""armor"":44,""armorPen"":0,""armorPenPerc'"
154,"b'ent"":0,""attackDamage"":67,""attackSpeed"":110,""bonusArmorPenPercent"":0,""bonusMagicPenPercent"":0,""ccReduction"":5,""cooldownReduction""'"
155,"b':0,""health"":655,""healthMax"":655,""healthRegen"":14,""lifesteal"":0,""magicPen"":0,""magicPenPercent"":0,""magicResist"":32,""movementSpeed""'"
156,"b':345,""omnivamp"":0,""physicalVamp"":0,""power"":199,""powerMax"":275,""powerRegen"":44,""spellVamp"":0},""currentGold"":0,""damageStats"":{""mag'"
157,"b'icDamageDone"":0,""magicDamageDoneToChampions"":0,""magicDamageTaken"":0,""physicalDamageDone"":51,""physicalDamageDoneToChampions"":51,""'"
158,"b'physicalDamageTaken"":0,""totalDamageDone"":51,""totalDamageDoneToChampions"":51,""totalDamageTaken"":0,""trueDamageDone"":0,""trueDamageD'"
159,"b'oneToChampions"":0,""trueDamageTaken"":0},""goldPerSecond"":0,""jungleMinionsKilled"":0,""level"":1,""minionsKilled"":0,""participantId"":7,""'"
160,"b'position"":{""x"":7697,""y"":5596},""timeEnemySpentControlled"":0,""totalGold"":500,""xp"":0},""8"":{""championStats"":{""abilityHaste"":0,""abili'"
161,"b'tyPower"":18,""armor"":27,""armorPen"":0,""armorPenPercent"":0,""attackDamage"":61,""attackSpeed"":100,""bonusArmorPenPercent"":0,""bonusMagic'"
162,"b'PenPercent"":0,""ccReduction"":0,""cooldownReduction"":0,""health"":524,""healthMax"":655,""healthRegen"":34,""lifesteal"":0,""magicPen"":0,""ma'"
163,"b'gicPenPercent"":0,""magicResist"":40,""movementSpeed"":340,""omnivamp"":0,""physicalVamp"":0,""power"":221,""powerMax"":310,""powerRegen"":16,""'"
164,"b'spellVamp"":0},""currentGold"":0,""damageStats"":{""magicDamageDone"":204,""magicDamageDoneToChampions"":204,""magicDamageTaken"":121,""phys'"
165,"b'icalDamageDone"":151,""physicalDamageDoneToChampions"":151,""physicalDamageTaken"":75,""totalDamageDone"":355,""totalDamageDoneToChampio'"
166,"b'ns"":355,""totalDamageTaken"":197,""trueDamageDone"":0,""trueDamageDoneToChampions"":0,""trueDamageTaken"":0},""goldPerSecond"":0,""jungleMi'"
167,"b'nionsKilled"":0,""level"":1,""minionsKilled"":0,""participantId"":8,""position"":{""x"":7604,""y"":7048},""timeEnemySpentControlled"":1164,""tot'"
168,"b'alGold"":500,""xp"":0},""9"":{""championStats"":{""abilityHaste"":0,""abilityPower"":0,""armor"":30,""armorPen"":0,""armorPenPercent"":0,""attackD'"
169,"b'amage"":66,""attackSpeed"":113,""bonusArmorPenPercent"":0,""bonusMagicPenPercent"":0,""ccReduction"":0,""cooldownReduction"":0,""health"":710'"
170,"b',""healthMax"":710,""healthRegen"":6,""lifesteal"":0,""magicPen"":0,""magicPenPercent"":0,""magicResist"":30,""movementSpeed"":335,""omnivamp"":'"
171,"b'2,""physicalVamp"":0,""power"":250,""powerMax"":250,""powerRegen"":12,""spellVamp"":0},""currentGold"":0,""damageStats"":{""magicDamageDone"":0,'"
172,"b'""magicDamageDoneToChampions"":0,""magicDamageTaken"":0,""physicalDamageDone"":0,""physicalDamageDoneToChampions"":0,""physicalDamageTake'"
173,"b'n"":0,""totalDamageDone"":0,""totalDamageDoneToChampions"":0,""totalDamageTaken"":0,""trueDamageDone"":0,""trueDamageDoneToChampions"":0,""t'"
174,"b'rueDamageTaken"":0},""goldPerSecond"":0,""jungleMinionsKilled"":0,""level"":1,""minionsKilled"":0,""participantId"":9,""position"":{""x"":9879,'"
175,"b'""y"":5706},""timeEnemySpentControlled"":0,""totalGold"":500,""xp"":0},""10"":{""championStats"":{""abilityHaste"":0,""abilityPower"":23,""armor""'"
176,"b':36,""armorPen"":0,""armorPenPercent"":0,""attackDamage"":62,""attackSpeed"":100,""bonusArmorPenPercent"":0,""bonusMagicPenPercent"":0,""ccRe'"
177,"b'duction"":0,""cooldownReduction"":0,""health"":640,""healthMax"":640,""healthRegen"":15,""lifesteal"":0,""magicPen"":0,""magicPenPercent"":0,""m'"
178,"b'agicResist"":32,""movementSpeed"":335,""omnivamp"":0,""physicalVamp"":0,""power"":284,""powerMax"":315,""powerRegen"":17,""spellVamp"":0},""curr'"
179,"b'entGold"":0,""damageStats"":{""magicDamageDone"":0,""magicDamageDoneToChampions"":0,""magicDamageTaken"":0,""physicalDamageDone"":102,""phys'"
180,"b'icalDamageDoneToChampions"":102,""physicalDamageTaken"":0,""totalDamageDone"":102,""totalDamageDoneToChampions"":102,""totalDamageTaken""'"
181,"b':0,""trueDamageDone"":0,""trueDamageDoneToChampions"":0,""trueDamageTaken"":0},""goldPerSecond"":20,""jungleMinionsKilled"":0,""level"":1,""m'"
182,"b'inionsKilled"":0,""participantId"":10,""position"":{""x"":8386,""y"":6107},""timeEnemySpentControlled"":0,""totalGold"":500,""xp"":0}},""timesta'"
183,"b'mp"":60007},{""events"":[{""creatorId"":7,""timestamp"":62946,""type"":""WARD_PLACED"",""wardType"":""YELLOW_TRINKET""},{""levelUpType"":""NORMAL""'"
184,"b',""participantId"":5,""skillSlot"":2,""timestamp"":74583,""type"":""SKILL_LEVEL_UP""},{""creatorId"":6,""timestamp"":82002,""type"":""WARD_PLACED'"
185,"b'"",""wardType"":""YELLOW_TRINKET""},{""creatorId"":8,""timestamp"":89172,""type"":""WARD_PLACED"",""wardType"":""YELLOW_TRINKET""},{""creatorId"":9'"
186,"b',""timestamp"":90340,""type"":""WARD_PLACED"",""wardType"":""YELLOW_TRINKET""},{""levelUpType"":""NORMAL"",""participantId"":4,""skillSlot"":1,""ti'"
187,"b'mestamp"":92503,""type"":""SKILL_LEVEL_UP""},{""creatorId"":4,""timestamp"":93238,""type"":""WARD_PLACED"",""wardType"":""YELLOW_TRINKET""},{""ite'"
188,"b'mId"":2003,""participantId"":9,""timestamp"":94474,""type"":""ITEM_DESTROYED""},{""levelUpType"":""NORMAL"",""participantId"":1,""skillSlot"":1,""'"
189,"b'timestamp"":100444,""type"":""SKILL_LEVEL_UP""},{""itemId"":2003,""participantId"":7,""timestamp"":104675,""type"":""ITEM_DESTROYED""},{""itemId'"
190,"b'"":2003,""participantId"":8,""timestamp"":109213,""type"":""ITEM_DESTROYED""}],""participantFrames"":{""1"":{""championStats"":{""abilityHaste"":'"
191,"b'0,""abilityPower"":0,""armor"":44,""armorPen"":0,""armorPenPercent"":0,""attackDamage"":79,""attackSpeed"":100,""bonusArmorPenPercent"":0,""bon'"
192,"b'usMagicPenPercent"":0,""ccReduction"":0,""cooldownReduction"":0,""health"":770,""healthMax"":770,""healthRegen"":47,""lifesteal"":0,""magicPen'"
193,"b'"":0,""magicPenPercent"":0,""magicResist"":32,""movementSpeed"":343,""omnivamp"":0,""physicalVamp"":0,""power"":0,""powerMax"":0,""powerRegen"":0'"
194,"b',""spellVamp"":0},""currentGold"":117,""damageStats"":{""magicDamageDone"":0,""magicDamageDoneToChampions"":0,""magicDamageTaken"":0,""physic'"
195,"b'alDamageDone"":847,""physicalDamageDoneToChampions"":0,""physicalDamageTaken"":4,""totalDamageDone"":847,""totalDamageDoneToChampions"":0'"
196,"b',""totalDamageTaken"":4,""trueDamageDone"":0,""trueDamageDoneToChampions"":0,""trueDamageTaken"":0},""goldPerSecond"":0,""jungleMinionsKill'"
197,"b'ed"":0,""level"":1,""minionsKilled"":5,""participantId"":1,""position"":{""x"":2377,""y"":12927},""timeEnemySpentControlled"":0,""totalGold"":617'"
198,"b',""xp"":246},""2"":{""championStats"":{""abilityHaste"":0,""abilityPower"":0,""armor"":36,""armorPen"":0,""armorPenPercent"":0,""attackDamage"":65'"
199,"b',""attackSpeed"":113,""bonusArmorPenPercent"":0,""bonusMagicPenPercent"":0,""ccReduction"":0,""cooldownReduction"":0,""health"":503,""healthM'"
200,"b'ax"":658,""healthRegen"":15,""lifesteal"":0,""magicPen"":0,""magicPenPercent"":0,""magicResist"":32,""movementSpeed"":350,""omnivamp"":0,""physi'"
201,"b'calVamp"":0,""power"":308,""powerMax"":327,""powerRegen"":21,""spellVamp"":0},""currentGold"":122,""damageStats"":{""magicDamageDone"":12,""magi'"
202,"b'cDamageDoneToChampions"":12,""magicDamageTaken"":42,""physicalDamageDone"":653,""physicalDamageDoneToChampions"":404,""physicalDamageTak'"
203,"b'en"":198,""totalDamageDone"":1402,""totalDamageDoneToChampions"":417,""totalDamageTaken"":245,""trueDamageDone"":736,""trueDamageDoneToCha'"
204,"b'mpions"":0,""trueDamageTaken"":3},""goldPerSecond"":0,""jungleMinionsKilled"":2,""level"":1,""minionsKilled"":0,""participantId"":2,""position'"
205,"b'"":{""x"":7425,""y"":8529},""timeEnemySpentControlled"":2096,""totalGold"":572,""xp"":278},""3"":{""championStats"":{""abilityHaste"":0,""abilityP'"
206,"b'ower"":9,""armor"":21,""armorPen"":0,""armorPenPercent"":0,""attackDamage"":48,""attackSpeed"":110,""bonusArmorPenPercent"":0,""bonusMagicPenP'"
207,"b'ercent"":0,""ccReduction"":0,""cooldownReduction"":0,""health"":475,""healthMax"":625,""healthRegen"":15,""lifesteal"":0,""magicPen"":0,""magicP'"
208,"b'enPercent"":0,""magicResist"":30,""movementSpeed"":340,""omnivamp"":0,""physicalVamp"":0,""power"":445,""powerMax"":500,""powerRegen"":14,""spel'"
209,"b'lVamp"":0},""currentGold"":29,""damageStats"":{""magicDamageDone"":870,""magicDamageDoneToChampions"":320,""magicDamageTaken"":408,""physica'"
210,"b'lDamageDone"":455,""physicalDamageDoneToChampions"":455,""physicalDamageTaken"":296,""totalDamageDone"":1326,""totalDamageDoneToChampion'"
211,"b's"":775,""totalDamageTaken"":723,""trueDamageDone"":0,""trueDamageDoneToChampions"":0,""trueDamageTaken"":18},""goldPerSecond"":0,""jungleMi'"
212,"b'nionsKilled"":0,""level"":1,""minionsKilled"":0,""participantId"":3,""position"":{""x"":7671,""y"":7382},""timeEnemySpentControlled"":0,""totalG'"
213,"b'old"":529,""xp"":28},""4"":{""championStats"":{""abilityHaste"":0,""abilityPower"":0,""armor"":34,""armorPen"":0,""armorPenPercent"":0,""attackDam'"
214,"b'age"":72,""attackSpeed"":110,""bonusArmorPenPercent"":0,""bonusMagicPenPercent"":0,""ccReduction"":0,""cooldownReduction"":0,""health"":647,""'"
215,"b'healthMax"":720,""healthRegen"":7,""lifesteal"":0,""magicPen"":0,""magicPenPercent"":0,""magicResist"":30,""movementSpeed"":335,""omnivamp"":2,'"
216,"b'""physicalVamp"":0,""power"":294,""powerMax"":345,""powerRegen"":16,""spellVamp"":0},""currentGold"":84,""damageStats"":{""magicDamageDone"":76,'"
217,"b'""magicDamageDoneToChampions"":76,""magicDamageTaken"":68,""physicalDamageDone"":785,""physicalDamageDoneToChampions"":364,""physicalDama'"
218,"b'geTaken"":116,""totalDamageDone"":861,""totalDamageDoneToChampions"":441,""totalDamageTaken"":184,""trueDamageDone"":0,""trueDamageDoneToC'"
219,"b'hampions"":0,""trueDamageTaken"":0},""goldPerSecond"":0,""jungleMinionsKilled"":0,""level"":1,""minionsKilled"":3,""participantId"":4,""positi'"
220,"b'on"":{""x"":12648,""y"":2554},""timeEnemySpentControlled"":0,""totalGold"":584,""xp"":113},""5"":{""championStats"":{""abilityHaste"":0,""abilityP'"
221,"b'ower"":5,""armor"":48,""armorPen"":0,""armorPenPercent"":0,""attackDamage"":55,""attackSpeed"":100,""bonusArmorPenPercent"":0,""bonusMagicPenP'"
222,"b'ercent"":0,""ccReduction"":6,""cooldownReduction"":0,""health"":609,""healthMax"":640,""healthRegen"":22,""lifesteal"":0,""magicPen"":0,""magicP'"
223,"b'enPercent"":0,""magicResist"":30,""movementSpeed"":330,""omnivamp"":0,""physicalVamp"":0,""power"":344,""powerMax"":350,""powerRegen"":12,""spel'"
224,"b'lVamp"":0},""currentGold"":23,""damageStats"":{""magicDamageDone"":48,""magicDamageDoneToChampions"":48,""magicDamageTaken"":12,""physicalDa'"
225,"b'mageDone"":85,""physicalDamageDoneToChampions"":85,""physicalDamageTaken"":136,""totalDamageDone"":196,""totalDamageDoneToChampions"":196'"
226,"b',""totalDamageTaken"":149,""trueDamageDone"":62,""trueDamageDoneToChampions"":62,""trueDamageTaken"":0},""goldPerSecond"":20,""jungleMinion'"
227,"b'sKilled"":0,""level"":1,""minionsKilled"":0,""participantId"":5,""position"":{""x"":13488,""y"":2774},""timeEnemySpentControlled"":6504,""totalG'"
228,"b'old"":523,""xp"":113},""6"":{""championStats"":{""abilityHaste"":0,""abilityPower"":0,""armor"":39,""armorPen"":0,""armorPenPercent"":0,""attackDa'"
229,"b'mage"":82,""attackSpeed"":100,""bonusArmorPenPercent"":0,""bonusMagicPenPercent"":0,""ccReduction"":5,""cooldownReduction"":0,""health"":710,'"
230,"b'""healthMax"":710,""healthRegen"":17,""lifesteal"":0,""magicPen"":0,""magicPenPercent"":0,""magicResist"":32,""movementSpeed"":340,""omnivamp"":'"
231,"b'2,""physicalVamp"":0,""power"":0,""powerMax"":0,""powerRegen"":0,""spellVamp"":0},""currentGold"":42,""damageStats"":{""magicDamageDone"":0,""mag'"
232,"b'icDamageDoneToChampions"":0,""magicDamageTaken"":0,""physicalDamageDone"":291,""physicalDamageDoneToChampions"":43,""physicalDamageTaken'"
233,"b'"":0,""totalDamageDone"":291,""totalDamageDoneToChampions"":43,""totalDamageTaken"":0,""trueDamageDone"":0,""trueDamageDoneToChampions"":0,'"
234,"b'""trueDamageTaken"":0},""goldPerSecond"":0,""jungleMinionsKilled"":0,""level"":1,""minionsKilled"":1,""participantId"":6,""position"":{""x"":296'"
235,"b'2,""y"":13016},""timeEnemySpentControlled"":497,""totalGold"":542,""xp"":61},""7"":{""championStats"":{""abilityHaste"":0,""abilityPower"":0,""ar'"
236,"b'mor"":44,""armorPen"":0,""armorPenPercent"":0,""attackDamage"":87,""attackSpeed"":110,""bonusArmorPenPercent"":0,""bonusMagicPenPercent"":0,""'"
237,"b'ccReduction"":5,""cooldownReduction"":0,""health"":283,""healthMax"":655,""healthRegen"":14,""lifesteal"":0,""magicPen"":0,""magicPenPercent"":'"
238,"b'0,""magicResist"":32,""movementSpeed"":396,""omnivamp"":0,""physicalVamp"":0,""power"":215,""powerMax"":275,""powerRegen"":37,""spellVamp"":0},""'"
239,"b'currentGold"":37,""damageStats"":{""magicDamageDone"":0,""magicDamageDoneToChampions"":0,""magicDamageTaken"":185,""physicalDamageDone"":29'"
240,"b'75,""physicalDamageDoneToChampions"":110,""physicalDamageTaken"":730,""totalDamageDone"":4173,""totalDamageDoneToChampions"":110,""totalD'"
241,"b'amageTaken"":916,""trueDamageDone"":1197,""trueDamageDoneToChampions"":0,""trueDamageTaken"":0},""goldPerSecond"":0,""jungleMinionsKilled""'"
242,"b':0,""level"":1,""minionsKilled"":0,""participantId"":7,""position"":{""x"":7579,""y"":9681},""timeEnemySpentControlled"":0,""totalGold"":537,""xp'"
243,"b'"":70},""8"":{""championStats"":{""abilityHaste"":0,""abilityPower"":18,""armor"":27,""armorPen"":0,""armorPenPercent"":0,""attackDamage"":61,""at'"
244,"b'tackSpeed"":100,""bonusArmorPenPercent"":0,""bonusMagicPenPercent"":0,""ccReduction"":0,""cooldownReduction"":0,""health"":364,""healthMax"":'"
245,"b'658,""healthRegen"":151,""lifesteal"":0,""magicPen"":0,""magicPenPercent"":0,""magicResist"":40,""movementSpeed"":340,""omnivamp"":0,""physical'"
246,"b'Vamp"":0,""power"":266,""powerMax"":310,""powerRegen"":16,""spellVamp"":0},""currentGold"":53,""damageStats"":{""magicDamageDone"":451,""magicDa'"
247,"b'mageDoneToChampions"":451,""magicDamageTaken"":146,""physicalDamageDone"":151,""physicalDamageDoneToChampions"":151,""physicalDamageTake'"
248,"b'n"":529,""totalDamageDone"":624,""totalDamageDoneToChampions"":624,""totalDamageTaken"":676,""trueDamageDone"":22,""trueDamageDoneToChampi'"
249,"b'ons"":22,""trueDamageTaken"":0},""goldPerSecond"":0,""jungleMinionsKilled"":0,""level"":1,""minionsKilled"":0,""participantId"":8,""position"":'"
250,"b'{""x"":8247,""y"":8287},""timeEnemySpentControlled"":2165,""totalGold"":553,""xp"":113},""9"":{""championStats"":{""abilityHaste"":0,""abilityPow'"
251,"b'er"":0,""armor"":30,""armorPen"":0,""armorPenPercent"":0,""attackDamage"":66,""attackSpeed"":113,""bonusArmorPenPercent"":0,""bonusMagicPenPer'"
252,"b'cent"":0,""ccReduction"":0,""cooldownReduction"":0,""health"":219,""healthMax"":710,""healthRegen"":6,""lifesteal"":0,""magicPen"":0,""magicPenP'"
253,"b'ercent"":0,""magicResist"":30,""movementSpeed"":335,""omnivamp"":2,""physicalVamp"":0,""power"":250,""powerMax"":250,""powerRegen"":12,""spellVa'"
254,"b'mp"":0},""currentGold"":21,""damageStats"":{""magicDamageDone"":0,""magicDamageDoneToChampions"":0,""magicDamageTaken"":125,""physicalDamage'"
255,"b'Done"":166,""physicalDamageDoneToChampions"":165,""physicalDamageTaken"":450,""totalDamageDone"":166,""totalDamageDoneToChampions"":165,""'"
256,"b'totalDamageTaken"":638,""trueDamageDone"":0,""trueDamageDoneToChampions"":0,""trueDamageTaken"":62},""goldPerSecond"":0,""jungleMinionsKil'"
257,"b'led"":0,""level"":1,""minionsKilled"":0,""participantId"":9,""position"":{""x"":14110,""y"":5008},""timeEnemySpentControlled"":0,""totalGold"":52'"
258,"b'1,""xp"":0},""10"":{""championStats"":{""abilityHaste"":0,""abilityPower"":23,""armor"":36,""armorPen"":0,""armorPenPercent"":0,""attackDamage"":6'"
259,"b'2,""attackSpeed"":100,""bonusArmorPenPercent"":0,""bonusMagicPenPercent"":0,""ccReduction"":0,""cooldownReduction"":0,""health"":640,""health'"
260,"b'Max"":640,""healthRegen"":15,""lifesteal"":0,""magicPen"":0,""magicPenPercent"":0,""magicResist"":32,""movementSpeed"":335,""omnivamp"":0,""phys'"
261,"b'icalVamp"":0,""power"":307,""powerMax"":315,""powerRegen"":17,""spellVamp"":0},""currentGold"":23,""damageStats"":{""magicDamageDone"":80,""magi'"
262,"b'cDamageDoneToChampions"":80,""magicDamageTaken"":0,""physicalDamageDone"":181,""physicalDamageDoneToChampions"":181,""physicalDamageTake'"
263,"b'n"":0,""totalDamageDone"":262,""totalDamageDoneToChampions"":262,""totalDamageTaken"":0,""trueDamageDone"":0,""trueDamageDoneToChampions"":'"
264,"b'0,""trueDamageTaken"":0},""goldPerSecond"":20,""jungleMinionsKilled"":0,""level"":1,""minionsKilled"":0,""participantId"":10,""position"":{""x""'"
265,"b':10903,""y"":4373},""timeEnemySpentControlled"":2412,""totalGold"":523,""xp"":0}},""timestamp"":120019},{""events"":[{""level"":2,""participant'"
266,"b'Id"":7,""timestamp"":120387,""type"":""LEVEL_UP""},{""level"":2,""participantId"":2,""timestamp"":120587,""type"":""LEVEL_UP""},{""creatorId"":2,""t'"
267,"b'imestamp"":121723,""type"":""WARD_PLACED"",""wardType"":""YELLOW_TRINKET""},{""levelUpType"":""NORMAL"",""participantId"":2,""skillSlot"":2,""time'"
268,"b'stamp"":122288,""type"":""SKILL_LEVEL_UP""},{""levelUpType"":""NORMAL"",""participantId"":7,""skillSlot"":3,""timestamp"":122422,""type"":""SKILL_'"
269,"b'LEVEL_UP""},{""level"":2,""participantId"":1,""timestamp"":127666,""type"":""LEVEL_UP""},{""levelUpType"":""NORMAL"",""participantId"":1,""skillSl'"
270,"b'ot"":3,""timestamp"":128498,""type"":""SKILL_LEVEL_UP""},{""assistingParticipantIds"":[8],""bounty"":400,""killStreakLength"":0,""killerId"":7,'"
271,"b'""position"":{""x"":7185,""y"":9115},""shutdownBounty"":0,""timestamp"":128531,""type"":""CHAMPION_KILL"",""victimDamageDealt"":[{""basic"":false,'"
272,"b'""magicDamage"":12,""name"":""Khazix"",""participantId"":7,""physicalDamage"":0,""spellName"":""khazixpassive"",""spellSlot"":63,""trueDamage"":0,'"
273,"b'""type"":""OTHER""},{""basic"":true,""magicDamage"":0,""name"":""Khazix"",""participantId"":7,""physicalDamage"":45,""spellName"":""khazixbasicatta'"
274,"b'ck2"",""spellSlot"":65,""trueDamage"":0,""type"":""OTHER""},{""basic"":true,""magicDamage"":0,""name"":""Khazix"",""participantId"":7,""physicalDama'"
275,"b'ge"":103,""spellName"":""khazixbasicattack"",""spellSlot"":64,""trueDamage"":0,""type"":""OTHER""},{""basic"":false,""magicDamage"":0,""name"":""Kha'"
276,"b'zix"",""participantId"":7,""physicalDamage"":69,""spellName"":""khazixw"",""spellSlot"":1,""trueDamage"":0,""type"":""OTHER""},{""basic"":true,""mag'"
277,"b'icDamage"":0,""name"":""Khazix"",""participantId"":8,""physicalDamage"":57,""spellName"":""khazixbasicattack2"",""spellSlot"":65,""trueDamage"":0'"
278,"b',""type"":""OTHER""},{""basic"":false,""magicDamage"":0,""name"":""Khazix"",""participantId"":8,""physicalDamage"":80,""spellName"":""khazixw"",""spe'"
279,"b'llSlot"":1,""trueDamage"":0,""type"":""OTHER""},{""basic"":false,""magicDamage"":0,""name"":""Khazix"",""participantId"":8,""physicalDamage"":71,""s'"
280,"b'pellName"":""khazixq"",""spellSlot"":0,""trueDamage"":0,""type"":""OTHER""}],""victimDamageReceived"":[{""basic"":false,""magicDamage"":0,""name"":'"
281,"b'""Nocturne"",""participantId"":7,""physicalDamage"":202,""spellName"":""nocturnep"",""spellSlot"":63,""trueDamage"":0,""type"":""OTHER""},{""basic""'"
282,"b':false,""magicDamage"":0,""name"":""Nocturne"",""participantId"":7,""physicalDamage"":54,""spellName"":""nocturneduskbringer"",""spellSlot"":0,""'"
283,"b'trueDamage"":0,""type"":""OTHER""},{""basic"":true,""magicDamage"":0,""name"":""Nocturne"",""participantId"":7,""physicalDamage"":188,""spellName""'"
284,"b':""nocturnebasicattack2"",""spellSlot"":65,""trueDamage"":0,""type"":""OTHER""},{""basic"":false,""magicDamage"":62,""name"":""Nocturne"",""partici'"
285,"b'pantId"":7,""physicalDamage"":0,""spellName"":""nocturneunspeakablehorror"",""spellSlot"":2,""trueDamage"":0,""type"":""OTHER""},{""basic"":false'"
286,"b',""magicDamage"":167,""name"":""Sylas"",""participantId"":8,""physicalDamage"":0,""spellName"":""sylaspassive"",""spellSlot"":63,""trueDamage"":3,'"
287,"b'""type"":""OTHER""},{""basic"":false,""magicDamage"":73,""name"":""Sylas"",""participantId"":8,""physicalDamage"":0,""spellName"":""sylase2"",""spell'"
288,"b'Slot"":2,""trueDamage"":0,""type"":""OTHER""},{""basic"":true,""magicDamage"":0,""name"":""Sylas"",""participantId"":8,""physicalDamage"":43,""spell'"
289,"b'Name"":""sylasbasicattack"",""spellSlot"":64,""trueDamage"":0,""type"":""OTHER""},{""basic"":true,""magicDamage"":0,""name"":""SRU_ChaosMinionRang'"
290,"b'ed"",""participantId"":0,""physicalDamage"":43,""spellName"":""sru_chaosminionrangedbasicattack2"",""spellSlot"":65,""trueDamage"":0,""type"":""'"
291,"b'MINION""},{""basic"":true,""magicDamage"":0,""name"":""SRU_ChaosMinionRanged"",""participantId"":0,""physicalDamage"":35,""spellName"":""sru_cha'"
292,"b'osminionmeleebasicattack"",""spellSlot"":64,""trueDamage"":0,""type"":""MINION""},{""basic"":true,""magicDamage"":0,""name"":""SRU_ChaosMinionRa'"
293,"b'nged"",""participantId"":0,""physicalDamage"":61,""spellName"":""sru_chaosminionrangedbasicattack"",""spellSlot"":64,""trueDamage"":0,""type"":'"
294,"b'""MINION""}],""victimId"":2},{""killType"":""KILL_FIRST_BLOOD"",""killerId"":7,""position"":{""x"":7119,""y"":8988},""timestamp"":128531,""type"":""C'"
295,"b'HAMPION_SPECIAL_KILL""},{""creatorId"":10,""timestamp"":132872,""type"":""WARD_PLACED"",""wardType"":""YELLOW_TRINKET""},{""bounty"":300,""killS'"
296,"b'treakLength"":1,""killerId"":7,""position"":{""x"":7801,""y"":8306},""shutdownBounty"":0,""timestamp"":132939,""type"":""CHAMPION_KILL"",""victimD'"
297,"b'amageDealt"":[{""basic"":true,""magicDamage"":0,""name"":""Neeko"",""participantId"":7,""physicalDamage"":65,""spellName"":""neekobasicattack"",""'"
298,"b'spellSlot"":64,""trueDamage"":0,""type"":""OTHER""},{""basic"":false,""magicDamage"":26,""name"":""Neeko"",""participantId"":7,""physicalDamage"":0'"
299,"b',""spellName"":""itemdarkcrystalflask"",""spellSlot"":6,""trueDamage"":0,""type"":""OTHER""},{""basic"":true,""magicDamage"":0,""name"":""Neeko"",""p'"
300,"b'articipantId"":7,""physicalDamage"":199,""spellName"":""kaisabasicattack"",""spellSlot"":64,""trueDamage"":0,""type"":""OTHER""},{""basic"":false'"
301,"b',""magicDamage"":48,""name"":""Neeko"",""participantId"":7,""physicalDamage"":0,""spellName"":"""",""spellSlot"":-1,""trueDamage"":0,""type"":""OTHER'"
302,"b'""},{""basic"":false,""magicDamage"":183,""name"":""Neeko"",""participantId"":7,""physicalDamage"":0,""spellName"":""neekoq"",""spellSlot"":0,""true'"
303,"b'Damage"":0,""type"":""OTHER""},{""basic"":false,""magicDamage"":7,""name"":""Neeko"",""participantId"":8,""physicalDamage"":0,""spellName"":"""",""spe'"
304,"b'llSlot"":-1,""trueDamage"":0,""type"":""OTHER""},{""basic"":false,""magicDamage"":17,""name"":""Neeko"",""participantId"":8,""physicalDamage"":0,""s'"
305,"b'pellName"":""itemdarkcrystalflask"",""spellSlot"":6,""trueDamage"":0,""type"":""OTHER""},{""basic"":true,""magicDamage"":0,""name"":""Neeko"",""part'"
306,"b'icipantId"":8,""physicalDamage"":75,""spellName"":""neekobasicattack"",""spellSlot"":64,""trueDamage"":0,""type"":""OTHER""}],""victimDamageRece'"
307,"b'ived"":[{""basic"":true,""magicDamage"":0,""name"":""SRU_ChaosMinionMelee"",""participantId"":0,""physicalDamage"":9,""spellName"":""sru_chaosmi'"
308,"b'nionrangedbasicattack"",""spellSlot"":64,""trueDamage"":0,""type"":""MINION""},{""basic"":true,""magicDamage"":0,""name"":""SRU_ChaosMinionMelee'"
309,"b'"",""participantId"":0,""physicalDamage"":14,""spellName"":""sru_chaosminionmeleebasicattack"",""spellSlot"":64,""trueDamage"":0,""type"":""MINI'"
310,"b'ON""},{""basic"":true,""magicDamage"":0,""name"":""SRU_ChaosMinionMelee"",""participantId"":0,""physicalDamage"":29,""spellName"":""sru_chaosmin'"
311,"b'ionrangedbasicattack2"",""spellSlot"":65,""trueDamage"":0,""type"":""MINION""},{""basic"":false,""magicDamage"":0,""name"":""Nocturne"",""particip'"
312,"b'antId"":7,""physicalDamage"":57,""spellName"":""nocturneduskbringer"",""spellSlot"":0,""trueDamage"":0,""type"":""OTHER""},{""basic"":false,""magi'"
313,"b'cDamage"":0,""name"":""Nocturne"",""participantId"":7,""physicalDamage"":185,""spellName"":""nocturnep"",""spellSlot"":63,""trueDamage"":0,""type""'"
314,"b':""OTHER""},{""basic"":true,""magicDamage"":0,""name"":""Nocturne"",""participantId"":7,""physicalDamage"":311,""spellName"":""nocturnebasicattac'"
315,"b'k"",""spellSlot"":64,""trueDamage"":0,""type"":""OTHER""}],""victimId"":3},{""killType"":""KILL_MULTI"",""killerId"":7,""multiKillLength"":2,""posit'"
316,"b'ion"":{""x"":7725,""y"":8251},""timestamp"":132939,""type"":""CHAMPION_SPECIAL_KILL""},{""level"":2,""participantId"":4,""timestamp"":134677,""typ'"
317,"b'e"":""LEVEL_UP""},{""levelUpType"":""NORMAL"",""participantId"":4,""skillSlot"":2,""timestamp"":135509,""type"":""SKILL_LEVEL_UP""},{""itemId"":200'"
318,"b'3,""participantId"":10,""timestamp"":139180,""type"":""ITEM_DESTROYED""},{""level"":2,""participantId"":8,""timestamp"":143050,""type"":""LEVEL_U'"
319,"b'P""},{""itemId"":2055,""participantId"":3,""timestamp"":143083,""type"":""ITEM_PURCHASED""},{""level"":2,""participantId"":5,""timestamp"":143283'"
320,"b',""type"":""LEVEL_UP""},{""levelUpType"":""NORMAL"",""participantId"":5,""skillSlot"":1,""timestamp"":144018,""type"":""SKILL_LEVEL_UP""},{""levelU'"
321,"b'pType"":""NORMAL"",""participantId"":8,""skillSlot"":1,""timestamp"":144922,""type"":""SKILL_LEVEL_UP""},{""level"":2,""participantId"":6,""timest'"
322,"b'amp"":147190,""type"":""LEVEL_UP""},{""levelUpType"":""NORMAL"",""participantId"":6,""skillSlot"":3,""timestamp"":148292,""type"":""SKILL_LEVEL_UP'"
323,"b'""},{""level"":2,""participantId"":3,""timestamp"":155761,""type"":""LEVEL_UP""},{""levelUpType"":""NORMAL"",""participantId"":3,""skillSlot"":2,""t'"
324,"b'imestamp"":156765,""type"":""SKILL_LEVEL_UP""},{""level"":3,""participantId"":1,""timestamp"":159867,""type"":""LEVEL_UP""},{""level"":3,""partici'"
325,"b'pantId"":8,""timestamp"":161101,""type"":""LEVEL_UP""},{""levelUpType"":""NORMAL"",""participantId"":1,""skillSlot"":2,""timestamp"":162869,""type'"
326,"b'"":""SKILL_LEVEL_UP""},{""levelUpType"":""NORMAL"",""participantId"":8,""skillSlot"":1,""timestamp"":166913,""type"":""SKILL_LEVEL_UP""},{""level""'"
327,"b':2,""participantId"":10,""timestamp"":169152,""type"":""LEVEL_UP""},{""level"":3,""participantId"":6,""timestamp"":170982,""type"":""LEVEL_UP""},{'"
328,"b'""levelUpType"":""NORMAL"",""participantId"":6,""skillSlot"":2,""timestamp"":172649,""type"":""SKILL_LEVEL_UP""},{""levelUpType"":""NORMAL"",""part'"
329,"b'icipantId"":10,""skillSlot"":1,""timestamp"":178196,""type"":""SKILL_LEVEL_UP""},{""itemId"":1036,""participantId"":4,""timestamp"":179228,""typ'"
330,"b'e"":""ITEM_PURCHASED""},{""creatorId"":1,""timestamp"":179562,""type"":""WARD_PLACED"",""wardType"":""YELLOW_TRINKET""},{""level"":2,""participant'"
331,"b'Id"":9,""timestamp"":179562,""type"":""LEVEL_UP""},{""itemId"":2055,""participantId"":4,""timestamp"":179661,""type"":""ITEM_PURCHASED""}],""parti'"
332,"b'cipantFrames"":{""1"":{""championStats"":{""abilityHaste"":0,""abilityPower"":0,""armor"":53,""armorPen"":0,""armorPenPercent"":0,""attackDamage'"
333,"b'"":86,""attackSpeed"":105,""bonusArmorPenPercent"":0,""bonusMagicPenPercent"":0,""ccReduction"":0,""cooldownReduction"":0,""health"":927,""hea'"
334,"b'lthMax"":927,""healthRegen"":60,""lifesteal"":0,""magicPen"":0,""magicPenPercent"":0,""magicResist"":37,""movementSpeed"":343,""omnivamp"":0,""p'"
335,"b'hysicalVamp"":0,""power"":0,""powerMax"":0,""powerRegen"":0,""spellVamp"":0},""currentGold"":467,""damageStats"":{""magicDamageDone"":0,""magicD'"
336,"b'amageDoneToChampions"":0,""magicDamageTaken"":0,""physicalDamageDone"":2982,""physicalDamageDoneToChampions"":35,""physicalDamageTaken"":'"
337,"b'24,""totalDamageDone"":5942,""totalDamageDoneToChampions"":35,""totalDamageTaken"":24,""trueDamageDone"":2960,""trueDamageDoneToChampions'"
338,"b'"":0,""trueDamageTaken"":0},""goldPerSecond"":0,""jungleMinionsKilled"":0,""level"":3,""minionsKilled"":16,""participantId"":1,""position"":{""x'"
339,"b'"":5776,""y"":11437},""timeEnemySpentControlled"":3169,""totalGold"":967,""xp"":924},""2"":{""championStats"":{""abilityHaste"":0,""abilityPower'"
340,"b'"":0,""armor"":39,""armorPen"":0,""armorPenPercent"":0,""attackDamage"":67,""attackSpeed"":114,""bonusArmorPenPercent"":0,""bonusMagicPenPerce'"
341,"b'nt"":0,""ccReduction"":0,""cooldownReduction"":0,""health"":555,""healthMax"":736,""healthRegen"":16,""lifesteal"":0,""magicPen"":0,""magicPenPe'"
342,"b'rcent"":0,""magicResist"":33,""movementSpeed"":350,""omnivamp"":0,""physicalVamp"":0,""power"":223,""powerMax"":355,""powerRegen"":59,""spellVam'"
343,"b'p"":0},""currentGold"":344,""damageStats"":{""magicDamageDone"":12,""magicDamageDoneToChampions"":12,""magicDamageTaken"":916,""physicalDama'"
344,"b'geDone"":3254,""physicalDamageDoneToChampions"":740,""physicalDamageTaken"":749,""totalDamageDone"":4490,""totalDamageDoneToChampions"":7'"
345,"b'52,""totalDamageTaken"":1669,""trueDamageDone"":1223,""trueDamageDoneToChampions"":0,""trueDamageTaken"":3},""goldPerSecond"":0,""jungleMin'"
346,"b'ionsKilled"":6,""level"":2,""minionsKilled"":0,""participantId"":2,""position"":{""x"":3480,""y"":7856},""timeEnemySpentControlled"":2096,""tota'"
347,"b'lGold"":794,""xp"":512},""3"":{""championStats"":{""abilityHaste"":0,""abilityPower"":9,""armor"":24,""armorPen"":0,""armorPenPercent"":0,""attack'"
348,"b'Damage"":49,""attackSpeed"":112,""bonusArmorPenPercent"":0,""bonusMagicPenPercent"":0,""ccReduction"":0,""cooldownReduction"":0,""health"":63'"
349,"b'5,""healthMax"":707,""healthRegen"":16,""lifesteal"":0,""magicPen"":0,""magicPenPercent"":0,""magicResist"":30,""movementSpeed"":340,""omnivamp'"
350,"b'"":0,""physicalVamp"":0,""power"":441,""powerMax"":571,""powerRegen"":15,""spellVamp"":0},""currentGold"":216,""damageStats"":{""magicDamageDone'"
351,"b'"":2758,""magicDamageDoneToChampions"":654,""magicDamageTaken"":459,""physicalDamageDone"":1065,""physicalDamageDoneToChampions"":675,""ph'"
352,"b'ysicalDamageTaken"":934,""totalDamageDone"":3823,""totalDamageDoneToChampions"":1330,""totalDamageTaken"":1412,""trueDamageDone"":0,""true'"
353,"b'DamageDoneToChampions"":0,""trueDamageTaken"":18},""goldPerSecond"":0,""jungleMinionsKilled"":0,""level"":2,""minionsKilled"":8,""participan'"
354,"b'tId"":3,""position"":{""x"":7399,""y"":7167},""timeEnemySpentControlled"":4070,""totalGold"":791,""xp"":536},""4"":{""championStats"":{""abilityHa'"
355,"b'ste"":0,""abilityPower"":0,""armor"":37,""armorPen"":0,""armorPenPercent"":0,""attackDamage"":84,""attackSpeed"":111,""bonusArmorPenPercent"":0'"
356,"b',""bonusMagicPenPercent"":0,""ccReduction"":0,""cooldownReduction"":0,""health"":793,""healthMax"":793,""healthRegen"":7,""lifesteal"":0,""magi'"
357,"b'cPen"":0,""magicPenPercent"":0,""magicResist"":30,""movementSpeed"":335,""omnivamp"":2,""physicalVamp"":0,""power"":349,""powerMax"":373,""power'"
358,"b'Regen"":17,""spellVamp"":0},""currentGold"":93,""damageStats"":{""magicDamageDone"":404,""magicDamageDoneToChampions"":293,""magicDamageTake'"
359,"b'n"":68,""physicalDamageDone"":2844,""physicalDamageDoneToChampions"":370,""physicalDamageTaken"":166,""totalDamageDone"":3248,""totalDamag'"
360,"b'eDoneToChampions"":663,""totalDamageTaken"":234,""trueDamageDone"":0,""trueDamageDoneToChampions"":0,""trueDamageTaken"":0},""goldPerSecon'"
361,"b'd"":0,""jungleMinionsKilled"":0,""level"":2,""minionsKilled"":19,""participantId"":4,""position"":{""x"":1241,""y"":629},""timeEnemySpentControl'"
362,"b'led"":0,""totalGold"":1018,""xp"":588},""5"":{""championStats"":{""abilityHaste"":0,""abilityPower"":5,""armor"":58,""armorPen"":0,""armorPenPerce'"
363,"b'nt"":0,""attackDamage"":57,""attackSpeed"":131,""bonusArmorPenPercent"":0,""bonusMagicPenPercent"":0,""ccReduction"":5,""cooldownReduction"":'"
364,"b'0,""health"":714,""healthMax"":714,""healthRegen"":24,""lifesteal"":0,""magicPen"":0,""magicPenPercent"":0,""magicResist"":36,""movementSpeed"":'"
365,"b'297,""omnivamp"":0,""physicalVamp"":0,""power"":261,""powerMax"":382,""powerRegen"":12,""spellVamp"":0},""currentGold"":259,""damageStats"":{""ma'"
366,"b'gicDamageDone"":143,""magicDamageDoneToChampions"":143,""magicDamageTaken"":12,""physicalDamageDone"":421,""physicalDamageDoneToChampion'"
367,"b's"":249,""physicalDamageTaken"":156,""totalDamageDone"":1292,""totalDamageDoneToChampions"":455,""totalDamageTaken"":169,""trueDamageDone""'"
368,"b':727,""trueDamageDoneToChampions"":62,""trueDamageTaken"":0},""goldPerSecond"":20,""jungleMinionsKilled"":0,""level"":2,""minionsKilled"":3,'"
369,"b'""participantId"":5,""position"":{""x"":12210,""y"":2776},""timeEnemySpentControlled"":10645,""totalGold"":759,""xp"":526},""6"":{""championStats'"
370,"b'"":{""abilityHaste"":0,""abilityPower"":0,""armor"":45,""armorPen"":0,""armorPenPercent"":0,""attackDamage"":87,""attackSpeed"":105,""bonusArmor'"
371,"b'PenPercent"":0,""bonusMagicPenPercent"":0,""ccReduction"":5,""cooldownReduction"":0,""health"":821,""healthMax"":857,""healthRegen"":18,""life'"
372,"b'steal"":0,""magicPen"":0,""magicPenPercent"":0,""magicResist"":35,""movementSpeed"":340,""omnivamp"":2,""physicalVamp"":0,""power"":0,""powerMax'"
373,"b'"":0,""powerRegen"":0,""spellVamp"":0},""currentGold"":364,""damageStats"":{""magicDamageDone"":0,""magicDamageDoneToChampions"":0,""magicDama'"
374,"b'geTaken"":0,""physicalDamageDone"":1294,""physicalDamageDoneToChampions"":43,""physicalDamageTaken"":81,""totalDamageDone"":1294,""totalDa'"
375,"b'mageDoneToChampions"":43,""totalDamageTaken"":81,""trueDamageDone"":0,""trueDamageDoneToChampions"":0,""trueDamageTaken"":0},""goldPerSeco'"
376,"b'nd"":0,""jungleMinionsKilled"":0,""level"":3,""minionsKilled"":10,""participantId"":6,""position"":{""x"":3929,""y"":13536},""timeEnemySpentCont'"
377,"b'rolled"":497,""totalGold"":864,""xp"":802},""7"":{""championStats"":{""abilityHaste"":0,""abilityPower"":0,""armor"":47,""armorPen"":0,""armorPenP'"
378,"b'ercent"":0,""attackDamage"":91,""attackSpeed"":111,""bonusArmorPenPercent"":0,""bonusMagicPenPercent"":0,""ccReduction"":7,""cooldownReducti'"
379,"b'on"":0,""health"":207,""healthMax"":733,""healthRegen"":22,""lifesteal"":0,""magicPen"":0,""magicPenPercent"":0,""magicResist"":33,""movementSpe'"
380,"b'ed"":396,""omnivamp"":0,""physicalVamp"":0,""power"":121,""powerMax"":300,""powerRegen"":84,""spellVamp"":0},""currentGold"":1044,""damageStats""'"
381,"b':{""magicDamageDone"":222,""magicDamageDoneToChampions"":62,""magicDamageTaken"":289,""physicalDamageDone"":6944,""physicalDamageDoneToCh'"
382,"b'ampions"":1050,""physicalDamageTaken"":1652,""totalDamageDone"":9805,""totalDamageDoneToChampions"":1112,""totalDamageTaken"":1942,""trueD'"
383,"b'amageDone"":2638,""trueDamageDoneToChampions"":0,""trueDamageTaken"":0},""goldPerSecond"":0,""jungleMinionsKilled"":6,""level"":2,""minionsK'"
384,"b'illed"":0,""participantId"":7,""position"":{""x"":6877,""y"":12711},""timeEnemySpentControlled"":8001,""totalGold"":1544,""xp"":572},""8"":{""cham'"
385,"b'pionStats"":{""abilityHaste"":0,""abilityPower"":18,""armor"":34,""armorPen"":0,""armorPenPercent"":0,""attackDamage"":65,""attackSpeed"":105,""'"
386,"b'bonusArmorPenPercent"":0,""bonusMagicPenPercent"":0,""ccReduction"":0,""cooldownReduction"":0,""health"":359,""healthMax"":854,""healthRegen'"
387,"b'"":90,""lifesteal"":0,""magicPen"":0,""magicPenPercent"":0,""magicResist"":43,""movementSpeed"":340,""omnivamp"":0,""physicalVamp"":0,""power"":1'"
388,"b'12,""powerMax"":413,""powerRegen"":18,""spellVamp"":0},""currentGold"":620,""damageStats"":{""magicDamageDone"":2636,""magicDamageDoneToChamp'"
389,"b'ions"":701,""magicDamageTaken"":377,""physicalDamageDone"":624,""physicalDamageDoneToChampions"":195,""physicalDamageTaken"":926,""totalDa'"
390,"b'mageDone"":3283,""totalDamageDoneToChampions"":918,""totalDamageTaken"":1303,""trueDamageDone"":22,""trueDamageDoneToChampions"":22,""true'"
391,"b'DamageTaken"":0},""goldPerSecond"":0,""jungleMinionsKilled"":0,""level"":3,""minionsKilled"":16,""participantId"":8,""position"":{""x"":7766,""y'"
392,"b'"":7870},""timeEnemySpentControlled"":21445,""totalGold"":1120,""xp"":868},""9"":{""championStats"":{""abilityHaste"":0,""abilityPower"":0,""arm'"
393,"b'or"":33,""armorPen"":0,""armorPenPercent"":0,""attackDamage"":67,""attackSpeed"":114,""bonusArmorPenPercent"":0,""bonusMagicPenPercent"":0,""c'"
394,"b'cReduction"":0,""cooldownReduction"":0,""health"":610,""healthMax"":789,""healthRegen"":7,""lifesteal"":0,""magicPen"":0,""magicPenPercent"":0,'"
395,"b'""magicResist"":30,""movementSpeed"":266,""omnivamp"":2,""physicalVamp"":0,""power"":282,""powerMax"":282,""powerRegen"":13,""spellVamp"":0},""cu'"
396,"b'rrentGold"":322,""damageStats"":{""magicDamageDone"":102,""magicDamageDoneToChampions"":0,""magicDamageTaken"":233,""physicalDamageDone"":4'"
397,"b'90,""physicalDamageDoneToChampions"":165,""physicalDamageTaken"":468,""totalDamageDone"":659,""totalDamageDoneToChampions"":165,""totalDa'"
398,"b'mageTaken"":764,""trueDamageDone"":65,""trueDamageDoneToChampions"":0,""trueDamageTaken"":62},""goldPerSecond"":0,""jungleMinionsKilled"":0'"
399,"b',""level"":2,""minionsKilled"":8,""participantId"":9,""position"":{""x"":13428,""y"":3842},""timeEnemySpentControlled"":0,""totalGold"":822,""xp""'"
400,"b':282},""10"":{""championStats"":{""abilityHaste"":0,""abilityPower"":23,""armor"":38,""armorPen"":0,""armorPenPercent"":0,""attackDamage"":64,""a'"
401,"b'ttackSpeed"":102,""bonusArmorPenPercent"":0,""bonusMagicPenPercent"":0,""ccReduction"":0,""cooldownReduction"":0,""health"":555,""healthMax""'"
402,"b':714,""healthRegen"":25,""lifesteal"":0,""magicPen"":0,""magicPenPercent"":0,""magicResist"":32,""movementSpeed"":266,""omnivamp"":0,""physical'"
403,"b'Vamp"":0,""power"":296,""powerMax"":351,""powerRegen"":18,""spellVamp"":0},""currentGold"":259,""damageStats"":{""magicDamageDone"":80,""magicDa'"
404,"b'mageDoneToChampions"":80,""magicDamageTaken"":203,""physicalDamageDone"":563,""physicalDamageDoneToChampions"":181,""physicalDamageTaken'"
405,"b'"":169,""totalDamageDone"":1525,""totalDamageDoneToChampions"":262,""totalDamageTaken"":373,""trueDamageDone"":881,""trueDamageDoneToChamp'"
406,"b'ions"":0,""trueDamageTaken"":0},""goldPerSecond"":20,""jungleMinionsKilled"":0,""level"":2,""minionsKilled"":3,""participantId"":10,""position'"
407,"b'"":{""x"":13083,""y"":3388},""timeEnemySpentControlled"":2412,""totalGold"":759,""xp"":498}},""timestamp"":180029},{""events"":[{""itemId"":2403,'"
408,"b'""participantId"":8,""timestamp"":180413,""type"":""ITEM_DESTROYED""},{""level"":3,""participantId"":7,""timestamp"":187118,""type"":""LEVEL_UP""}'"
409,"b',{""levelUpType"":""NORMAL"",""participantId"":7,""skillSlot"":2,""timestamp"":188055,""type"":""SKILL_LEVEL_UP""},{""level"":3,""participantId"":'"
410,"b'2,""timestamp"":192594,""type"":""LEVEL_UP""},{""levelUpType"":""NORMAL"",""participantId"":2,""skillSlot"":3,""timestamp"":193323,""type"":""SKILL'"
411,"b'_LEVEL_UP""},{""levelUpType"":""NORMAL"",""participantId"":9,""skillSlot"":3,""timestamp"":194524,""type"":""SKILL_LEVEL_UP""},{""creatorId"":3,""'"
412,"b'timestamp"":196632,""type"":""WARD_PLACED"",""wardType"":""YELLOW_TRINKET""},{""level"":3,""participantId"":3,""timestamp"":198404,""type"":""LEVE'"
413,"b'L_UP""},{""levelUpType"":""NORMAL"",""participantId"":3,""skillSlot"":3,""timestamp"":199141,""type"":""SKILL_LEVEL_UP""},{""level"":4,""participa'"
414,"b'ntId"":6,""timestamp"":200343,""type"":""LEVEL_UP""},{""itemId"":2403,""participantId"":8,""timestamp"":200443,""type"":""ITEM_DESTROYED""},{""lev'"
415,"b'elUpType"":""NORMAL"",""participantId"":6,""skillSlot"":1,""timestamp"":201311,""type"":""SKILL_LEVEL_UP""},{""itemId"":6029,""participantId"":7,'"
416,"b'""timestamp"":202883,""type"":""ITEM_PURCHASED""},{""itemId"":2055,""participantId"":7,""timestamp"":204219,""type"":""ITEM_PURCHASED""},{""level'"
417,"b'"":3,""participantId"":10,""timestamp"":210016,""type"":""LEVEL_UP""},{""levelUpType"":""NORMAL"",""participantId"":10,""skillSlot"":3,""timestamp'"
418,"b'"":210814,""type"":""SKILL_LEVEL_UP""},{""level"":4,""participantId"":1,""timestamp"":214515,""type"":""LEVEL_UP""},{""levelUpType"":""NORMAL"",""pa'"
419,"b'rticipantId"":1,""skillSlot"":3,""timestamp"":215353,""type"":""SKILL_LEVEL_UP""},{""level"":3,""participantId"":4,""timestamp"":217646,""type"":'"
420,"b'""LEVEL_UP""},{""level"":3,""participantId"":5,""timestamp"":217646,""type"":""LEVEL_UP""},{""levelUpType"":""NORMAL"",""participantId"":5,""skillS'"
421,"b'lot"":3,""timestamp"":218277,""type"":""SKILL_LEVEL_UP""},{""itemId"":2003,""participantId"":1,""timestamp"":218443,""type"":""ITEM_DESTROYED""},'"
422,"b'{""levelUpType"":""NORMAL"",""participantId"":4,""skillSlot"":3,""timestamp"":219145,""type"":""SKILL_LEVEL_UP""},{""level"":4,""participantId"":8'"
423,"b',""timestamp"":219145,""type"":""LEVEL_UP""},{""levelUpType"":""NORMAL"",""participantId"":8,""skillSlot"":2,""timestamp"":220014,""type"":""SKILL_'"
424,"b'LEVEL_UP""},{""creatorId"":2,""timestamp"":220281,""type"":""WARD_PLACED"",""wardType"":""YELLOW_TRINKET""},{""itemId"":2403,""participantId"":8,'"
425,"b'""timestamp"":222247,""type"":""ITEM_DESTROYED""},{""creatorId"":8,""timestamp"":233986,""type"":""WARD_PLACED"",""wardType"":""YELLOW_TRINKET""},'"
426,"b'{""assistingParticipantIds"":[8],""bounty"":274,""killStreakLength"":2,""killerId"":7,""position"":{""x"":5846,""y"":6583},""shutdownBounty"":0,'"
427,"b'""timestamp"":237254,""type"":""CHAMPION_KILL"",""victimDamageDealt"":[{""basic"":false,""magicDamage"":90,""name"":""Neeko"",""participantId"":7,'"
428,"b'""physicalDamage"":0,""spellName"":""neekoq"",""spellSlot"":0,""trueDamage"":0,""type"":""OTHER""},{""basic"":false,""magicDamage"":10,""name"":""Nee'"
429,"b'ko"",""participantId"":7,""physicalDamage"":0,""spellName"":"""",""spellSlot"":-1,""trueDamage"":0,""type"":""OTHER""},{""basic"":false,""magicDamag'"
430,"b'e"":3,""name"":""Neeko"",""participantId"":7,""physicalDamage"":0,""spellName"":""itemdarkcrystalflask"",""spellSlot"":6,""trueDamage"":0,""type"":'"
431,"b'""OTHER""},{""basic"":false,""magicDamage"":84,""name"":""Neeko"",""participantId"":8,""physicalDamage"":0,""spellName"":""neekoq"",""spellSlot"":0,'"
432,"b'""trueDamage"":0,""type"":""OTHER""},{""basic"":true,""magicDamage"":0,""name"":""Neeko"",""participantId"":8,""physicalDamage"":37,""spellName"":""n'"
433,"b'eekobasicattack"",""spellSlot"":64,""trueDamage"":0,""type"":""OTHER""},{""basic"":false,""magicDamage"":30,""name"":""Neeko"",""participantId"":8,'"
434,"b'""physicalDamage"":0,""spellName"":""itemdarkcrystalflask"",""spellSlot"":6,""trueDamage"":0,""type"":""OTHER""},{""basic"":false,""magicDamage"":'"
435,"b'60,""name"":""Neeko"",""participantId"":8,""physicalDamage"":0,""spellName"":"""",""spellSlot"":-1,""trueDamage"":0,""type"":""OTHER""},{""basic"":fal'"
436,"b'se,""magicDamage"":52,""name"":""Neeko"",""participantId"":8,""physicalDamage"":0,""spellName"":""neekoe"",""spellSlot"":2,""trueDamage"":0,""type""'"
437,"b':""OTHER""},{""basic"":false,""magicDamage"":62,""name"":""Neeko"",""participantId"":8,""physicalDamage"":0,""spellName"":"""",""spellSlot"":63,""tru'"
438,"b'eDamage"":0,""type"":""OTHER""},{""basic"":true,""magicDamage"":0,""name"":""Neeko"",""participantId"":8,""physicalDamage"":111,""spellName"":"""",""s'"
439,"b'pellSlot"":63,""trueDamage"":0,""type"":""OTHER""}],""victimDamageReceived"":[{""basic"":true,""magicDamage"":0,""name"":""SRU_ChaosMinionMelee""'"
440,"b',""participantId"":0,""physicalDamage"":90,""spellName"":""sru_chaosminionrangedbasicattack"",""spellSlot"":64,""trueDamage"":0,""type"":""MINI'"
441,"b'ON""},{""basic"":true,""magicDamage"":0,""name"":""SRU_ChaosMinionMelee"",""participantId"":0,""physicalDamage"":55,""spellName"":""sru_chaosmin'"
442,"b'ionmeleebasicattack"",""spellSlot"":64,""trueDamage"":0,""type"":""MINION""},{""basic"":true,""magicDamage"":0,""name"":""SRU_ChaosMinionMelee"",'"
443,"b'""participantId"":0,""physicalDamage"":70,""spellName"":""sru_chaosminionrangedbasicattack2"",""spellSlot"":65,""trueDamage"":0,""type"":""MINI'"
444,"b'ON""},{""basic"":false,""magicDamage"":74,""name"":""Sylas"",""participantId"":8,""physicalDamage"":0,""spellName"":""sylase2"",""spellSlot"":2,""tr'"
445,"b'ueDamage"":0,""type"":""OTHER""},{""basic"":false,""magicDamage"":140,""name"":""Sylas"",""participantId"":8,""physicalDamage"":0,""spellName"":""sy'"
446,"b'laspassive"",""spellSlot"":63,""trueDamage"":0,""type"":""OTHER""},{""basic"":false,""magicDamage"":32,""name"":""Nocturne"",""participantId"":7,""p'"
447,"b'hysicalDamage"":0,""spellName"":""nocturneunspeakablehorror"",""spellSlot"":2,""trueDamage"":0,""type"":""OTHER""},{""basic"":false,""magicDamag'"
448,"b'e"":0,""name"":""Nocturne"",""participantId"":7,""physicalDamage"":81,""spellName"":""nocturneduskbringer"",""spellSlot"":0,""trueDamage"":0,""typ'"
449,"b'e"":""OTHER""},{""basic"":false,""magicDamage"":0,""name"":""Nocturne"",""participantId"":7,""physicalDamage"":0,""spellName"":""burning"",""spellSl'"
450,"b'ot"":-1,""trueDamage"":3,""type"":""OTHER""},{""basic"":false,""magicDamage"":0,""name"":""Nocturne"",""participantId"":7,""physicalDamage"":124,""s'"
451,"b'pellName"":""nocturnep"",""spellSlot"":63,""trueDamage"":0,""type"":""OTHER""},{""basic"":true,""magicDamage"":0,""name"":""Nocturne"",""participant'"
452,"b'Id"":7,""physicalDamage"":103,""spellName"":""nocturnebasicattack"",""spellSlot"":64,""trueDamage"":0,""type"":""OTHER""}],""victimId"":3}],""part'"
453,"b'icipantFrames"":{""1"":{""championStats"":{""abilityHaste"":0,""abilityPower"":0,""armor"":58,""armorPen"":0,""armorPenPercent"":0,""attackDamag'"
454,"b'e"":89,""attackSpeed"":108,""bonusArmorPenPercent"":0,""bonusMagicPenPercent"":0,""ccReduction"":0,""cooldownReduction"":0,""health"":427,""he'"
455,"b'althMax"":1021,""healthRegen"":69,""lifesteal"":0,""magicPen"":0,""magicPenPercent"":0,""magicResist"":40,""movementSpeed"":343,""omnivamp"":0,'"
456,"b'""physicalVamp"":0,""power"":0,""powerMax"":0,""powerRegen"":0,""spellVamp"":0},""currentGold"":716,""damageStats"":{""magicDamageDone"":23,""mag'"
457,"b'icDamageDoneToChampions"":23,""magicDamageTaken"":0,""physicalDamageDone"":5304,""physicalDamageDoneToChampions"":395,""physicalDamageTa'"
458,"b'ken"":912,""totalDamageDone"":9928,""totalDamageDoneToChampions"":549,""totalDamageTaken"":1042,""trueDamageDone"":4600,""trueDamageDoneTo'"
459,"b'Champions"":130,""trueDamageTaken"":130},""goldPerSecond"":0,""jungleMinionsKilled"":0,""level"":4,""minionsKilled"":23,""participantId"":1,""'"
460,"b'position"":{""x"":1246,""y"":11144},""timeEnemySpentControlled"":6476,""totalGold"":1216,""xp"":1416},""2"":{""championStats"":{""abilityHaste"":'"
461,"b'0,""abilityPower"":0,""armor"":42,""armorPen"":0,""armorPenPercent"":0,""attackDamage"":69,""attackSpeed"":118,""bonusArmorPenPercent"":0,""bon'"
462,"b'usMagicPenPercent"":0,""ccReduction"":0,""cooldownReduction"":0,""health"":382,""healthMax"":818,""healthRegen"":17,""lifesteal"":0,""magicPen'"
463,"b'"":0,""magicPenPercent"":0,""magicResist"":35,""movementSpeed"":350,""omnivamp"":0,""physicalVamp"":0,""power"":381,""powerMax"":386,""powerRege'"
464,"b'n"":108,""spellVamp"":0},""currentGold"":662,""damageStats"":{""magicDamageDone"":12,""magicDamageDoneToChampions"":12,""magicDamageTaken"":9'"
465,"b'16,""physicalDamageDone"":8102,""physicalDamageDoneToChampions"":740,""physicalDamageTaken"":2110,""totalDamageDone"":11278,""totalDamage'"
466,"b'DoneToChampions"":752,""totalDamageTaken"":3030,""trueDamageDone"":3163,""trueDamageDoneToChampions"":0,""trueDamageTaken"":3},""goldPerSe'"
467,"b'cond"":0,""jungleMinionsKilled"":14,""level"":3,""minionsKilled"":0,""participantId"":2,""position"":{""x"":6955,""y"":4136},""timeEnemySpentCon'"
468,"b'trolled"":2096,""totalGold"":1112,""xp"":847},""3"":{""championStats"":{""abilityHaste"":0,""abilityPower"":9,""armor"":28,""armorPen"":0,""armorP'"
469,"b'enPercent"":0,""attackDamage"":51,""attackSpeed"":115,""bonusArmorPenPercent"":0,""bonusMagicPenPercent"":0,""ccReduction"":0,""cooldownRedu'"
470,"b'ction"":0,""health"":0,""healthMax"":793,""healthRegen"":17,""lifesteal"":0,""magicPen"":0,""magicPenPercent"":0,""magicResist"":31,""movementSp'"
471,"b'eed"":340,""omnivamp"":0,""physicalVamp"":0,""power"":349,""powerMax"":669,""powerRegen"":16,""spellVamp"":0},""currentGold"":458,""damageStats""'"
472,"b':{""magicDamageDone"":4657,""magicDamageDoneToChampions"":1221,""magicDamageTaken"":758,""physicalDamageDone"":1855,""physicalDamageDoneT'"
473,"b'oChampions"":1012,""physicalDamageTaken"":1679,""totalDamageDone"":6512,""totalDamageDoneToChampions"":2234,""totalDamageTaken"":2459,""tr'"
474,"b'ueDamageDone"":0,""trueDamageDoneToChampions"":0,""trueDamageTaken"":21},""goldPerSecond"":0,""jungleMinionsKilled"":0,""level"":3,""minions'"
475,"b'Killed"":15,""participantId"":3,""position"":{""x"":5846,""y"":6583},""timeEnemySpentControlled"":16587,""totalGold"":1033,""xp"":905},""4"":{""ch'"
476,"b'ampionStats"":{""abilityHaste"":0,""abilityPower"":0,""armor"":40,""armorPen"":0,""armorPenPercent"":0,""attackDamage"":86,""attackSpeed"":121,'"
477,"b'""bonusArmorPenPercent"":0,""bonusMagicPenPercent"":0,""ccReduction"":0,""cooldownReduction"":0,""health"":693,""healthMax"":870,""healthRege'"
478,"b'n"":8,""lifesteal"":0,""magicPen"":0,""magicPenPercent"":0,""magicResist"":31,""movementSpeed"":492,""omnivamp"":2,""physicalVamp"":0,""power"":1'"
479,"b'88,""powerMax"":404,""powerRegen"":33,""spellVamp"":0},""currentGold"":321,""damageStats"":{""magicDamageDone"":664,""magicDamageDoneToChampi'"
480,"b'ons"":485,""magicDamageTaken"":68,""physicalDamageDone"":4732,""physicalDamageDoneToChampions"":637,""physicalDamageTaken"":398,""totalDam'"
481,"b'ageDone"":5396,""totalDamageDoneToChampions"":1123,""totalDamageTaken"":466,""trueDamageDone"":0,""trueDamageDoneToChampions"":0,""trueDam'"
482,"b'ageTaken"":0},""goldPerSecond"":0,""jungleMinionsKilled"":0,""level"":3,""minionsKilled"":25,""participantId"":4,""position"":{""x"":12204,""y"":'"
483,"b'1493},""timeEnemySpentControlled"":0,""totalGold"":1246,""xp"":832},""5"":{""championStats"":{""abilityHaste"":0,""abilityPower"":5,""armor"":64'"
484,"b',""armorPen"":0,""armorPenPercent"":0,""attackDamage"":59,""attackSpeed"":132,""bonusArmorPenPercent"":0,""bonusMagicPenPercent"":0,""ccReduc'"
485,"b'tion"":14,""cooldownReduction"":0,""health"":535,""healthMax"":793,""healthRegen"":26,""lifesteal"":0,""magicPen"":0,""magicPenPercent"":0,""mag'"
486,"b'icResist"":40,""movementSpeed"":297,""omnivamp"":0,""physicalVamp"":0,""power"":151,""powerMax"":416,""powerRegen"":13,""spellVamp"":0},""curren'"
487,"b'tGold"":415,""damageStats"":{""magicDamageDone"":385,""magicDamageDoneToChampions"":322,""magicDamageTaken"":228,""physicalDamageDone"":614'"
488,"b',""physicalDamageDoneToChampions"":323,""physicalDamageTaken"":264,""totalDamageDone"":1959,""totalDamageDoneToChampions"":708,""totalDam'"
489,"b'ageTaken"":492,""trueDamageDone"":959,""trueDamageDoneToChampions"":62,""trueDamageTaken"":0},""goldPerSecond"":20,""jungleMinionsKilled"":'"
490,"b'0,""level"":3,""minionsKilled"":4,""participantId"":5,""position"":{""x"":12595,""y"":1508},""timeEnemySpentControlled"":29954,""totalGold"":915'"
491,"b',""xp"":832},""6"":{""championStats"":{""abilityHaste"":0,""abilityPower"":0,""armor"":48,""armorPen"":0,""armorPenPercent"":0,""attackDamage"":89'"
492,"b',""attackSpeed"":107,""bonusArmorPenPercent"":0,""bonusMagicPenPercent"":0,""ccReduction"":6,""cooldownReduction"":0,""health"":461,""healthM'"
493,"b'ax"":936,""healthRegen"":19,""lifesteal"":0,""magicPen"":0,""magicPenPercent"":0,""magicResist"":36,""movementSpeed"":340,""omnivamp"":2,""physi'"
494,"b'calVamp"":0,""power"":0,""powerMax"":0,""powerRegen"":0,""spellVamp"":0},""currentGold"":739,""damageStats"":{""magicDamageDone"":0,""magicDamag'"
495,"b'eDoneToChampions"":0,""magicDamageTaken"":23,""physicalDamageDone"":4662,""physicalDamageDoneToChampions"":864,""physicalDamageTaken"":59'"
496,"b'3,""totalDamageDone"":4792,""totalDamageDoneToChampions"":994,""totalDamageTaken"":747,""trueDamageDone"":130,""trueDamageDoneToChampions'"
497,"b'"":130,""trueDamageTaken"":130},""goldPerSecond"":0,""jungleMinionsKilled"":0,""level"":4,""minionsKilled"":25,""participantId"":6,""position""'"
498,"b':{""x"":14194,""y"":14371},""timeEnemySpentControlled"":7777,""totalGold"":1239,""xp"":1477},""7"":{""championStats"":{""abilityHaste"":0,""abili'"
499,"b'tyPower"":0,""armor"":50,""armorPen"":0,""armorPenPercent"":0,""attackDamage"":104,""attackSpeed"":165,""bonusArmorPenPercent"":0,""bonusMagic'"
500,"b'PenPercent"":0,""ccReduction"":9,""cooldownReduction"":0,""health"":339,""healthMax"":815,""healthRegen"":16,""lifesteal"":0,""magicPen"":0,""ma'"
501,"b'gicPenPercent"":0,""magicResist"":34,""movementSpeed"":345,""omnivamp"":0,""physicalVamp"":0,""power"":27,""powerMax"":326,""powerRegen"":15,""s'"
502,"b'pellVamp"":0},""currentGold"":395,""damageStats"":{""magicDamageDone"":275,""magicDamageDoneToChampions"":95,""magicDamageTaken"":398,""phys'"
503,"b'icalDamageDone"":9157,""physicalDamageDoneToChampions"":1360,""physicalDamageTaken"":2316,""totalDamageDone"":13140,""totalDamageDoneToC'"
504,"b'hampions"":1458,""totalDamageTaken"":2714,""trueDamageDone"":3708,""trueDamageDoneToChampions"":3,""trueDamageTaken"":0},""goldPerSecond"":'"
505,"b'0,""jungleMinionsKilled"":10,""level"":3,""minionsKilled"":0,""participantId"":7,""position"":{""x"":4920,""y"":5969},""timeEnemySpentControlle'"
506,"b'd"":31655,""totalGold"":2070,""xp"":830},""8"":{""championStats"":{""abilityHaste"":0,""abilityPower"":18,""armor"":38,""armorPen"":0,""armorPenPe'"
507,"b'rcent"":0,""attackDamage"":67,""attackSpeed"":107,""bonusArmorPenPercent"":0,""bonusMagicPenPercent"":0,""ccReduction"":0,""cooldownReductio'"
508,"b'n"":0,""health"":233,""healthMax"":962,""healthRegen"":95,""lifesteal"":0,""magicPen"":0,""magicPenPercent"":0,""magicResist"":45,""movementSpee'"
509,"b'd"":340,""omnivamp"":0,""physicalVamp"":0,""power"":50,""powerMax"":468,""powerRegen"":19,""spellVamp"":0},""currentGold"":1010,""damageStats"":{'"
510,"b'""magicDamageDone"":3736,""magicDamageDoneToChampions"":967,""magicDamageTaken"":835,""physicalDamageDone"":709,""physicalDamageDoneToCha'"
511,"b'mpions"":195,""physicalDamageTaken"":1282,""totalDamageDone"":5436,""totalDamageDoneToChampions"":1184,""totalDamageTaken"":2117,""trueDam'"
512,"b'ageDone"":990,""trueDamageDoneToChampions"":22,""trueDamageTaken"":0},""goldPerSecond"":0,""jungleMinionsKilled"":0,""level"":4,""minionsKil'"
513,"b'led"":23,""participantId"":8,""position"":{""x"":8200,""y"":6372},""timeEnemySpentControlled"":34702,""totalGold"":1510,""xp"":1365},""9"":{""cham'"
514,"b'pionStats"":{""abilityHaste"":0,""abilityPower"":0,""armor"":33,""armorPen"":0,""armorPenPercent"":0,""attackDamage"":67,""attackSpeed"":123,""b'"
515,"b'onusArmorPenPercent"":0,""bonusMagicPenPercent"":0,""ccReduction"":0,""cooldownReduction"":0,""health"":789,""healthMax"":789,""healthRegen""'"
516,"b':7,""lifesteal"":0,""magicPen"":0,""magicPenPercent"":0,""magicResist"":30,""movementSpeed"":335,""omnivamp"":2,""physicalVamp"":0,""power"":282'"
517,"b',""powerMax"":282,""powerRegen"":13,""spellVamp"":0},""currentGold"":627,""damageStats"":{""magicDamageDone"":337,""magicDamageDoneToChampion'"
518,"b's"":18,""magicDamageTaken"":233,""physicalDamageDone"":1525,""physicalDamageDoneToChampions"":217,""physicalDamageTaken"":468,""totalDamag'"
519,"b'eDone"":1928,""totalDamageDoneToChampions"":235,""totalDamageTaken"":764,""trueDamageDone"":65,""trueDamageDoneToChampions"":0,""trueDamag'"
520,"b'eTaken"":62},""goldPerSecond"":0,""jungleMinionsKilled"":0,""level"":2,""minionsKilled"":18,""participantId"":9,""position"":{""x"":12910,""y"":1'"
521,"b'879},""timeEnemySpentControlled"":0,""totalGold"":1127,""xp"":638},""10"":{""championStats"":{""abilityHaste"":0,""abilityPower"":23,""armor"":3'"
522,"b'9,""armorPen"":0,""armorPenPercent"":0,""attackDamage"":67,""attackSpeed"":104,""bonusArmorPenPercent"":0,""bonusMagicPenPercent"":0,""ccRedu'"
523,"b'ction"":0,""cooldownReduction"":0,""health"":261,""healthMax"":795,""healthRegen"":41,""lifesteal"":0,""magicPen"":0,""magicPenPercent"":0,""mag'"
524,"b'icResist"":31,""movementSpeed"":335,""omnivamp"":0,""physicalVamp"":0,""power"":218,""powerMax"":388,""powerRegen"":18,""spellVamp"":0},""curren'"
525,"b'tGold"":415,""damageStats"":{""magicDamageDone"":543,""magicDamageDoneToChampions"":278,""magicDamageTaken"":574,""physicalDamageDone"":672'"
526,"b',""physicalDamageDoneToChampions"":225,""physicalDamageTaken"":511,""totalDamageDone"":2378,""totalDamageDoneToChampions"":503,""totalDam'"
527,"b'ageTaken"":1085,""trueDamageDone"":1162,""trueDamageDoneToChampions"":0,""trueDamageTaken"":0},""goldPerSecond"":20,""jungleMinionsKilled""'"
528,"b':0,""level"":3,""minionsKilled"":4,""participantId"":10,""position"":{""x"":13001,""y"":1874},""timeEnemySpentControlled"":6920,""totalGold"":91'"
529,"b'5,""xp"":854}},""timestamp"":240058},{""events"":[{""itemId"":2003,""participantId"":10,""timestamp"":240259,""type"":""ITEM_DESTROYED""},{""item'"
530,"b'Id"":2055,""participantId"":7,""timestamp"":240359,""type"":""ITEM_DESTROYED""},{""creatorId"":7,""timestamp"":240359,""type"":""WARD_PLACED"",""w'"
531,"b'ardType"":""CONTROL_WARD""},{""itemId"":1036,""participantId"":6,""timestamp"":240996,""type"":""ITEM_PURCHASED""},{""itemId"":1036,""participan'"
532,"b'tId"":6,""timestamp"":241528,""type"":""ITEM_PURCHASED""},{""creatorId"":9,""timestamp"":241663,""type"":""WARD_PLACED"",""wardType"":""YELLOW_TRI'"
533,"b'NKET""},{""itemId"":2003,""participantId"":5,""timestamp"":243394,""type"":""ITEM_DESTROYED""},{""creatorId"":7,""timestamp"":244561,""type"":""WA'"
534,"b'RD_PLACED"",""wardType"":""YELLOW_TRINKET""},{""bounty"":300,""killStreakLength"":0,""killerId"":3,""position"":{""x"":6540,""y"":6528},""shutdown'"
535,"b'Bounty"":300,""timestamp"":246333,""type"":""CHAMPION_KILL"",""victimDamageReceived"":[{""basic"":true,""magicDamage"":0,""name"":""SRU_OrderMin'"
536,"b'ionRanged"",""participantId"":0,""physicalDamage"":28,""spellName"":""sru_orderminionsiegebasicattack"",""spellSlot"":64,""trueDamage"":0,""ty'"
537,"b'pe"":""MINION""},{""basic"":true,""magicDamage"":0,""name"":""SRU_OrderMinionRanged"",""participantId"":0,""physicalDamage"":43,""spellName"":""sr'"
538,"b'u_orderminionrangedbasicattack"",""spellSlot"":64,""trueDamage"":0,""type"":""MINION""},{""basic"":true,""magicDamage"":0,""name"":""SRU_OrderMi'"
539,"b'nionRanged"",""participantId"":0,""physicalDamage"":60,""spellName"":""sru_orderminionrangedbasicattack2"",""spellSlot"":65,""trueDamage"":0,'"
540,"b'""type"":""MINION""},{""basic"":false,""magicDamage"":90,""name"":""Neeko"",""participantId"":3,""physicalDamage"":0,""spellName"":""neekoq"",""spell'"
541,"b'Slot"":0,""trueDamage"":0,""type"":""OTHER""},{""basic"":false,""magicDamage"":10,""name"":""Neeko"",""participantId"":3,""physicalDamage"":0,""spel'"
542,"b'lName"":"""",""spellSlot"":-1,""trueDamage"":0,""type"":""OTHER""},{""basic"":false,""magicDamage"":7,""name"":""Neeko"",""participantId"":3,""physica'"
543,"b'lDamage"":0,""spellName"":""itemdarkcrystalflask"",""spellSlot"":6,""trueDamage"":0,""type"":""OTHER""},{""basic"":true,""magicDamage"":0,""name"":'"
544,"b'""Turret"",""participantId"":0,""physicalDamage"":674,""spellName"":""turretbasicattack"",""spellSlot"":64,""trueDamage"":0,""type"":""TOWER""}],""'"
545,"b'victimId"":7},{""itemId"":2003,""participantId"":4,""timestamp"":247401,""type"":""ITEM_DESTROYED""},{""itemId"":2010,""participantId"":4,""time'"
546,"b'stamp"":248367,""type"":""ITEM_DESTROYED""},{""itemId"":1082,""participantId"":3,""timestamp"":248668,""type"":""ITEM_PURCHASED""},{""itemId"":10'"
547,"b'01,""participantId"":3,""timestamp"":249035,""type"":""ITEM_PURCHASED""},{""level"":3,""participantId"":9,""timestamp"":249565,""type"":""LEVEL_U'"
548,"b'P""},{""itemId"":1036,""participantId"":7,""timestamp"":250904,""type"":""ITEM_PURCHASED""},{""itemId"":1052,""participantId"":8,""timestamp"":25'"
549,"b'1438,""type"":""ITEM_PURCHASED""},{""levelUpType"":""NORMAL"",""participantId"":9,""skillSlot"":2,""timestamp"":251571,""type"":""SKILL_LEVEL_UP""'"
550,"b'},{""itemId"":1082,""participantId"":8,""timestamp"":252006,""type"":""ITEM_PURCHASED""},{""assistingParticipantIds"":[5],""bounty"":300,""kill'"
551,"b'StreakLength"":0,""killerId"":4,""position"":{""x"":12731,""y"":1729},""shutdownBounty"":0,""timestamp"":252238,""type"":""CHAMPION_KILL"",""victi'"
552,"b'mDamageDealt"":[{""basic"":false,""magicDamage"":127,""name"":""Rakan"",""participantId"":5,""physicalDamage"":0,""spellName"":""rakanq"",""spellS'"
553,"b'lot"":0,""trueDamage"":0,""type"":""OTHER""},{""basic"":false,""magicDamage"":65,""name"":""Rakan"",""participantId"":5,""physicalDamage"":0,""spell'"
554,"b'Name"":""rakanw"",""spellSlot"":1,""trueDamage"":0,""type"":""OTHER""},{""basic"":true,""magicDamage"":0,""name"":""Rakan"",""participantId"":5,""phys'"
555,"b'icalDamage"":42,""spellName"":""rakanbasicattackshort2"",""spellSlot"":49,""trueDamage"":0,""type"":""OTHER""},{""basic"":false,""magicDamage"":0'"
556,"b',""name"":""Rakan"",""participantId"":5,""physicalDamage"":0,""spellName"":""summonerdot"",""spellSlot"":4,""trueDamage"":22,""type"":""OTHER""}],""v'"
557,"b'ictimDamageReceived"":[{""basic"":false,""magicDamage"":93,""name"":""Rell"",""participantId"":5,""physicalDamage"":0,""spellName"":""rellq"",""sp'"
558,"b'ellSlot"":0,""trueDamage"":0,""type"":""OTHER""},{""basic"":false,""magicDamage"":38,""name"":""Rell"",""participantId"":5,""physicalDamage"":0,""sp'"
559,"b'ellName"":""relle"",""spellSlot"":2,""trueDamage"":0,""type"":""OTHER""},{""basic"":false,""magicDamage"":0,""name"":""Rell"",""participantId"":5,""ph'"
560,"b'ysicalDamage"":0,""spellName"":""summonerdot"",""spellSlot"":5,""trueDamage"":85,""type"":""OTHER""},{""basic"":false,""magicDamage"":47,""name"":""'"
561,"b'Rell"",""participantId"":5,""physicalDamage"":0,""spellName"":""rellw_dismount"",""spellSlot"":1,""trueDamage"":0,""type"":""OTHER""},{""basic"":tr'"
562,"b'ue,""magicDamage"":0,""name"":""Rell"",""participantId"":5,""physicalDamage"":42,""spellName"":""rellbasicattack2"",""spellSlot"":65,""trueDamage'"
563,"b'"":0,""type"":""OTHER""},{""basic"":false,""magicDamage"":8,""name"":""Rell"",""participantId"":5,""physicalDamage"":0,""spellName"":""rellw_mountup'"
564,"b'"",""spellSlot"":1,""trueDamage"":0,""type"":""OTHER""},{""basic"":false,""magicDamage"":0,""name"":""Rell"",""participantId"":5,""physicalDamage"":4'"
565,"b'1,""spellName"":"""",""spellSlot"":1,""trueDamage"":0,""type"":""OTHER""},{""basic"":true,""magicDamage"":0,""name"":""Rell"",""participantId"":5,""phy'"
566,"b'sicalDamage"":42,""spellName"":""rellbasicattack"",""spellSlot"":64,""trueDamage"":0,""type"":""OTHER""},{""basic"":false,""magicDamage"":107,""na'"
567,"b'me"":""Kaisa"",""participantId"":4,""physicalDamage"":0,""spellName"":""kaisaw"",""spellSlot"":1,""trueDamage"":0,""type"":""OTHER""},{""basic"":fals'"
568,"b'e,""magicDamage"":182,""name"":""Kaisa"",""participantId"":4,""physicalDamage"":0,""spellName"":""kaisapassive"",""spellSlot"":63,""trueDamage"":0'"
569,"b',""type"":""OTHER""},{""basic"":true,""magicDamage"":0,""name"":""Kaisa"",""participantId"":4,""physicalDamage"":61,""spellName"":""kaisabasicattac'"
570,"b'k3"",""spellSlot"":66,""trueDamage"":0,""type"":""OTHER""},{""basic"":true,""magicDamage"":0,""name"":""Kaisa"",""participantId"":4,""physicalDamage'"
571,"b'"":61,""spellName"":""kaisabasicattack"",""spellSlot"":64,""trueDamage"":0,""type"":""OTHER""},{""basic"":false,""magicDamage"":0,""name"":""Kaisa"",'"
572,"b'""participantId"":4,""physicalDamage"":82,""spellName"":""kaisaq"",""spellSlot"":0,""trueDamage"":0,""type"":""OTHER""},{""basic"":true,""magicDama'"
573,"b'ge"":0,""name"":""Kaisa"",""participantId"":4,""physicalDamage"":61,""spellName"":""kaisabasicattack2"",""spellSlot"":65,""trueDamage"":0,""type"":'"
574,"b'""OTHER""}],""victimId"":10},{""itemId"":2010,""participantId"":4,""timestamp"":252405,""type"":""ITEM_DESTROYED""},{""itemId"":2031,""participan'"
575,"b'tId"":8,""timestamp"":252574,""type"":""ITEM_PURCHASED""},{""itemId"":2055,""participantId"":8,""timestamp"":252809,""type"":""ITEM_PURCHASED""},'"
576,"b'{""itemId"":1052,""participantId"":3,""timestamp"":253675,""type"":""ITEM_PURCHASED""},{""itemId"":2003,""participantId"":5,""timestamp"":253975'"
577,"b',""type"":""ITEM_DESTROYED""},{""level"":4,""participantId"":2,""timestamp"":254608,""type"":""LEVEL_UP""},{""level"":5,""participantId"":1,""times'"
578,"b'tamp"":254744,""type"":""LEVEL_UP""},{""levelUpType"":""NORMAL"",""participantId"":2,""skillSlot"":1,""timestamp"":255177,""type"":""SKILL_LEVEL_U'"
579,"b'P""},{""itemId"":2055,""participantId"":7,""timestamp"":258012,""type"":""ITEM_PURCHASED""},{""itemId"":3340,""participantId"":7,""timestamp"":25'"
580,"b'8276,""type"":""ITEM_DESTROYED""},{""itemId"":3364,""participantId"":7,""timestamp"":258276,""type"":""ITEM_PURCHASED""},{""levelUpType"":""NORMA'"
581,"b'L"",""participantId"":1,""skillSlot"":1,""timestamp"":259443,""type"":""SKILL_LEVEL_UP""},{""itemId"":2403,""participantId"":5,""timestamp"":2598'"
582,"b'41,""type"":""ITEM_DESTROYED""},{""itemId"":1001,""participantId"":10,""timestamp"":260074,""type"":""ITEM_PURCHASED""},{""itemId"":2055,""partic'"
583,"b'ipantId"":10,""timestamp"":260474,""type"":""ITEM_PURCHASED""},{""itemId"":2003,""participantId"":10,""timestamp"":260806,""type"":""ITEM_PURCHA'"
584,"b'SED""},{""itemId"":3340,""participantId"":10,""timestamp"":261005,""type"":""ITEM_DESTROYED""},{""itemId"":3364,""participantId"":10,""timestamp'"
585,"b'"":261005,""type"":""ITEM_PURCHASED""},{""creatorId"":4,""timestamp"":261573,""type"":""WARD_PLACED"",""wardType"":""YELLOW_TRINKET""},{""itemId"":'"
586,"b'1028,""participantId"":1,""timestamp"":266110,""type"":""ITEM_PURCHASED""},{""itemId"":1036,""participantId"":1,""timestamp"":266309,""type"":""I'"
587,"b'TEM_PURCHASED""},{""itemId"":2031,""participantId"":1,""timestamp"":267210,""type"":""ITEM_PURCHASED""},{""itemId"":3340,""participantId"":1,""t'"
588,"b'imestamp"":267444,""type"":""ITEM_DESTROYED""},{""itemId"":3364,""participantId"":1,""timestamp"":267444,""type"":""ITEM_PURCHASED""},{""itemId""'"
589,"b':3364,""participantId"":1,""timestamp"":267611,""type"":""ITEM_DESTROYED""},{""itemId"":3340,""participantId"":1,""timestamp"":267611,""type"":""'"
590,"b'ITEM_PURCHASED""},{""bounty"":300,""killStreakLength"":0,""killerId"":9,""position"":{""x"":10798,""y"":2159},""shutdownBounty"":0,""timestamp"":'"
591,"b'268344,""type"":""CHAMPION_KILL"",""victimDamageDealt"":[{""basic"":false,""magicDamage"":0,""name"":""Kaisa"",""participantId"":9,""physicalDama'"
592,"b'ge"":75,""spellName"":""kaisaq"",""spellSlot"":0,""trueDamage"":0,""type"":""OTHER""},{""basic"":true,""magicDamage"":0,""name"":""Kaisa"",""participa'"
593,"b'ntId"":9,""physicalDamage"":63,""spellName"":"""",""spellSlot"":63,""trueDamage"":0,""type"":""OTHER""},{""basic"":false,""magicDamage"":103,""name""'"
594,"b':""Kaisa"",""participantId"":9,""physicalDamage"":0,""spellName"":""kaisapassive"",""spellSlot"":63,""trueDamage"":0,""type"":""OTHER""},{""basic"":'"
595,"b'true,""magicDamage"":0,""name"":""Kaisa"",""participantId"":9,""physicalDamage"":126,""spellName"":""kaisabasicattack"",""spellSlot"":64,""trueDa'"
596,"b'mage"":0,""type"":""OTHER""},{""basic"":true,""magicDamage"":0,""name"":""Kaisa"",""participantId"":9,""physicalDamage"":63,""spellName"":""kaisaeat'"
597,"b'tack"",""spellSlot"":67,""trueDamage"":0,""type"":""OTHER""},{""basic"":true,""magicDamage"":0,""name"":""Kaisa"",""participantId"":9,""physicalDama'"
598,"b'ge"":63,""spellName"":""kaisabasicattack3"",""spellSlot"":66,""trueDamage"":0,""type"":""OTHER""},{""basic"":true,""magicDamage"":0,""name"":""Kaisa'"
599,"b'"",""participantId"":9,""physicalDamage"":63,""spellName"":""kaisabasicattack2"",""spellSlot"":65,""trueDamage"":0,""type"":""OTHER""},{""basic"":t'"
600,"b'rue,""magicDamage"":0,""name"":""Kaisa"",""participantId"":9,""physicalDamage"":63,""spellName"":""kaisaeattack2"",""spellSlot"":68,""trueDamage""'"
601,"b':0,""type"":""OTHER""},{""basic"":true,""magicDamage"":0,""name"":""Kaisa"",""participantId"":9,""physicalDamage"":63,""spellName"":""kaisaeattack4'"
602,"b'"",""spellSlot"":70,""trueDamage"":0,""type"":""OTHER""}],""victimDamageReceived"":[{""basic"":true,""magicDamage"":0,""name"":""SRU_ChaosMinionRa'"
603,"b'nged"",""participantId"":0,""physicalDamage"":139,""spellName"":""sru_chaosminionrangedbasicattack2"",""spellSlot"":65,""trueDamage"":0,""type'"
604,"b'"":""MINION""},{""basic"":true,""magicDamage"":0,""name"":""SRU_ChaosMinionRanged"",""participantId"":0,""physicalDamage"":92,""spellName"":""sru_'"
605,"b'chaosminionsiegebasicattack"",""spellSlot"":64,""trueDamage"":0,""type"":""MINION""},{""basic"":true,""magicDamage"":0,""name"":""SRU_ChaosMinio'"
606,"b'nRanged"",""participantId"":0,""physicalDamage"":120,""spellName"":""sru_chaosminionrangedbasicattack"",""spellSlot"":64,""trueDamage"":0,""ty'"
607,"b'pe"":""MINION""},{""basic"":true,""magicDamage"":0,""name"":""SRU_ChaosMinionRanged"",""participantId"":0,""physicalDamage"":29,""spellName"":""sr'"
608,"b'u_chaosminionmeleebasicattack"",""spellSlot"":64,""trueDamage"":0,""type"":""MINION""},{""basic"":false,""magicDamage"":0,""name"":""Zeri"",""part'"
609,"b'icipantId"":9,""physicalDamage"":548,""spellName"":""zeriq"",""spellSlot"":0,""trueDamage"":0,""type"":""OTHER""},{""basic"":false,""magicDamage"":'"
610,"b'99,""name"":""Zeri"",""participantId"":9,""physicalDamage"":0,""spellName"":"""",""spellSlot"":63,""trueDamage"":0,""type"":""OTHER""},{""basic"":fals'"
611,"b'e,""magicDamage"":17,""name"":""Zeri"",""participantId"":9,""physicalDamage"":0,""spellName"":""zerie"",""spellSlot"":2,""trueDamage"":0,""type"":""O'"
612,"b'THER""}],""victimId"":4},{""level"":5,""participantId"":6,""timestamp"":272348,""type"":""LEVEL_UP""},{""levelUpType"":""NORMAL"",""participantId""'"
613,"b':6,""skillSlot"":1,""timestamp"":273882,""type"":""SKILL_LEVEL_UP""},{""level"":4,""participantId"":5,""timestamp"":278079,""type"":""LEVEL_UP""},'"
614,"b'{""levelUpType"":""NORMAL"",""participantId"":5,""skillSlot"":3,""timestamp"":278913,""type"":""SKILL_LEVEL_UP""},{""itemId"":1036,""participantI'"
615,"b'd"":4,""timestamp"":279012,""type"":""ITEM_PURCHASED""},{""itemId"":1042,""participantId"":4,""timestamp"":280109,""type"":""ITEM_PURCHASED""},{""'"
616,"b'level"":4,""participantId"":3,""timestamp"":282515,""type"":""LEVEL_UP""},{""itemId"":2003,""participantId"":4,""timestamp"":283552,""type"":""ITE'"
617,"b'M_PURCHASED""},{""levelUpType"":""NORMAL"",""participantId"":3,""skillSlot"":1,""timestamp"":283685,""type"":""SKILL_LEVEL_UP""},{""itemId"":2055'"
618,"b',""participantId"":8,""timestamp"":284916,""type"":""ITEM_DESTROYED""},{""creatorId"":8,""timestamp"":284916,""type"":""WARD_PLACED"",""wardType""'"
619,"b':""CONTROL_WARD""},{""afterId"":0,""beforeId"":2003,""goldGain"":50,""participantId"":4,""timestamp"":284982,""type"":""ITEM_UNDO""},{""itemId"":2'"
620,"b'031,""participantId"":4,""timestamp"":285885,""type"":""ITEM_PURCHASED""},{""itemId"":2055,""participantId"":3,""timestamp"":288288,""type"":""IT'"
621,"b'EM_DESTROYED""},{""creatorId"":3,""timestamp"":288288,""type"":""WARD_PLACED"",""wardType"":""CONTROL_WARD""},{""itemId"":3006,""participantId"":'"
622,"b'9,""timestamp"":292793,""type"":""ITEM_PURCHASED""},{""itemId"":2003,""participantId"":9,""timestamp"":293460,""type"":""ITEM_PURCHASED""},{""kil'"
623,"b'lerId"":3,""timestamp"":294460,""type"":""WARD_KILL"",""wardType"":""CONTROL_WARD""},{""creatorId"":3,""timestamp"":295861,""type"":""WARD_PLACED""'"
624,"b',""wardType"":""YELLOW_TRINKET""}],""participantFrames"":{""1"":{""championStats"":{""abilityHaste"":0,""abilityPower"":0,""armor"":62,""armorPen'"
625,"b'"":0,""armorPenPercent"":0,""attackDamage"":103,""attackSpeed"":111,""bonusArmorPenPercent"":0,""bonusMagicPenPercent"":0,""ccReduction"":0,""'"
626,"b'cooldownReduction"":0,""health"":1255,""healthMax"":1255,""healthRegen"":84,""lifesteal"":0,""magicPen"":0,""magicPenPercent"":0,""magicResist'"
627,"b'"":42,""movementSpeed"":343,""omnivamp"":0,""physicalVamp"":0,""power"":0,""powerMax"":0,""powerRegen"":0,""spellVamp"":0},""currentGold"":71,""da'"
628,"b'mageStats"":{""magicDamageDone"":23,""magicDamageDoneToChampions"":23,""magicDamageTaken"":0,""physicalDamageDone"":8110,""physicalDamageD'"
629,"b'oneToChampions"":395,""physicalDamageTaken"":912,""totalDamageDone"":12734,""totalDamageDoneToChampions"":549,""totalDamageTaken"":1042,""'"
630,"b'trueDamageDone"":4600,""trueDamageDoneToChampions"":130,""trueDamageTaken"":130},""goldPerSecond"":0,""jungleMinionsKilled"":0,""level"":5,'"
631,"b'""minionsKilled"":28,""participantId"":1,""position"":{""x"":1823,""y"":11977},""timeEnemySpentControlled"":8115,""totalGold"":1471,""xp"":1848}'"
632,"b',""2"":{""championStats"":{""abilityHaste"":0,""abilityPower"":0,""armor"":45,""armorPen"":0,""armorPenPercent"":0,""attackDamage"":72,""attackSp'"
633,"b'eed"":120,""bonusArmorPenPercent"":0,""bonusMagicPenPercent"":0,""ccReduction"":0,""cooldownReduction"":0,""health"":272,""healthMax"":904,""h'"
634,"b'ealthRegen"":36,""lifesteal"":0,""magicPen"":0,""magicPenPercent"":0,""magicResist"":36,""movementSpeed"":350,""omnivamp"":0,""physicalVamp"":0'"
635,"b',""power"":417,""powerMax"":417,""powerRegen"":109,""spellVamp"":0},""currentGold"":1040,""damageStats"":{""magicDamageDone"":38,""magicDamageD'"
636,"b'oneToChampions"":38,""magicDamageTaken"":1399,""physicalDamageDone"":12147,""physicalDamageDoneToChampions"":1029,""physicalDamageTaken""'"
637,"b':2855,""totalDamageDone"":17953,""totalDamageDoneToChampions"":1078,""totalDamageTaken"":4296,""trueDamageDone"":5766,""trueDamageDoneToC'"
638,"b'hampions"":10,""trueDamageTaken"":41},""goldPerSecond"":0,""jungleMinionsKilled"":26,""level"":4,""minionsKilled"":0,""participantId"":2,""pos'"
639,"b'ition"":{""x"":8550,""y"":3628},""timeEnemySpentControlled"":33710,""totalGold"":1490,""xp"":1506},""3"":{""championStats"":{""abilityHaste"":0,""'"
640,"b'abilityPower"":44,""armor"":32,""armorPen"":0,""armorPenPercent"":0,""attackDamage"":53,""attackSpeed"":117,""bonusArmorPenPercent"":0,""bonus'"
641,"b'MagicPenPercent"":0,""ccReduction"":0,""cooldownReduction"":0,""health"":922,""healthMax"":922,""healthRegen"":18,""lifesteal"":0,""magicPen"":'"
642,"b'0,""magicPenPercent"":0,""magicResist"":32,""movementSpeed"":365,""omnivamp"":0,""physicalVamp"":0,""power"":516,""powerMax"":717,""powerRegen""'"
643,"b':17,""spellVamp"":0},""currentGold"":204,""damageStats"":{""magicDamageDone"":6023,""magicDamageDoneToChampions"":1362,""magicDamageTaken"":'"
644,"b'758,""physicalDamageDone"":2182,""physicalDamageDoneToChampions"":1024,""physicalDamageTaken"":1679,""totalDamageDone"":8206,""totalDamag'"
645,"b'eDoneToChampions"":2386,""totalDamageTaken"":2459,""trueDamageDone"":0,""trueDamageDoneToChampions"":0,""trueDamageTaken"":21},""goldPerSe'"
646,"b'cond"":0,""jungleMinionsKilled"":0,""level"":4,""minionsKilled"":21,""participantId"":3,""position"":{""x"":8796,""y"":6073},""timeEnemySpentCon'"
647,"b'trolled"":24211,""totalGold"":1869,""xp"":1252},""4"":{""championStats"":{""abilityHaste"":0,""abilityPower"":0,""armor"":40,""armorPen"":0,""armo'"
648,"b'rPenPercent"":0,""attackDamage"":96,""attackSpeed"":124,""bonusArmorPenPercent"":0,""bonusMagicPenPercent"":0,""ccReduction"":0,""cooldownRe'"
649,"b'duction"":0,""health"":870,""healthMax"":870,""healthRegen"":8,""lifesteal"":0,""magicPen"":0,""magicPenPercent"":0,""magicResist"":31,""movemen'"
650,"b'tSpeed"":335,""omnivamp"":2,""physicalVamp"":0,""power"":484,""powerMax"":484,""powerRegen"":18,""spellVamp"":0},""currentGold"":34,""damageStat'"
651,"b's"":{""magicDamageDone"":900,""magicDamageDoneToChampions"":699,""magicDamageTaken"":185,""physicalDamageDone"":6048,""physicalDamageDoneT'"
652,"b'oChampions"":1488,""physicalDamageTaken"":1194,""totalDamageDone"":6948,""totalDamageDoneToChampions"":2188,""totalDamageTaken"":1380,""tr'"
653,"b'ueDamageDone"":0,""trueDamageDoneToChampions"":0,""trueDamageTaken"":0},""goldPerSecond"":0,""jungleMinionsKilled"":0,""level"":3,""minionsK'"
654,"b'illed"":28,""participantId"":4,""position"":{""x"":6766,""y"":1169},""timeEnemySpentControlled"":0,""totalGold"":1759,""xp"":1050},""5"":{""champi'"
655,"b'onStats"":{""abilityHaste"":0,""abilityPower"":5,""armor"":57,""armorPen"":0,""armorPenPercent"":0,""attackDamage"":61,""attackSpeed"":103,""bon'"
656,"b'usArmorPenPercent"":0,""bonusMagicPenPercent"":0,""ccReduction"":13,""cooldownReduction"":0,""health"":607,""healthMax"":875,""healthRegen"":'"
657,"b'28,""lifesteal"":0,""magicPen"":0,""magicPenPercent"":0,""magicResist"":34,""movementSpeed"":344,""omnivamp"":0,""physicalVamp"":0,""power"":96,'"
658,"b'""powerMax"":451,""powerRegen"":13,""spellVamp"":0},""currentGold"":788,""damageStats"":{""magicDamageDone"":504,""magicDamageDoneToChampions'"
659,"b'"":378,""magicDamageTaken"":365,""physicalDamageDone"":759,""physicalDamageDoneToChampions"":407,""physicalDamageTaken"":402,""totalDamage'"
660,"b'Done"":3061,""totalDamageDoneToChampions"":933,""totalDamageTaken"":878,""trueDamageDone"":1797,""trueDamageDoneToChampions"":147,""trueDa'"
661,"b'mageTaken"":110},""goldPerSecond"":20,""jungleMinionsKilled"":0,""level"":4,""minionsKilled"":6,""participantId"":5,""position"":{""x"":10714,""'"
662,"b'y"":3625},""timeEnemySpentControlled"":45314,""totalGold"":1288,""xp"":1388},""6"":{""championStats"":{""abilityHaste"":0,""abilityPower"":0,""a'"
663,"b'rmor"":52,""armorPen"":0,""armorPenPercent"":0,""attackDamage"":112,""attackSpeed"":110,""bonusArmorPenPercent"":0,""bonusMagicPenPercent"":0'"
664,"b',""ccReduction"":6,""cooldownReduction"":0,""health"":1019,""healthMax"":1019,""healthRegen"":20,""lifesteal"":0,""magicPen"":0,""magicPenPerce'"
665,"b'nt"":0,""magicResist"":38,""movementSpeed"":340,""omnivamp"":2,""physicalVamp"":0,""power"":0,""powerMax"":0,""powerRegen"":0,""spellVamp"":0},""c'"
666,"b'urrentGold"":329,""damageStats"":{""magicDamageDone"":0,""magicDamageDoneToChampions"":0,""magicDamageTaken"":23,""physicalDamageDone"":685'"
667,"b'0,""physicalDamageDoneToChampions"":864,""physicalDamageTaken"":593,""totalDamageDone"":6980,""totalDamageDoneToChampions"":994,""totalDa'"
668,"b'mageTaken"":747,""trueDamageDone"":130,""trueDamageDoneToChampions"":130,""trueDamageTaken"":130},""goldPerSecond"":0,""jungleMinionsKille'"
669,"b'd"":0,""level"":5,""minionsKilled"":35,""participantId"":6,""position"":{""x"":2148,""y"":12015},""timeEnemySpentControlled"":8708,""totalGold"":'"
670,"b'1529,""xp"":2063},""7"":{""championStats"":{""abilityHaste"":0,""abilityPower"":0,""armor"":50,""armorPen"":0,""armorPenPercent"":0,""attackDamag'"
671,"b'e"":134,""attackSpeed"":143,""bonusArmorPenPercent"":0,""bonusMagicPenPercent"":0,""ccReduction"":11,""cooldownReduction"":0,""health"":674,""'"
672,"b'healthMax"":815,""healthRegen"":16,""lifesteal"":0,""magicPen"":0,""magicPenPercent"":0,""magicResist"":34,""movementSpeed"":396,""omnivamp"":0'"
673,"b',""physicalVamp"":0,""power"":192,""powerMax"":326,""powerRegen"":151,""spellVamp"":0},""currentGold"":203,""damageStats"":{""magicDamageDone"":'"
674,"b'435,""magicDamageDoneToChampions"":95,""magicDamageTaken"":633,""physicalDamageDone"":12253,""physicalDamageDoneToChampions"":1360,""phys'"
675,"b'icalDamageTaken"":3085,""totalDamageDone"":16919,""totalDamageDoneToChampions"":1458,""totalDamageTaken"":3719,""trueDamageDone"":4231,""t'"
676,"b'rueDamageDoneToChampions"":3,""trueDamageTaken"":0},""goldPerSecond"":0,""jungleMinionsKilled"":14,""level"":3,""minionsKilled"":0,""partici'"
677,"b'pantId"":7,""position"":{""x"":12250,""y"":6656},""timeEnemySpentControlled"":36985,""totalGold"":2303,""xp"":1036},""8"":{""championStats"":{""ab'"
678,"b'ilityHaste"":0,""abilityPower"":53,""armor"":38,""armorPen"":0,""armorPenPercent"":0,""attackDamage"":67,""attackSpeed"":107,""bonusArmorPenPe'"
679,"b'rcent"":0,""bonusMagicPenPercent"":0,""ccReduction"":0,""cooldownReduction"":0,""health"":795,""healthMax"":1005,""healthRegen"":30,""lifestea'"
680,"b'l"":0,""magicPen"":0,""magicPenPercent"":0,""magicResist"":45,""movementSpeed"":340,""omnivamp"":0,""physicalVamp"":0,""power"":232,""powerMax"":'"
681,"b'468,""powerRegen"":19,""spellVamp"":0},""currentGold"":254,""damageStats"":{""magicDamageDone"":5162,""magicDamageDoneToChampions"":1387,""ma'"
682,"b'gicDamageTaken"":861,""physicalDamageDone"":797,""physicalDamageDoneToChampions"":195,""physicalDamageTaken"":1623,""totalDamageDone"":69'"
683,"b'89,""totalDamageDoneToChampions"":1642,""totalDamageTaken"":2495,""trueDamageDone"":1028,""trueDamageDoneToChampions"":60,""trueDamageTak'"
684,"b'en"":10},""goldPerSecond"":0,""jungleMinionsKilled"":0,""level"":4,""minionsKilled"":28,""participantId"":8,""position"":{""x"":8121,""y"":7981},'"
685,"b'""timeEnemySpentControlled"":43996,""totalGold"":1764,""xp"":1702},""9"":{""championStats"":{""abilityHaste"":0,""abilityPower"":0,""armor"":36,'"
686,"b'""armorPen"":0,""armorPenPercent"":0,""attackDamage"":68,""attackSpeed"":152,""bonusArmorPenPercent"":0,""bonusMagicPenPercent"":0,""ccReduct'"
687,"b'ion"":0,""cooldownReduction"":0,""health"":648,""healthMax"":872,""healthRegen"":8,""lifesteal"":0,""magicPen"":0,""magicPenPercent"":0,""magicR'"
688,"b'esist"":31,""movementSpeed"":380,""omnivamp"":2,""physicalVamp"":0,""power"":316,""powerMax"":316,""powerRegen"":14,""spellVamp"":0},""currentGo'"
689,"b'ld"":53,""damageStats"":{""magicDamageDone"":704,""magicDamageDoneToChampions"":144,""magicDamageTaken"":336,""physicalDamageDone"":2812,""p'"
690,"b'hysicalDamageDoneToChampions"":820,""physicalDamageTaken"":1267,""totalDamageDone"":3627,""totalDamageDoneToChampions"":965,""totalDamag'"
691,"b'eTaken"":1666,""trueDamageDone"":111,""trueDamageDoneToChampions"":0,""trueDamageTaken"":62},""goldPerSecond"":0,""jungleMinionsKilled"":0,'"
692,"b'""level"":3,""minionsKilled"":20,""participantId"":9,""position"":{""x"":14321,""y"":13440},""timeEnemySpentControlled"":267,""totalGold"":1703,'"
693,"b'""xp"":925},""10"":{""championStats"":{""abilityHaste"":0,""abilityPower"":23,""armor"":43,""armorPen"":0,""armorPenPercent"":0,""attackDamage"":6'"
694,"b'7,""attackSpeed"":104,""bonusArmorPenPercent"":0,""bonusMagicPenPercent"":0,""ccReduction"":0,""cooldownReduction"":0,""health"":733,""health'"
695,"b'Max"":795,""healthRegen"":22,""lifesteal"":0,""magicPen"":0,""magicPenPercent"":0,""magicResist"":35,""movementSpeed"":360,""omnivamp"":0,""phys'"
696,"b'icalVamp"":0,""power"":348,""powerMax"":388,""powerRegen"":18,""spellVamp"":0},""currentGold"":129,""damageStats"":{""magicDamageDone"":734,""ma'"
697,"b'gicDamageDoneToChampions"":469,""magicDamageTaken"":882,""physicalDamageDone"":715,""physicalDamageDoneToChampions"":268,""physicalDamag'"
698,"b'eTaken"":827,""totalDamageDone"":2723,""totalDamageDoneToChampions"":847,""totalDamageTaken"":1794,""trueDamageDone"":1272,""trueDamageDon'"
699,"b'eToChampions"":110,""trueDamageTaken"":85},""goldPerSecond"":20,""jungleMinionsKilled"":0,""level"":3,""minionsKilled"":4,""participantId"":1'"
700,"b'0,""position"":{""x"":10851,""y"":5039},""timeEnemySpentControlled"":8022,""totalGold"":1054,""xp"":891}},""timestamp"":300090},{""events"":[{""l'"
701,"b'evel"":4,""participantId"":7,""timestamp"":303580,""type"":""LEVEL_UP""},{""levelUpType"":""NORMAL"",""participantId"":7,""skillSlot"":1,""timesta'"
702,"b'mp"":304709,""type"":""SKILL_LEVEL_UP""},{""level"":5,""participantId"":8,""timestamp"":305174,""type"":""LEVEL_UP""},{""itemId"":1001,""participa'"
703,"b'ntId"":5,""timestamp"":305475,""type"":""ITEM_PURCHASED""},{""itemId"":1028,""participantId"":5,""timestamp"":306311,""type"":""ITEM_PURCHASED""}'"
704,"b',{""itemId"":2055,""participantId"":5,""timestamp"":306877,""type"":""ITEM_PURCHASED""},{""levelUpType"":""NORMAL"",""participantId"":8,""skillSl'"
705,"b'ot"":1,""timestamp"":309584,""type"":""SKILL_LEVEL_UP""},{""creatorId"":6,""timestamp"":321450,""type"":""WARD_PLACED"",""wardType"":""YELLOW_TRIN'"
706,"b'KET""},{""level"":4,""participantId"":10,""timestamp"":326726,""type"":""LEVEL_UP""},{""levelUpType"":""NORMAL"",""participantId"":10,""skillSlot""'"
707,"b':2,""timestamp"":327594,""type"":""SKILL_LEVEL_UP""},{""itemId"":6029,""participantId"":2,""timestamp"":328229,""type"":""ITEM_PURCHASED""},{""le'"
708,"b'vel"":6,""participantId"":1,""timestamp"":329432,""type"":""LEVEL_UP""},{""level"":6,""participantId"":6,""timestamp"":329768,""type"":""LEVEL_UP""'"
709,"b'},{""levelUpType"":""NORMAL"",""participantId"":6,""skillSlot"":4,""timestamp"":331168,""type"":""SKILL_LEVEL_UP""},{""levelUpType"":""NORMAL"",""p'"
710,"b'articipantId"":1,""skillSlot"":4,""timestamp"":331733,""type"":""SKILL_LEVEL_UP""},{""level"":4,""participantId"":9,""timestamp"":332938,""type""'"
711,"b':""LEVEL_UP""},{""itemId"":2003,""participantId"":6,""timestamp"":333574,""type"":""ITEM_DESTROYED""},{""creatorId"":1,""timestamp"":333706,""typ'"
712,"b'e"":""WARD_PLACED"",""wardType"":""YELLOW_TRINKET""},{""levelUpType"":""NORMAL"",""participantId"":9,""skillSlot"":1,""timestamp"":335242,""type"":'"
713,"b'""SKILL_LEVEL_UP""},{""level"":5,""participantId"":3,""timestamp"":342923,""type"":""LEVEL_UP""},{""levelUpType"":""NORMAL"",""participantId"":3,""'"
714,"b'skillSlot"":1,""timestamp"":343890,""type"":""SKILL_LEVEL_UP""},{""itemId"":2055,""participantId"":7,""timestamp"":346292,""type"":""ITEM_DESTRO'"
715,"b'YED""},{""creatorId"":7,""timestamp"":346292,""type"":""WARD_PLACED"",""wardType"":""CONTROL_WARD""},{""level"":4,""participantId"":4,""timestamp""'"
716,"b':350592,""type"":""LEVEL_UP""},{""levelUpType"":""NORMAL"",""participantId"":4,""skillSlot"":1,""timestamp"":351290,""type"":""SKILL_LEVEL_UP""},{'"
717,"b'""itemId"":2403,""participantId"":5,""timestamp"":353462,""type"":""ITEM_DESTROYED""},{""itemId"":2003,""participantId"":10,""timestamp"":356659'"
718,"b',""type"":""ITEM_DESTROYED""}],""participantFrames"":{""1"":{""championStats"":{""abilityHaste"":0,""abilityPower"":0,""armor"":68,""armorPen"":0,'"
719,"b'""armorPenPercent"":0,""attackDamage"":107,""attackSpeed"":114,""bonusArmorPenPercent"":0,""bonusMagicPenPercent"":0,""ccReduction"":0,""cool'"
720,"b'downReduction"":0,""health"":1215,""healthMax"":1356,""healthRegen"":121,""lifesteal"":0,""magicPen"":0,""magicPenPercent"":0,""magicResist"":4'"
721,"b'6,""movementSpeed"":343,""omnivamp"":0,""physicalVamp"":0,""power"":0,""powerMax"":0,""powerRegen"":0,""spellVamp"":0},""currentGold"":411,""dama'"
722,"b'geStats"":{""magicDamageDone"":23,""magicDamageDoneToChampions"":23,""magicDamageTaken"":0,""physicalDamageDone"":12791,""physicalDamageDo'"
723,"b'neToChampions"":711,""physicalDamageTaken"":1615,""totalDamageDone"":17415,""totalDamageDoneToChampions"":865,""totalDamageTaken"":1745,""'"
724,"b'trueDamageDone"":4600,""trueDamageDoneToChampions"":130,""trueDamageTaken"":130},""goldPerSecond"":0,""jungleMinionsKilled"":0,""level"":6,'"
725,"b'""minionsKilled"":41,""participantId"":1,""position"":{""x"":3102,""y"":7838},""timeEnemySpentControlled"":11315,""totalGold"":1811,""xp"":2773}'"
726,"b',""2"":{""championStats"":{""abilityHaste"":0,""abilityPower"":0,""armor"":45,""armorPen"":0,""armorPenPercent"":0,""attackDamage"":114,""attackS'"
727,"b'peed"":122,""bonusArmorPenPercent"":0,""bonusMagicPenPercent"":0,""ccReduction"":0,""cooldownReduction"":0,""health"":333,""healthMax"":904,""'"
728,"b'healthRegen"":18,""lifesteal"":0,""magicPen"":0,""magicPenPercent"":0,""magicResist"":36,""movementSpeed"":442,""omnivamp"":0,""physicalVamp"":'"
729,"b'0,""power"":352,""powerMax"":417,""powerRegen"":38,""spellVamp"":0},""currentGold"":171,""damageStats"":{""magicDamageDone"":72,""magicDamageDo'"
730,"b'neToChampions"":72,""magicDamageTaken"":1487,""physicalDamageDone"":14920,""physicalDamageDoneToChampions"":1227,""physicalDamageTaken"":'"
731,"b'3771,""totalDamageDone"":21397,""totalDamageDoneToChampions"":1320,""totalDamageTaken"":5300,""trueDamageDone"":6404,""trueDamageDoneToCh'"
732,"b'ampions"":20,""trueDamageTaken"":41},""goldPerSecond"":0,""jungleMinionsKilled"":30,""level"":4,""minionsKilled"":0,""participantId"":2,""posi'"
733,"b'tion"":{""x"":3692,""y"":8042},""timeEnemySpentControlled"":51361,""totalGold"":1721,""xp"":1713},""3"":{""championStats"":{""abilityHaste"":0,""a'"
734,"b'bilityPower"":44,""armor"":37,""armorPen"":0,""armorPenPercent"":0,""attackDamage"":55,""attackSpeed"":120,""bonusArmorPenPercent"":0,""bonusM'"
735,"b'agicPenPercent"":0,""ccReduction"":0,""cooldownReduction"":0,""health"":968,""healthMax"":1015,""healthRegen"":102,""lifesteal"":0,""magicPen""'"
736,"b':0,""magicPenPercent"":0,""magicResist"":34,""movementSpeed"":365,""omnivamp"":0,""physicalVamp"":0,""power"":283,""powerMax"":792,""powerRegen'"
737,"b'"":80,""spellVamp"":0},""currentGold"":519,""damageStats"":{""magicDamageDone"":10668,""magicDamageDoneToChampions"":2308,""magicDamageTaken'"
738,"b'"":895,""physicalDamageDone"":2845,""physicalDamageDoneToChampions"":1363,""physicalDamageTaken"":1840,""totalDamageDone"":16119,""totalDa'"
739,"b'mageDoneToChampions"":3672,""totalDamageTaken"":2758,""trueDamageDone"":2605,""trueDamageDoneToChampions"":0,""trueDamageTaken"":21},""gol'"
740,"b'dPerSecond"":0,""jungleMinionsKilled"":0,""level"":5,""minionsKilled"":30,""participantId"":3,""position"":{""x"":6084,""y"":9080},""timeEnemySp'"
741,"b'entControlled"":35342,""totalGold"":2184,""xp"":1777},""4"":{""championStats"":{""abilityHaste"":0,""abilityPower"":0,""armor"":43,""armorPen"":0'"
742,"b',""armorPenPercent"":0,""attackDamage"":98,""attackSpeed"":150,""bonusArmorPenPercent"":0,""bonusMagicPenPercent"":0,""ccReduction"":0,""cool'"
743,"b'downReduction"":0,""health"":835,""healthMax"":951,""healthRegen"":9,""lifesteal"":0,""magicPen"":0,""magicPenPercent"":0,""magicResist"":32,""m'"
744,"b'ovementSpeed"":393,""omnivamp"":2,""physicalVamp"":0,""power"":430,""powerMax"":515,""powerRegen"":36,""spellVamp"":0},""currentGold"":300,""dam'"
745,"b'ageStats"":{""magicDamageDone"":1259,""magicDamageDoneToChampions"":896,""magicDamageTaken"":195,""physicalDamageDone"":6838,""physicalDam'"
746,"b'ageDoneToChampions"":1823,""physicalDamageTaken"":1333,""totalDamageDone"":8098,""totalDamageDoneToChampions"":2720,""totalDamageTaken"":'"
747,"b'1528,""trueDamageDone"":0,""trueDamageDoneToChampions"":0,""trueDamageTaken"":0},""goldPerSecond"":0,""jungleMinionsKilled"":0,""level"":4,""'"
748,"b'minionsKilled"":33,""participantId"":4,""position"":{""x"":13140,""y"":2499},""timeEnemySpentControlled"":0,""totalGold"":2025,""xp"":1251},""5""'"
749,"b':{""championStats"":{""abilityHaste"":0,""abilityPower"":5,""armor"":64,""armorPen"":0,""armorPenPercent"":0,""attackDamage"":61,""attackSpeed""'"
750,"b':133,""bonusArmorPenPercent"":0,""bonusMagicPenPercent"":0,""ccReduction"":20,""cooldownReduction"":0,""health"":459,""healthMax"":1025,""hea'"
751,"b'lthRegen"":28,""lifesteal"":0,""magicPen"":0,""magicPenPercent"":0,""magicResist"":38,""movementSpeed"":438,""omnivamp"":0,""physicalVamp"":0,""'"
752,"b'power"":274,""powerMax"":451,""powerRegen"":13,""spellVamp"":0},""currentGold"":235,""damageStats"":{""magicDamageDone"":610,""magicDamageDone'"
753,"b'ToChampions"":378,""magicDamageTaken"":671,""physicalDamageDone"":865,""physicalDamageDoneToChampions"":451,""physicalDamageTaken"":713,""'"
754,"b'totalDamageDone"":3958,""totalDamageDoneToChampions"":977,""totalDamageTaken"":1495,""trueDamageDone"":2482,""trueDamageDoneToChampions""'"
755,"b':147,""trueDamageTaken"":110},""goldPerSecond"":20,""jungleMinionsKilled"":0,""level"":4,""minionsKilled"":8,""participantId"":5,""position"":'"
756,"b'{""x"":12914,""y"":2426},""timeEnemySpentControlled"":55009,""totalGold"":1510,""xp"":1559},""6"":{""championStats"":{""abilityHaste"":0,""abilit'"
757,"b'yPower"":0,""armor"":56,""armorPen"":0,""armorPenPercent"":0,""attackDamage"":144,""attackSpeed"":113,""bonusArmorPenPercent"":0,""bonusMagicP'"
758,"b'enPercent"":0,""ccReduction"":6,""cooldownReduction"":0,""health"":876,""healthMax"":1105,""healthRegen"":20,""lifesteal"":0,""magicPen"":0,""ma'"
759,"b'gicPenPercent"":0,""magicResist"":40,""movementSpeed"":340,""omnivamp"":2,""physicalVamp"":0,""power"":0,""powerMax"":0,""powerRegen"":0,""spell'"
760,"b'Vamp"":0},""currentGold"":714,""damageStats"":{""magicDamageDone"":0,""magicDamageDoneToChampions"":0,""magicDamageTaken"":23,""physicalDama'"
761,"b'geDone"":13741,""physicalDamageDoneToChampions"":1712,""physicalDamageTaken"":1145,""totalDamageDone"":13871,""totalDamageDoneToChampion'"
762,"b's"":1842,""totalDamageTaken"":1299,""trueDamageDone"":130,""trueDamageDoneToChampions"":130,""trueDamageTaken"":130},""goldPerSecond"":0,""j'"
763,"b'ungleMinionsKilled"":0,""level"":6,""minionsKilled"":47,""participantId"":6,""position"":{""x"":3362,""y"":7978},""timeEnemySpentControlled"":1'"
764,"b'8670,""totalGold"":1914,""xp"":2748},""7"":{""championStats"":{""abilityHaste"":0,""abilityPower"":0,""armor"":54,""armorPen"":0,""armorPenPercen'"
765,"b't"":0,""attackDamage"":146,""attackSpeed"":198,""bonusArmorPenPercent"":0,""bonusMagicPenPercent"":0,""ccReduction"":12,""cooldownReduction""'"
766,"b':0,""health"":355,""healthMax"":901,""healthRegen"":17,""lifesteal"":0,""magicPen"":0,""magicPenPercent"":0,""magicResist"":35,""movementSpeed""'"
767,"b':414,""omnivamp"":0,""physicalVamp"":0,""power"":278,""powerMax"":354,""powerRegen"":131,""spellVamp"":0},""currentGold"":665,""damageStats"":{""'"
768,"b'magicDamageDone"":675,""magicDamageDoneToChampions"":95,""magicDamageTaken"":1044,""physicalDamageDone"":21474,""physicalDamageDoneToCha'"
769,"b'mpions"":1666,""physicalDamageTaken"":3878,""totalDamageDone"":28478,""totalDamageDoneToChampions"":1764,""totalDamageTaken"":4933,""trueD'"
770,"b'amageDone"":6329,""trueDamageDoneToChampions"":3,""trueDamageTaken"":10},""goldPerSecond"":0,""jungleMinionsKilled"":30,""level"":4,""minion'"
771,"b'sKilled"":0,""participantId"":7,""position"":{""x"":2787,""y"":7010},""timeEnemySpentControlled"":44987,""totalGold"":2765,""xp"":1674},""8"":{""c'"
772,"b'hampionStats"":{""abilityHaste"":0,""abilityPower"":53,""armor"":43,""armorPen"":0,""armorPenPercent"":0,""attackDamage"":70,""attackSpeed"":11'"
773,"b'0,""bonusArmorPenPercent"":0,""bonusMagicPenPercent"":0,""ccReduction"":0,""cooldownReduction"":0,""health"":299,""healthMax"":1117,""healthR'"
774,"b'egen"":99,""lifesteal"":0,""magicPen"":0,""magicPenPercent"":0,""magicResist"":47,""movementSpeed"":340,""omnivamp"":0,""physicalVamp"":0,""powe'"
775,"b'r"":65,""powerMax"":526,""powerRegen"":20,""spellVamp"":0},""currentGold"":604,""damageStats"":{""magicDamageDone"":7984,""magicDamageDoneToCh'"
776,"b'ampions"":1524,""magicDamageTaken"":1808,""physicalDamageDone"":1307,""physicalDamageDoneToChampions"":195,""physicalDamageTaken"":1995,""'"
777,"b'totalDamageDone"":10320,""totalDamageDoneToChampions"":1780,""totalDamageTaken"":3813,""trueDamageDone"":1028,""trueDamageDoneToChampion'"
778,"b's"":60,""trueDamageTaken"":10},""goldPerSecond"":0,""jungleMinionsKilled"":0,""level"":5,""minionsKilled"":38,""participantId"":8,""position"":'"
779,"b'{""x"":8577,""y"":8346},""timeEnemySpentControlled"":59299,""totalGold"":2114,""xp"":2350},""9"":{""championStats"":{""abilityHaste"":0,""ability'"
780,"b'Power"":0,""armor"":39,""armorPen"":0,""armorPenPercent"":0,""attackDamage"":69,""attackSpeed"":184,""bonusArmorPenPercent"":0,""bonusMagicPen'"
781,"b'Percent"":0,""ccReduction"":0,""cooldownReduction"":0,""health"":757,""healthMax"":959,""healthRegen"":9,""lifesteal"":0,""magicPen"":0,""magicP'"
782,"b'enPercent"":0,""magicResist"":32,""movementSpeed"":380,""omnivamp"":2,""physicalVamp"":0,""power"":196,""powerMax"":351,""powerRegen"":15,""spel'"
783,"b'lVamp"":0},""currentGold"":480,""damageStats"":{""magicDamageDone"":907,""magicDamageDoneToChampions"":236,""magicDamageTaken"":351,""physic'"
784,"b'alDamageDone"":4148,""physicalDamageDoneToChampions"":1162,""physicalDamageTaken"":1579,""totalDamageDone"":7968,""totalDamageDoneToCham'"
785,"b'pions"":1398,""totalDamageTaken"":1993,""trueDamageDone"":2912,""trueDamageDoneToChampions"":0,""trueDamageTaken"":62},""goldPerSecond"":0,'"
786,"b'""jungleMinionsKilled"":0,""level"":4,""minionsKilled"":35,""participantId"":9,""position"":{""x"":13172,""y"":3633},""timeEnemySpentControlled'"
787,"b'"":2133,""totalGold"":2130,""xp"":1357},""10"":{""championStats"":{""abilityHaste"":0,""abilityPower"":23,""armor"":47,""armorPen"":0,""armorPenPe'"
788,"b'rcent"":0,""attackDamage"":69,""attackSpeed"":106,""bonusArmorPenPercent"":0,""bonusMagicPenPercent"":0,""ccReduction"":0,""cooldownReductio'"
789,"b'n"":0,""health"":624,""healthMax"":879,""healthRegen"":111,""lifesteal"":0,""magicPen"":0,""magicPenPercent"":0,""magicResist"":36,""movementSpe'"
790,"b'ed"":360,""omnivamp"":0,""physicalVamp"":0,""power"":269,""powerMax"":428,""powerRegen"":19,""spellVamp"":0},""currentGold"":414,""damageStats"":'"
791,"b'{""magicDamageDone"":1024,""magicDamageDoneToChampions"":693,""magicDamageTaken"":1064,""physicalDamageDone"":1096,""physicalDamageDoneTo'"
792,"b'Champions"":310,""physicalDamageTaken"":1113,""totalDamageDone"":4136,""totalDamageDoneToChampions"":1113,""totalDamageTaken"":2263,""true'"
793,"b'DamageDone"":2015,""trueDamageDoneToChampions"":110,""trueDamageTaken"":85},""goldPerSecond"":20,""jungleMinionsKilled"":0,""level"":4,""min'"
794,"b'ionsKilled"":9,""participantId"":10,""position"":{""x"":13733,""y"":3388},""timeEnemySpentControlled"":9088,""totalGold"":1339,""xp"":1478}},""t'"
795,"b'imestamp"":360103},{""events"":[{""assistingParticipantIds"":[7],""bounty"":274,""killStreakLength"":0,""killerId"":6,""position"":{""x"":3692,'"
796,"b'""y"":8042},""shutdownBounty"":0,""timestamp"":360669,""type"":""CHAMPION_KILL"",""victimDamageDealt"":[{""basic"":false,""magicDamage"":0,""name'"
797,"b'"":""Khazix"",""participantId"":7,""physicalDamage"":43,""spellName"":""6029active"",""spellSlot"":7,""trueDamage"":0,""type"":""OTHER""},{""basic"":'"
798,"b'false,""magicDamage"":34,""name"":""Khazix"",""participantId"":7,""physicalDamage"":0,""spellName"":""khazixpassive"",""spellSlot"":63,""trueDama'"
799,"b'ge"":0,""type"":""OTHER""},{""basic"":false,""magicDamage"":0,""name"":""Khazix"",""participantId"":7,""physicalDamage"":88,""spellName"":""khazixw""'"
800,"b',""spellSlot"":1,""trueDamage"":0,""type"":""OTHER""},{""basic"":false,""magicDamage"":0,""name"":""Khazix"",""participantId"":7,""physicalDamage"":'"
801,"b'0,""spellName"":""burning"",""spellSlot"":-1,""trueDamage"":10,""type"":""OTHER""},{""basic"":true,""magicDamage"":0,""name"":""Khazix"",""participan'"
802,"b'tId"":7,""physicalDamage"":66,""spellName"":""khazixbasicattack2"",""spellSlot"":65,""trueDamage"":0,""type"":""OTHER""}],""victimDamageReceived'"
803,"b'"":[{""basic"":true,""magicDamage"":0,""name"":""Nocturne"",""participantId"":7,""physicalDamage"":201,""spellName"":""nocturnebasicattack2"",""sp'"
804,"b'ellSlot"":65,""trueDamage"":0,""type"":""OTHER""},{""basic"":false,""magicDamage"":0,""name"":""Nocturne"",""participantId"":7,""physicalDamage"":1'"
805,"b'04,""spellName"":""nocturneduskbringer"",""spellSlot"":0,""trueDamage"":0,""type"":""OTHER""},{""basic"":true,""magicDamage"":87,""name"":""SRU_Gro'"
806,"b'mp"",""participantId"":0,""physicalDamage"":0,""spellName"":""sru_grompbasicattack"",""spellSlot"":64,""trueDamage"":0,""type"":""MONSTER""},{""ba'"
807,"b'sic"":false,""magicDamage"":0,""name"":""Riven"",""participantId"":6,""physicalDamage"":260,""spellName"":""rivenizunablade"",""spellSlot"":3,""tr'"
808,"b'ueDamage"":0,""type"":""OTHER""},{""basic"":false,""magicDamage"":0,""name"":""Riven"",""participantId"":6,""physicalDamage"":81,""spellName"":""riv'"
809,"b'entricleave"",""spellSlot"":0,""trueDamage"":0,""type"":""OTHER""},{""basic"":true,""magicDamage"":0,""name"":""Riven"",""participantId"":6,""physic'"
810,"b'alDamage"":101,""spellName"":""rivenbasicattack2"",""spellSlot"":65,""trueDamage"":0,""type"":""OTHER""},{""basic"":false,""magicDamage"":0,""name'"
811,"b'"":""Riven"",""participantId"":6,""physicalDamage"":91,""spellName"":""rivenmartyr"",""spellSlot"":1,""trueDamage"":0,""type"":""OTHER""}],""victimI'"
812,"b'd"":2},{""level"":5,""participantId"":7,""timestamp"":360669,""type"":""LEVEL_UP""},{""levelUpType"":""NORMAL"",""participantId"":7,""skillSlot"":1'"
813,"b',""timestamp"":361503,""type"":""SKILL_LEVEL_UP""},{""level"":6,""participantId"":8,""timestamp"":364402,""type"":""LEVEL_UP""},{""levelUpType"":""'"
814,"b'NORMAL"",""participantId"":8,""skillSlot"":4,""timestamp"":365366,""type"":""SKILL_LEVEL_UP""},{""itemId"":2055,""participantId"":5,""timestamp""'"
815,"b':370907,""type"":""ITEM_DESTROYED""},{""creatorId"":5,""timestamp"":370907,""type"":""WARD_PLACED"",""wardType"":""CONTROL_WARD""},{""itemId"":103'"
816,"b'7,""participantId"":6,""timestamp"":379247,""type"":""ITEM_PURCHASED""},{""itemId"":2031,""participantId"":6,""timestamp"":380213,""type"":""ITEM'"
817,"b'_PURCHASED""},{""itemId"":2010,""participantId"":3,""timestamp"":380414,""type"":""ITEM_DESTROYED""},{""itemId"":1052,""participantId"":8,""time'"
818,"b'stamp"":382575,""type"":""ITEM_DESTROYED""},{""itemId"":3802,""participantId"":8,""timestamp"":382575,""type"":""ITEM_PURCHASED""},{""itemId"":20'"
819,"b'55,""participantId"":8,""timestamp"":385674,""type"":""ITEM_PURCHASED""},{""itemId"":2010,""participantId"":3,""timestamp"":389817,""type"":""ITE'"
820,"b'M_DESTROYED""},{""killerId"":10,""timestamp"":390716,""type"":""WARD_KILL"",""wardType"":""CONTROL_WARD""},{""creatorId"":10,""timestamp"":390716'"
821,"b',""type"":""WARD_PLACED"",""wardType"":""UNDEFINED""},{""itemId"":2055,""participantId"":10,""timestamp"":392917,""type"":""ITEM_DESTROYED""},{""cr'"
822,"b'eatorId"":10,""timestamp"":392917,""type"":""WARD_PLACED"",""wardType"":""CONTROL_WARD""},{""itemId"":2055,""participantId"":4,""timestamp"":3935'"
823,"b'84,""type"":""ITEM_DESTROYED""},{""creatorId"":4,""timestamp"":393584,""type"":""WARD_PLACED"",""wardType"":""CONTROL_WARD""},{""itemId"":2010,""pa'"
824,"b'rticipantId"":3,""timestamp"":394151,""type"":""ITEM_DESTROYED""},{""itemId"":2003,""participantId"":9,""timestamp"":395781,""type"":""ITEM_DEST'"
825,"b'ROYED""},{""assistingParticipantIds"":[10],""bounty"":300,""killStreakLength"":1,""killerId"":9,""position"":{""x"":11814,""y"":1219},""shutdown'"
826,"b'Bounty"":0,""timestamp"":395848,""type"":""CHAMPION_KILL"",""victimDamageDealt"":[{""basic"":false,""magicDamage"":47,""name"":""Rell"",""particip'"
827,"b'antId"":9,""physicalDamage"":0,""spellName"":""rellw_dismount"",""spellSlot"":1,""trueDamage"":0,""type"":""OTHER""},{""basic"":true,""magicDamage'"
828,"b'"":0,""name"":""Rell"",""participantId"":9,""physicalDamage"":89,""spellName"":""rellbasicattack"",""spellSlot"":64,""trueDamage"":0,""type"":""OTHE'"
829,"b'R""},{""basic"":false,""magicDamage"":48,""name"":""Rell"",""participantId"":9,""physicalDamage"":0,""spellName"":""rellq"",""spellSlot"":0,""trueDa'"
830,"b'mage"":0,""type"":""OTHER""},{""basic"":false,""magicDamage"":92,""name"":""Rell"",""participantId"":10,""physicalDamage"":0,""spellName"":""rellq"",'"
831,"b'""spellSlot"":0,""trueDamage"":0,""type"":""OTHER""},{""basic"":false,""magicDamage"":47,""name"":""Rell"",""participantId"":10,""physicalDamage"":0'"
832,"b',""spellName"":""relle"",""spellSlot"":2,""trueDamage"":0,""type"":""OTHER""}],""victimDamageReceived"":[{""basic"":false,""magicDamage"":63,""name'"
833,"b'"":""Rakan"",""participantId"":10,""physicalDamage"":0,""spellName"":""rakanq"",""spellSlot"":0,""trueDamage"":0,""type"":""OTHER""},{""basic"":false'"
834,"b',""magicDamage"":33,""name"":""Rakan"",""participantId"":10,""physicalDamage"":0,""spellName"":""rakanw"",""spellSlot"":1,""trueDamage"":0,""type"":'"
835,"b'""OTHER""},{""basic"":true,""magicDamage"":0,""name"":""Rakan"",""participantId"":10,""physicalDamage"":41,""spellName"":""rakanbasicattackshort2'"
836,"b'"",""spellSlot"":49,""trueDamage"":0,""type"":""OTHER""},{""basic"":true,""magicDamage"":0,""name"":""Rakan"",""participantId"":10,""physicalDamage""'"
837,"b':41,""spellName"":""rakanbasicattackshort"",""spellSlot"":49,""trueDamage"":0,""type"":""OTHER""},{""basic"":false,""magicDamage"":120,""name"":""Z'"
838,"b'eri"",""participantId"":9,""physicalDamage"":0,""spellName"":"""",""spellSlot"":63,""trueDamage"":23,""type"":""OTHER""},{""basic"":false,""magicDam'"
839,"b'age"":15,""name"":""Zeri"",""participantId"":9,""physicalDamage"":0,""spellName"":""zerie"",""spellSlot"":2,""trueDamage"":0,""type"":""OTHER""},{""ba'"
840,"b'sic"":false,""magicDamage"":0,""name"":""Zeri"",""participantId"":9,""physicalDamage"":278,""spellName"":""zeriq"",""spellSlot"":0,""trueDamage"":0'"
841,"b',""type"":""OTHER""}],""victimId"":5},{""level"":5,""participantId"":10,""timestamp"":395848,""type"":""LEVEL_UP""},{""levelUpType"":""NORMAL"",""par'"
842,"b'ticipantId"":10,""skillSlot"":2,""timestamp"":396586,""type"":""SKILL_LEVEL_UP""},{""bounty"":300,""killStreakLength"":1,""killerId"":3,""positi'"
843,"b'on"":{""x"":5080,""y"":5897},""shutdownBounty"":0,""timestamp"":397354,""type"":""CHAMPION_KILL"",""victimDamageDealt"":[{""basic"":true,""magicDa'"
844,"b'mage"":0,""name"":""Nocturne"",""participantId"":3,""physicalDamage"":337,""spellName"":""nocturnebasicattack2"",""spellSlot"":65,""trueDamage"":'"
845,"b'0,""type"":""OTHER""},{""basic"":false,""magicDamage"":0,""name"":""Nocturne"",""participantId"":3,""physicalDamage"":144,""spellName"":""nocturned'"
846,"b'uskbringer"",""spellSlot"":0,""trueDamage"":0,""type"":""OTHER""},{""basic"":false,""magicDamage"":59,""name"":""Nocturne"",""participantId"":3,""ph'"
847,"b'ysicalDamage"":0,""spellName"":""nocturneunspeakablehorror"",""spellSlot"":2,""trueDamage"":0,""type"":""OTHER""},{""basic"":true,""magicDamage""'"
848,"b':0,""name"":""Nocturne"",""participantId"":3,""physicalDamage"":360,""spellName"":""nocturnebasicattack"",""spellSlot"":64,""trueDamage"":0,""typ'"
849,"b'e"":""OTHER""},{""basic"":false,""magicDamage"":0,""name"":""Nocturne"",""participantId"":3,""physicalDamage"":253,""spellName"":""nocturnep"",""spe'"
850,"b'llSlot"":63,""trueDamage"":0,""type"":""OTHER""}],""victimDamageReceived"":[{""basic"":true,""magicDamage"":0,""name"":""SRU_Murkwolf"",""particip'"
851,"b'antId"":0,""physicalDamage"":70,""spellName"":""sru_murkwolfbasicattack2"",""spellSlot"":65,""trueDamage"":0,""type"":""MONSTER""},{""basic"":tru'"
852,"b'e,""magicDamage"":0,""name"":""SRU_Murkwolf"",""participantId"":0,""physicalDamage"":105,""spellName"":""sru_murkwolfbasicattack"",""spellSlot""'"
853,"b':64,""trueDamage"":0,""type"":""MONSTER""},{""basic"":true,""magicDamage"":0,""name"":""SRU_MurkwolfMini"",""participantId"":0,""physicalDamage"":'"
854,"b'41,""spellName"":""sru_murkwolfminibasicattack"",""spellSlot"":64,""trueDamage"":0,""type"":""MONSTER""},{""basic"":true,""magicDamage"":0,""name'"
855,"b'"":""SRU_MurkwolfMini"",""participantId"":0,""physicalDamage"":16,""spellName"":""sru_murkwolfminibasicattack2"",""spellSlot"":65,""trueDamage'"
856,"b'"":0,""type"":""MONSTER""},{""basic"":true,""magicDamage"":198,""name"":""SRU_Gromp"",""participantId"":0,""physicalDamage"":0,""spellName"":""sru_g'"
857,"b'rompbasicattack"",""spellSlot"":64,""trueDamage"":0,""type"":""MONSTER""},{""basic"":false,""magicDamage"":0,""name"":""Khazix"",""participantId"":'"
858,"b'2,""physicalDamage"":43,""spellName"":""6029active"",""spellSlot"":7,""trueDamage"":0,""type"":""OTHER""},{""basic"":false,""magicDamage"":34,""nam'"
859,"b'e"":""Khazix"",""participantId"":2,""physicalDamage"":0,""spellName"":""khazixpassive"",""spellSlot"":63,""trueDamage"":0,""type"":""OTHER""},{""bas'"
860,"b'ic"":false,""magicDamage"":0,""name"":""Khazix"",""participantId"":2,""physicalDamage"":88,""spellName"":""khazixw"",""spellSlot"":1,""trueDamage""'"
861,"b':0,""type"":""OTHER""},{""basic"":false,""magicDamage"":0,""name"":""Khazix"",""participantId"":2,""physicalDamage"":0,""spellName"":""burning"",""sp'"
862,"b'ellSlot"":-1,""trueDamage"":10,""type"":""OTHER""},{""basic"":true,""magicDamage"":0,""name"":""Khazix"",""participantId"":2,""physicalDamage"":66,'"
863,"b'""spellName"":""khazixbasicattack2"",""spellSlot"":65,""trueDamage"":0,""type"":""OTHER""},{""basic"":false,""magicDamage"":0,""name"":""Garen"",""pa'"
864,"b'rticipantId"":1,""physicalDamage"":143,""spellName"":""garenq"",""spellSlot"":0,""trueDamage"":0,""type"":""OTHER""},{""basic"":false,""magicDamag'"
865,"b'e"":0,""name"":""Garen"",""participantId"":1,""physicalDamage"":31,""spellName"":""garene"",""spellSlot"":2,""trueDamage"":0,""type"":""OTHER""},{""ba'"
866,"b'sic"":false,""magicDamage"":210,""name"":""Neeko"",""participantId"":3,""physicalDamage"":0,""spellName"":""neekoq"",""spellSlot"":0,""trueDamage""'"
867,"b':0,""type"":""OTHER""},{""basic"":true,""magicDamage"":0,""name"":""Neeko"",""participantId"":3,""physicalDamage"":140,""spellName"":""neekobasicat'"
868,"b'tack"",""spellSlot"":64,""trueDamage"":0,""type"":""OTHER""},{""basic"":false,""magicDamage"":65,""name"":""Neeko"",""participantId"":3,""physicalDa'"
869,"b'mage"":0,""spellName"":"""",""spellSlot"":-1,""trueDamage"":0,""type"":""OTHER""},{""basic"":false,""magicDamage"":45,""name"":""Neeko"",""participant'"
870,"b'Id"":3,""physicalDamage"":0,""spellName"":""itemdarkcrystalflask"",""spellSlot"":6,""trueDamage"":0,""type"":""OTHER""},{""basic"":true,""magicDam'"
871,"b'age"":0,""name"":""Neeko"",""participantId"":3,""physicalDamage"":105,""spellName"":"""",""spellSlot"":63,""trueDamage"":0,""type"":""OTHER""},{""basi'"
872,"b'c"":false,""magicDamage"":97,""name"":""Neeko"",""participantId"":3,""physicalDamage"":0,""spellName"":"""",""spellSlot"":63,""trueDamage"":0,""type'"
873,"b'"":""OTHER""},{""basic"":true,""magicDamage"":0,""name"":""Turret"",""participantId"":0,""physicalDamage"":180,""spellName"":""turretbasicattack"",'"
874,"b'""spellSlot"":64,""trueDamage"":0,""type"":""TOWER""}],""victimId"":7},{""level"":5,""participantId"":2,""timestamp"":397354,""type"":""LEVEL_UP""},'"
875,"b'{""levelUpType"":""NORMAL"",""participantId"":2,""skillSlot"":1,""timestamp"":398155,""type"":""SKILL_LEVEL_UP""},{""assistingParticipantIds"":['"
876,"b'5],""bounty"":300,""killStreakLength"":0,""killerId"":4,""position"":{""x"":12481,""y"":1374},""shutdownBounty"":0,""timestamp"":400028,""type"":""'"
877,"b'CHAMPION_KILL"",""victimDamageDealt"":[{""basic"":false,""magicDamage"":30,""name"":""Zeri"",""participantId"":4,""physicalDamage"":0,""spellNam'"
878,"b'e"":"""",""spellSlot"":63,""trueDamage"":0,""type"":""OTHER""},{""basic"":false,""magicDamage"":16,""name"":""Zeri"",""participantId"":4,""physicalDam'"
879,"b'age"":0,""spellName"":""zerie"",""spellSlot"":2,""trueDamage"":0,""type"":""OTHER""},{""basic"":false,""magicDamage"":0,""name"":""Zeri"",""participan'"
880,"b'tId"":4,""physicalDamage"":327,""spellName"":""zeriq"",""spellSlot"":0,""trueDamage"":0,""type"":""OTHER""},{""basic"":false,""magicDamage"":0,""nam'"
881,"b'e"":""Zeri"",""participantId"":4,""physicalDamage"":84,""spellName"":""zeriw"",""spellSlot"":1,""trueDamage"":0,""type"":""OTHER""}],""victimDamageR'"
882,"b'eceived"":[{""basic"":true,""magicDamage"":0,""name"":""SRU_OrderMinionMelee"",""participantId"":0,""physicalDamage"":31,""spellName"":""sru_ord'"
883,"b'erminionrangedbasicattack"",""spellSlot"":64,""trueDamage"":0,""type"":""MINION""},{""basic"":true,""magicDamage"":0,""name"":""SRU_OrderMinionM'"
884,"b'elee"",""participantId"":0,""physicalDamage"":83,""spellName"":""sru_orderminionmeleebasicattack"",""spellSlot"":64,""trueDamage"":0,""type"":""'"
885,"b'MINION""},{""basic"":true,""magicDamage"":0,""name"":""SRU_OrderMinionMelee"",""participantId"":0,""physicalDamage"":53,""spellName"":""sru_orde'"
886,"b'rminionrangedbasicattack2"",""spellSlot"":65,""trueDamage"":0,""type"":""MINION""},{""basic"":false,""magicDamage"":47,""name"":""Rell"",""partici'"
887,"b'pantId"":5,""physicalDamage"":0,""spellName"":""rellw_dismount"",""spellSlot"":1,""trueDamage"":0,""type"":""OTHER""},{""basic"":true,""magicDamag'"
888,"b'e"":0,""name"":""Rell"",""participantId"":5,""physicalDamage"":89,""spellName"":""rellbasicattack"",""spellSlot"":64,""trueDamage"":0,""type"":""OTH'"
889,"b'ER""},{""basic"":false,""magicDamage"":48,""name"":""Rell"",""participantId"":5,""physicalDamage"":0,""spellName"":""rellq"",""spellSlot"":0,""trueD'"
890,"b'amage"":0,""type"":""OTHER""},{""basic"":false,""magicDamage"":119,""name"":""Kaisa"",""participantId"":4,""physicalDamage"":0,""spellName"":""kaisa'"
891,"b'w"",""spellSlot"":1,""trueDamage"":0,""type"":""OTHER""},{""basic"":true,""magicDamage"":0,""name"":""Kaisa"",""participantId"":4,""physicalDamage"":'"
892,"b'144,""spellName"":"""",""spellSlot"":63,""trueDamage"":0,""type"":""OTHER""},{""basic"":false,""magicDamage"":165,""name"":""Kaisa"",""participantId""'"
893,"b':4,""physicalDamage"":0,""spellName"":""kaisapassive"",""spellSlot"":63,""trueDamage"":0,""type"":""OTHER""},{""basic"":true,""magicDamage"":0,""na'"
894,"b'me"":""Kaisa"",""participantId"":4,""physicalDamage"":72,""spellName"":""kaisabasicattack3"",""spellSlot"":66,""trueDamage"":0,""type"":""OTHER""},'"
895,"b'{""basic"":true,""magicDamage"":0,""name"":""Kaisa"",""participantId"":4,""physicalDamage"":160,""spellName"":""kaisabasicattack"",""spellSlot"":6'"
896,"b'4,""trueDamage"":0,""type"":""OTHER""},{""basic"":false,""magicDamage"":0,""name"":""Kaisa"",""participantId"":4,""physicalDamage"":65,""spellName""'"
897,"b':""kaisaq"",""spellSlot"":0,""trueDamage"":0,""type"":""OTHER""},{""basic"":true,""magicDamage"":0,""name"":""Kaisa"",""participantId"":4,""physicalD'"
898,"b'amage"":145,""spellName"":""kaisabasicattack2"",""spellSlot"":65,""trueDamage"":0,""type"":""OTHER""}],""victimId"":9},{""level"":5,""participantI'"
899,"b'd"":5,""timestamp"":400028,""type"":""LEVEL_UP""},{""itemId"":2010,""participantId"":4,""timestamp"":400561,""type"":""ITEM_DESTROYED""},{""itemId'"
900,"b'"":1029,""participantId"":5,""timestamp"":402594,""type"":""ITEM_PURCHASED""},{""itemId"":2055,""participantId"":5,""timestamp"":403128,""type"":'"
901,"b'""ITEM_PURCHASED""},{""killerId"":2,""timestamp"":405131,""type"":""WARD_KILL"",""wardType"":""CONTROL_WARD""},{""levelUpType"":""NORMAL"",""partic'"
902,"b'ipantId"":5,""skillSlot"":3,""timestamp"":405734,""type"":""SKILL_LEVEL_UP""},{""itemId"":1042,""participantId"":1,""timestamp"":406903,""type"":'"
903,"b'""ITEM_PURCHASED""},{""itemId"":1001,""participantId"":1,""timestamp"":407537,""type"":""ITEM_PURCHASED""},{""itemId"":1001,""participantId"":3,'"
904,"b'""timestamp"":408470,""type"":""ITEM_DESTROYED""},{""itemId"":3020,""participantId"":3,""timestamp"":408470,""type"":""ITEM_PURCHASED""},{""itemI'"
905,"b'd"":1036,""participantId"":7,""timestamp"":409504,""type"":""ITEM_DESTROYED""},{""itemId"":3051,""participantId"":7,""timestamp"":409504,""type""'"
906,"b':""ITEM_PURCHASED""},{""itemId"":1036,""participantId"":9,""timestamp"":414007,""type"":""ITEM_PURCHASED""},{""itemId"":1036,""participantId"":9'"
907,"b',""timestamp"":414338,""type"":""ITEM_DESTROYED""},{""itemId"":2015,""participantId"":9,""timestamp"":414338,""type"":""ITEM_PURCHASED""},{""item'"
908,"b'Id"":1036,""participantId"":9,""timestamp"":414571,""type"":""ITEM_PURCHASED""},{""creatorId"":8,""timestamp"":418865,""type"":""WARD_PLACED"",""w'"
909,"b'ardType"":""YELLOW_TRINKET""}],""participantFrames"":{""1"":{""championStats"":{""abilityHaste"":0,""abilityPower"":0,""armor"":69,""armorPen"":0'"
910,"b',""armorPenPercent"":0,""attackDamage"":107,""attackSpeed"":126,""bonusArmorPenPercent"":0,""bonusMagicPenPercent"":0,""ccReduction"":0,""coo'"
911,"b'ldownReduction"":0,""health"":1359,""healthMax"":1359,""healthRegen"":95,""lifesteal"":0,""magicPen"":0,""magicPenPercent"":0,""magicResist"":4'"
912,"b'7,""movementSpeed"":370,""omnivamp"":0,""physicalVamp"":0,""power"":0,""powerMax"":0,""powerRegen"":0,""spellVamp"":0},""currentGold"":34,""damag'"
913,"b'eStats"":{""magicDamageDone"":23,""magicDamageDoneToChampions"":23,""magicDamageTaken"":0,""physicalDamageDone"":15998,""physicalDamageDon'"
914,"b'eToChampions"":857,""physicalDamageTaken"":1696,""totalDamageDone"":20622,""totalDamageDoneToChampions"":1011,""totalDamageTaken"":1826,""'"
915,"b'trueDamageDone"":4600,""trueDamageDoneToChampions"":130,""trueDamageTaken"":130},""goldPerSecond"":0,""jungleMinionsKilled"":0,""level"":6,'"
916,"b'""minionsKilled"":47,""participantId"":1,""position"":{""x"":879,""y"":5638},""timeEnemySpentControlled"":14456,""totalGold"":2034,""xp"":3140},'"
917,"b'""2"":{""championStats"":{""abilityHaste"":0,""abilityPower"":0,""armor"":48,""armorPen"":0,""armorPenPercent"":0,""attackDamage"":104,""attackSp'"
918,"b'eed"":124,""bonusArmorPenPercent"":0,""bonusMagicPenPercent"":0,""ccReduction"":0,""cooldownReduction"":0,""health"":885,""healthMax"":993,""h'"
919,"b'ealthRegen"":19,""lifesteal"":0,""magicPen"":0,""magicPenPercent"":0,""magicResist"":38,""movementSpeed"":350,""omnivamp"":0,""physicalVamp"":0'"
920,"b',""power"":364,""powerMax"":450,""powerRegen"":45,""spellVamp"":0},""currentGold"":418,""damageStats"":{""magicDamageDone"":72,""magicDamageDon'"
921,"b'eToChampions"":72,""magicDamageTaken"":1880,""physicalDamageDone"":16981,""physicalDamageDoneToChampions"":1227,""physicalDamageTaken"":4'"
922,"b'133,""totalDamageDone"":24289,""totalDamageDoneToChampions"":1320,""totalDamageTaken"":6055,""trueDamageDone"":7234,""trueDamageDoneToCha'"
923,"b'mpions"":20,""trueDamageTaken"":41},""goldPerSecond"":0,""jungleMinionsKilled"":34,""level"":5,""minionsKilled"":1,""participantId"":2,""posit'"
924,"b'ion"":{""x"":3616,""y"":7289},""timeEnemySpentControlled"":51361,""totalGold"":1973,""xp"":2043},""3"":{""championStats"":{""abilityHaste"":0,""ab'"
925,"b'ilityPower"":52,""armor"":37,""armorPen"":0,""armorPenPercent"":0,""attackDamage"":55,""attackSpeed"":120,""bonusArmorPenPercent"":0,""bonusMa'"
926,"b'gicPenPercent"":0,""ccReduction"":0,""cooldownReduction"":0,""health"":900,""healthMax"":1015,""healthRegen"":19,""lifesteal"":0,""magicPen"":1'"
927,"b'8,""magicPenPercent"":0,""magicResist"":34,""movementSpeed"":385,""omnivamp"":0,""physicalVamp"":0,""power"":912,""powerMax"":912,""powerRegen""'"
928,"b':159,""spellVamp"":0},""currentGold"":141,""damageStats"":{""magicDamageDone"":11262,""magicDamageDoneToChampions"":2902,""magicDamageTaken'"
929,"b'"":955,""physicalDamageDone"":3091,""physicalDamageDoneToChampions"":1609,""physicalDamageTaken"":2936,""totalDamageDone"":16958,""totalDa'"
930,"b'mageDoneToChampions"":4511,""totalDamageTaken"":3913,""trueDamageDone"":2605,""trueDamageDoneToChampions"":0,""trueDamageTaken"":21},""gol'"
931,"b'dPerSecond"":0,""jungleMinionsKilled"":0,""level"":5,""minionsKilled"":30,""participantId"":3,""position"":{""x"":2947,""y"":1739},""timeEnemySp'"
932,"b'entControlled"":35342,""totalGold"":2606,""xp"":1845},""4"":{""championStats"":{""abilityHaste"":0,""abilityPower"":0,""armor"":43,""armorPen"":0'"
933,"b',""armorPenPercent"":0,""attackDamage"":98,""attackSpeed"":130,""bonusArmorPenPercent"":0,""bonusMagicPenPercent"":0,""ccReduction"":0,""cool'"
934,"b'downReduction"":0,""health"":239,""healthMax"":951,""healthRegen"":92,""lifesteal"":1,""magicPen"":0,""magicPenPercent"":0,""magicResist"":32,""'"
935,"b'movementSpeed"":335,""omnivamp"":2,""physicalVamp"":0,""power"":400,""powerMax"":555,""powerRegen"":36,""spellVamp"":0},""currentGold"":806,""da'"
936,"b'mageStats"":{""magicDamageDone"":1627,""magicDamageDoneToChampions"":1195,""magicDamageTaken"":307,""physicalDamageDone"":9380,""physicalD'"
937,"b'amageDoneToChampions"":2673,""physicalDamageTaken"":2326,""totalDamageDone"":11007,""totalDamageDoneToChampions"":3869,""totalDamageTake'"
938,"b'n"":2633,""trueDamageDone"":0,""trueDamageDoneToChampions"":0,""trueDamageTaken"":0},""goldPerSecond"":0,""jungleMinionsKilled"":0,""level"":'"
939,"b'4,""minionsKilled"":37,""participantId"":4,""position"":{""x"":10562,""y"":1279},""timeEnemySpentControlled"":0,""totalGold"":2531,""xp"":1638},'"
940,"b'""5"":{""championStats"":{""abilityHaste"":0,""abilityPower"":5,""armor"":75,""armorPen"":0,""armorPenPercent"":0,""attackDamage"":64,""attackSpe'"
941,"b'ed"":104,""bonusArmorPenPercent"":0,""bonusMagicPenPercent"":0,""ccReduction"":5,""cooldownReduction"":0,""health"":1111,""healthMax"":1111,""'"
942,"b'healthRegen"":30,""lifesteal"":0,""magicPen"":0,""magicPenPercent"":0,""magicResist"":35,""movementSpeed"":372,""omnivamp"":0,""physicalVamp"":'"
943,"b'0,""power"":489,""powerMax"":489,""powerRegen"":14,""spellVamp"":0},""currentGold"":144,""damageStats"":{""magicDamageDone"":845,""magicDamageD'"
944,"b'oneToChampions"":613,""magicDamageTaken"":968,""physicalDamageDone"":955,""physicalDamageDoneToChampions"":541,""physicalDamageTaken"":10'"
945,"b'75,""totalDamageDone"":4283,""totalDamageDoneToChampions"":1302,""totalDamageTaken"":2176,""trueDamageDone"":2482,""trueDamageDoneToChamp'"
946,"b'ions"":147,""trueDamageTaken"":133},""goldPerSecond"":20,""jungleMinionsKilled"":0,""level"":5,""minionsKilled"":8,""participantId"":5,""posit'"
947,"b'ion"":{""x"":6110,""y"":1044},""timeEnemySpentControlled"":62313,""totalGold"":1794,""xp"":1730},""6"":{""championStats"":{""abilityHaste"":0,""ab'"
948,"b'ilityPower"":0,""armor"":56,""armorPen"":0,""armorPenPercent"":0,""attackDamage"":139,""attackSpeed"":113,""bonusArmorPenPercent"":0,""bonusMa'"
949,"b'gicPenPercent"":0,""ccReduction"":9,""cooldownReduction"":0,""health"":1105,""healthMax"":1105,""healthRegen"":87,""lifesteal"":0,""magicPen"":'"
950,"b'0,""magicPenPercent"":0,""magicResist"":40,""movementSpeed"":340,""omnivamp"":2,""physicalVamp"":0,""power"":0,""powerMax"":0,""powerRegen"":0,""'"
951,"b'spellVamp"":0},""currentGold"":217,""damageStats"":{""magicDamageDone"":0,""magicDamageDoneToChampions"":0,""magicDamageTaken"":199,""physic'"
952,"b'alDamageDone"":16560,""physicalDamageDoneToChampions"":2073,""physicalDamageTaken"":1317,""totalDamageDone"":16715,""totalDamageDoneToCh'"
953,"b'ampions"":2203,""totalDamageTaken"":1647,""trueDamageDone"":155,""trueDamageDoneToChampions"":130,""trueDamageTaken"":130},""goldPerSecond'"
954,"b'"":0,""jungleMinionsKilled"":0,""level"":6,""minionsKilled"":54,""participantId"":6,""position"":{""x"":2015,""y"":11926},""timeEnemySpentContro'"
955,"b'lled"":21067,""totalGold"":2442,""xp"":3169},""7"":{""championStats"":{""abilityHaste"":0,""abilityPower"":0,""armor"":58,""armorPen"":0,""armorPe'"
956,"b'nPercent"":0,""attackDamage"":130,""attackSpeed"":163,""bonusArmorPenPercent"":0,""bonusMagicPenPercent"":0,""ccReduction"":13,""cooldownRed'"
957,"b'uction"":0,""health"":991,""healthMax"":991,""healthRegen"":18,""lifesteal"":0,""magicPen"":0,""magicPenPercent"":0,""magicResist"":36,""movemen'"
958,"b'tSpeed"":345,""omnivamp"":0,""physicalVamp"":0,""power"":361,""powerMax"":383,""powerRegen"":16,""spellVamp"":0},""currentGold"":305,""damageSta'"
959,"b'ts"":{""magicDamageDone"":814,""magicDamageDoneToChampions"":154,""magicDamageTaken"":1463,""physicalDamageDone"":26289,""physicalDamageDo'"
960,"b'neToChampions"":2762,""physicalDamageTaken"":4538,""totalDamageDone"":34584,""totalDamageDoneToChampions"":2920,""totalDamageTaken"":6011'"
961,"b',""trueDamageDone"":7480,""trueDamageDoneToChampions"":3,""trueDamageTaken"":10},""goldPerSecond"":0,""jungleMinionsKilled"":34,""level"":5,'"
962,"b'""minionsKilled"":1,""participantId"":7,""position"":{""x"":12217,""y"":10951},""timeEnemySpentControlled"":50319,""totalGold"":3155,""xp"":1908'"
963,"b'},""8"":{""championStats"":{""abilityHaste"":0,""abilityPower"":73,""armor"":47,""armorPen"":0,""armorPenPercent"":0,""attackDamage"":72,""attack'"
964,"b'Speed"":113,""bonusArmorPenPercent"":0,""bonusMagicPenPercent"":0,""ccReduction"":0,""cooldownReduction"":0,""health"":1188,""healthMax"":123'"
965,"b'1,""healthRegen"":33,""lifesteal"":0,""magicPen"":0,""magicPenPercent"":0,""magicResist"":50,""movementSpeed"":340,""omnivamp"":0,""physicalVam'"
966,"b'p"":0,""power"":847,""powerMax"":886,""powerRegen"":22,""spellVamp"":0},""currentGold"":91,""damageStats"":{""magicDamageDone"":9919,""magicDama'"
967,"b'geDoneToChampions"":1524,""magicDamageTaken"":1808,""physicalDamageDone"":1490,""physicalDamageDoneToChampions"":195,""physicalDamageTak'"
968,"b'en"":1995,""totalDamageDone"":12438,""totalDamageDoneToChampions"":1780,""totalDamageTaken"":3813,""trueDamageDone"":1028,""trueDamageDone'"
969,"b'ToChampions"":60,""trueDamageTaken"":10},""goldPerSecond"":0,""jungleMinionsKilled"":0,""level"":6,""minionsKilled"":44,""participantId"":8,""'"
970,"b'position"":{""x"":8612,""y"":5568},""timeEnemySpentControlled"":69280,""totalGold"":2341,""xp"":2688},""9"":{""championStats"":{""abilityHaste"":'"
971,"b'0,""abilityPower"":0,""armor"":39,""armorPen"":0,""armorPenPercent"":0,""attackDamage"":94,""attackSpeed"":157,""bonusArmorPenPercent"":0,""bon'"
972,"b'usMagicPenPercent"":0,""ccReduction"":0,""cooldownReduction"":0,""health"":959,""healthMax"":959,""healthRegen"":9,""lifesteal"":0,""magicPen""'"
973,"b':0,""magicPenPercent"":0,""magicResist"":32,""movementSpeed"":380,""omnivamp"":2,""physicalVamp"":0,""power"":351,""powerMax"":351,""powerRegen'"
974,"b'"":15,""spellVamp"":0},""currentGold"":47,""damageStats"":{""magicDamageDone"":1111,""magicDamageDoneToChampions"":418,""magicDamageTaken"":7'"
975,"b'31,""physicalDamageDone"":5561,""physicalDamageDoneToChampions"":1853,""physicalDamageTaken"":2424,""totalDamageDone"":13869,""totalDamag'"
976,"b'eDoneToChampions"":2296,""totalDamageTaken"":3218,""trueDamageDone"":7196,""trueDamageDoneToChampions"":23,""trueDamageTaken"":62},""goldP'"
977,"b'erSecond"":0,""jungleMinionsKilled"":0,""level"":4,""minionsKilled"":41,""participantId"":9,""position"":{""x"":14023,""y"":11331},""timeEnemySp'"
978,"b'entControlled"":4303,""totalGold"":2747,""xp"":1644},""10"":{""championStats"":{""abilityHaste"":0,""abilityPower"":25,""armor"":51,""armorPen"":'"
979,"b'0,""armorPenPercent"":0,""attackDamage"":72,""attackSpeed"":109,""bonusArmorPenPercent"":0,""bonusMagicPenPercent"":0,""ccReduction"":0,""coo'"
980,"b'ldownReduction"":0,""health"":643,""healthMax"":966,""healthRegen"":35,""lifesteal"":0,""magicPen"":0,""magicPenPercent"":0,""magicResist"":38,'"
981,"b'""movementSpeed"":360,""omnivamp"":0,""physicalVamp"":0,""power"":126,""powerMax"":469,""powerRegen"":20,""spellVamp"":0},""currentGold"":782,""d'"
982,"b'amageStats"":{""magicDamageDone"":1670,""magicDamageDoneToChampions"":919,""magicDamageTaken"":1218,""physicalDamageDone"":1728,""physical'"
983,"b'DamageDoneToChampions"":646,""physicalDamageTaken"":1532,""totalDamageDone"":5415,""totalDamageDoneToChampions"":1676,""totalDamageTaken'"
984,"b'"":2836,""trueDamageDone"":2015,""trueDamageDoneToChampions"":110,""trueDamageTaken"":85},""goldPerSecond"":20,""jungleMinionsKilled"":0,""l'"
985,"b'evel"":5,""minionsKilled"":13,""participantId"":10,""position"":{""x"":11599,""y"":1999},""timeEnemySpentControlled"":13613,""totalGold"":1712,'"
986,"b'""xp"":2042}},""timestamp"":420128},{""events"":[{""level"":5,""participantId"":4,""timestamp"":422239,""type"":""LEVEL_UP""},{""levelUpType"":""NO'"
987,"b'RMAL"",""participantId"":4,""skillSlot"":1,""timestamp"":422936,""type"":""SKILL_LEVEL_UP""},{""level"":7,""participantId"":6,""timestamp"":42343'"
988,"b'6,""type"":""LEVEL_UP""},{""levelUpType"":""NORMAL"",""participantId"":6,""skillSlot"":1,""timestamp"":425366,""type"":""SKILL_LEVEL_UP""},{""kille'"
989,"b'rId"":8,""timestamp"":426634,""type"":""WARD_KILL"",""wardType"":""CONTROL_WARD""},{""itemId"":2055,""participantId"":8,""timestamp"":427969,""typ'"
990,"b'e"":""ITEM_DESTROYED""},{""creatorId"":8,""timestamp"":427969,""type"":""WARD_PLACED"",""wardType"":""CONTROL_WARD""},{""itemId"":2403,""participa'"
991,"b'ntId"":5,""timestamp"":432116,""type"":""ITEM_DESTROYED""},{""level"":7,""participantId"":1,""timestamp"":434556,""type"":""LEVEL_UP""},{""levelUp'"
992,"b'Type"":""NORMAL"",""participantId"":1,""skillSlot"":3,""timestamp"":435487,""type"":""SKILL_LEVEL_UP""},{""killerId"":4,""timestamp"":438392,""typ'"
993,"b'e"":""WARD_KILL"",""wardType"":""CONTROL_WARD""},{""itemId"":2055,""participantId"":5,""timestamp"":445089,""type"":""ITEM_DESTROYED""},{""creator'"
994,"b'Id"":5,""timestamp"":445089,""type"":""WARD_PLACED"",""wardType"":""CONTROL_WARD""},{""bounty"":300,""killStreakLength"":0,""killerId"":8,""positi'"
995,"b'on"":{""x"":6550,""y"":6882},""shutdownBounty"":50,""timestamp"":449252,""type"":""CHAMPION_KILL"",""victimDamageDealt"":[{""basic"":false,""magic'"
996,"b'Damage"":78,""name"":""Neeko"",""participantId"":8,""physicalDamage"":0,""spellName"":""neekoe"",""spellSlot"":2,""trueDamage"":0,""type"":""OTHER""}'"
997,"b',{""basic"":false,""magicDamage"":52,""name"":""Neeko"",""participantId"":8,""physicalDamage"":0,""spellName"":"""",""spellSlot"":-1,""trueDamage"":'"
998,"b'0,""type"":""OTHER""},{""basic"":false,""magicDamage"":9,""name"":""Neeko"",""participantId"":8,""physicalDamage"":0,""spellName"":""itemdarkcrysta'"
999,"b'lflask"",""spellSlot"":6,""trueDamage"":0,""type"":""OTHER""},{""basic"":false,""magicDamage"":296,""name"":""Neeko"",""participantId"":8,""physical'"
1000,"b'Damage"":0,""spellName"":""neekoq"",""spellSlot"":0,""trueDamage"":0,""type"":""OTHER""}],""victimDamageReceived"":[{""basic"":false,""magicDamage'"
1001,"b'"":177,""name"":""Sylas"",""participantId"":8,""physicalDamage"":0,""spellName"":""neekor"",""spellSlot"":3,""trueDamage"":0,""type"":""OTHER""},{""ba'"
1002,"b'sic"":false,""magicDamage"":114,""name"":""Sylas"",""participantId"":8,""physicalDamage"":0,""spellName"":""sylase2"",""spellSlot"":2,""trueDamage'"
1003,"b'"":41,""type"":""OTHER""},{""basic"":false,""magicDamage"":369,""name"":""Sylas"",""participantId"":8,""physicalDamage"":0,""spellName"":""sylaspass'"
1004,"b'ive"",""spellSlot"":63,""trueDamage"":0,""type"":""OTHER""},{""basic"":false,""magicDamage"":264,""name"":""Sylas"",""participantId"":8,""physicalDa'"
1005,"b'mage"":0,""spellName"":""sylasq"",""spellSlot"":0,""trueDamage"":0,""type"":""OTHER""},{""basic"":false,""magicDamage"":101,""name"":""Sylas"",""parti'"
1006,"b'cipantId"":8,""physicalDamage"":0,""spellName"":""sylasw"",""spellSlot"":1,""trueDamage"":0,""type"":""OTHER""}],""victimId"":3},{""level"":7,""part'"
1007,"b'icipantId"":8,""timestamp"":451687,""type"":""LEVEL_UP""},{""creatorId"":6,""timestamp"":451853,""type"":""WARD_PLACED"",""wardType"":""YELLOW_TRI'"
1008,"b'NKET""},{""creatorId"":9,""timestamp"":454056,""type"":""WARD_PLACED"",""wardType"":""YELLOW_TRINKET""},{""assistingParticipantIds"":[8,10],""bo'"
1009,"b'unty"":219,""killStreakLength"":0,""killerId"":7,""position"":{""x"":6174,""y"":6762},""shutdownBounty"":0,""timestamp"":456393,""type"":""CHAMPIO'"
1010,"b'N_KILL"",""victimDamageDealt"":[{""basic"":false,""magicDamage"":36,""name"":""Khazix"",""participantId"":8,""physicalDamage"":0,""spellName"":""k'"
1011,"b'hazixpassive"",""spellSlot"":63,""trueDamage"":0,""type"":""OTHER""},{""basic"":false,""magicDamage"":0,""name"":""Khazix"",""participantId"":8,""ph'"
1012,"b'ysicalDamage"":48,""spellName"":""khazixe"",""spellSlot"":2,""trueDamage"":0,""type"":""OTHER""},{""basic"":false,""magicDamage"":0,""name"":""Khazi'"
1013,"b'x"",""participantId"":8,""physicalDamage"":111,""spellName"":""khazixq"",""spellSlot"":0,""trueDamage"":0,""type"":""OTHER""},{""basic"":true,""magi'"
1014,"b'cDamage"":0,""name"":""Khazix"",""participantId"":8,""physicalDamage"":75,""spellName"":""khazixbasicattack2"",""spellSlot"":65,""trueDamage"":0,'"
1015,"b'""type"":""OTHER""}],""victimDamageReceived"":[{""basic"":true,""magicDamage"":0,""name"":""SRU_Razorbeak"",""participantId"":0,""physicalDamage""'"
1016,"b':93,""spellName"":""sru_razorbeakbasicattack2"",""spellSlot"":65,""trueDamage"":0,""type"":""MONSTER""},{""basic"":true,""magicDamage"":0,""name""'"
1017,"b':""SRU_Razorbeak"",""participantId"":0,""physicalDamage"":151,""spellName"":""sru_razorbeakbasicattack"",""spellSlot"":64,""trueDamage"":0,""ty'"
1018,"b'pe"":""MONSTER""},{""basic"":true,""magicDamage"":0,""name"":""SRU_RazorbeakMini"",""participantId"":0,""physicalDamage"":164,""spellName"":""sru_'"
1019,"b'razorbeakminibasicattack2"",""spellSlot"":65,""trueDamage"":0,""type"":""MONSTER""},{""basic"":true,""magicDamage"":0,""name"":""SRU_RazorbeakMi'"
1020,"b'ni"",""participantId"":0,""physicalDamage"":140,""spellName"":""sru_razorbeakminibasicattack"",""spellSlot"":64,""trueDamage"":0,""type"":""MONS'"
1021,"b'TER""},{""basic"":true,""magicDamage"":0,""name"":""Sylas"",""participantId"":8,""physicalDamage"":48,""spellName"":""sylasbasicattack"",""spellSl'"
1022,"b'ot"":64,""trueDamage"":0,""type"":""OTHER""},{""basic"":false,""magicDamage"":116,""name"":""Sylas"",""participantId"":8,""physicalDamage"":0,""spel'"
1023,"b'lName"":""sylase2"",""spellSlot"":2,""trueDamage"":0,""type"":""OTHER""},{""basic"":false,""magicDamage"":85,""name"":""Sylas"",""participantId"":8,""'"
1024,"b'physicalDamage"":0,""spellName"":""sylaspassive"",""spellSlot"":63,""trueDamage"":0,""type"":""OTHER""},{""basic"":true,""magicDamage"":0,""name"":'"
1025,"b'""SRU_ChaosMinionMelee"",""participantId"":0,""physicalDamage"":4,""spellName"":""sru_chaosminionmeleebasicattack"",""spellSlot"":64,""trueDa'"
1026,"b'mage"":0,""type"":""MINION""},{""basic"":true,""magicDamage"":0,""name"":""SRU_ChaosMinionMelee"",""participantId"":0,""physicalDamage"":19,""spel'"
1027,"b'lName"":""sru_chaosminionrangedbasicattack2"",""spellSlot"":65,""trueDamage"":0,""type"":""MINION""},{""basic"":false,""magicDamage"":137,""name'"
1028,"b'"":""Rakan"",""participantId"":10,""physicalDamage"":0,""spellName"":""rakanw"",""spellSlot"":1,""trueDamage"":0,""type"":""OTHER""},{""basic"":false'"
1029,"b',""magicDamage"":0,""name"":""Rakan"",""participantId"":10,""physicalDamage"":0,""spellName"":""summonerdot"",""spellSlot"":4,""trueDamage"":60,""t'"
1030,"b'ype"":""OTHER""},{""basic"":true,""magicDamage"":0,""name"":""Rakan"",""participantId"":10,""physicalDamage"":48,""spellName"":""rakanbasicattacks'"
1031,"b'hort"",""spellSlot"":49,""trueDamage"":0,""type"":""OTHER""},{""basic"":false,""magicDamage"":63,""name"":""Rakan"",""participantId"":10,""physicalD'"
1032,"b'amage"":0,""spellName"":""rakanq"",""spellSlot"":0,""trueDamage"":0,""type"":""OTHER""},{""basic"":true,""magicDamage"":0,""name"":""Rakan"",""partici'"
1033,"b'pantId"":10,""physicalDamage"":48,""spellName"":""rakanbasicattackshort2"",""spellSlot"":49,""trueDamage"":0,""type"":""OTHER""},{""basic"":false'"
1034,"b',""magicDamage"":0,""name"":""Nocturne"",""participantId"":7,""physicalDamage"":138,""spellName"":""nocturneduskbringer"",""spellSlot"":0,""trueD'"
1035,"b'amage"":0,""type"":""OTHER""},{""basic"":false,""magicDamage"":0,""name"":""Nocturne"",""participantId"":7,""physicalDamage"":50,""spellName"":""602'"
1036,"b'9active"",""spellSlot"":7,""trueDamage"":0,""type"":""OTHER""}],""victimId"":2},{""bounty"":300,""killStreakLength"":0,""killerId"":9,""position"":'"
1037,"b'{""x"":11106,""y"":1003},""shutdownBounty"":50,""timestamp"":458661,""type"":""CHAMPION_KILL"",""victimDamageDealt"":[{""basic"":false,""magicDam'"
1038,"b'age"":6,""name"":""Kaisa"",""participantId"":9,""physicalDamage"":0,""spellName"":""kaisapassive"",""spellSlot"":63,""trueDamage"":0,""type"":""OTHE'"
1039,"b'R""},{""basic"":true,""magicDamage"":0,""name"":""Kaisa"",""participantId"":9,""physicalDamage"":71,""spellName"":""kaisabasicattack2"",""spellSlo'"
1040,"b't"":65,""trueDamage"":0,""type"":""OTHER""}],""victimDamageReceived"":[{""basic"":false,""magicDamage"":44,""name"":""Zeri"",""participantId"":9,""p'"
1041,"b'hysicalDamage"":0,""spellName"":"""",""spellSlot"":-1,""trueDamage"":0,""type"":""OTHER""},{""basic"":false,""magicDamage"":0,""name"":""Zeri"",""part'"
1042,"b'icipantId"":9,""physicalDamage"":254,""spellName"":""zeriq"",""spellSlot"":0,""trueDamage"":0,""type"":""OTHER""},{""basic"":false,""magicDamage"":'"
1043,"b'36,""name"":""Zeri"",""participantId"":9,""physicalDamage"":0,""spellName"":""zerie"",""spellSlot"":2,""trueDamage"":0,""type"":""OTHER""},{""basic"":'"
1044,"b'false,""magicDamage"":100,""name"":""Zeri"",""participantId"":9,""physicalDamage"":0,""spellName"":"""",""spellSlot"":63,""trueDamage"":0,""type"":""'"
1045,"b'OTHER""}],""victimId"":4},{""level"":5,""participantId"":9,""timestamp"":458661,""type"":""LEVEL_UP""},{""levelUpType"":""NORMAL"",""participantId'"
1046,"b'"":8,""skillSlot"":2,""timestamp"":460359,""type"":""SKILL_LEVEL_UP""},{""itemId"":1028,""participantId"":2,""timestamp"":460791,""type"":""ITEM_P'"
1047,"b'URCHASED""},{""itemId"":1036,""participantId"":4,""timestamp"":468685,""type"":""ITEM_DESTROYED""},{""itemId"":1042,""participantId"":4,""timest'"
1048,"b'amp"":468685,""type"":""ITEM_DESTROYED""},{""itemId"":1036,""participantId"":4,""timestamp"":468685,""type"":""ITEM_DESTROYED""},{""itemId"":6670'"
1049,"b',""participantId"":4,""timestamp"":468685,""type"":""ITEM_PURCHASED""},{""itemId"":1043,""participantId"":4,""timestamp"":469319,""type"":""ITEM_'"
1050,"b'PURCHASED""},{""levelUpType"":""NORMAL"",""participantId"":9,""skillSlot"":1,""timestamp"":469452,""type"":""SKILL_LEVEL_UP""}],""participantFra'"
1051,"b'mes"":{""1"":{""championStats"":{""abilityHaste"":0,""abilityPower"":0,""armor"":75,""armorPen"":0,""armorPenPercent"":0,""attackDamage"":111,""at'"
1052,"b'tackSpeed"":129,""bonusArmorPenPercent"":0,""bonusMagicPenPercent"":0,""ccReduction"":0,""cooldownReduction"":0,""health"":1449,""healthMax""'"
1053,"b':1449,""healthRegen"":124,""lifesteal"":0,""magicPen"":0,""magicPenPercent"":0,""magicResist"":50,""movementSpeed"":370,""omnivamp"":0,""physic'"
1054,"b'alVamp"":0,""power"":0,""powerMax"":0,""powerRegen"":0,""spellVamp"":0},""currentGold"":379,""damageStats"":{""magicDamageDone"":23,""magicDamag'"
1055,"b'eDoneToChampions"":23,""magicDamageTaken"":0,""physicalDamageDone"":20510,""physicalDamageDoneToChampions"":1052,""physicalDamageTaken"":'"
1056,"b'1726,""totalDamageDone"":26734,""totalDamageDoneToChampions"":1206,""totalDamageTaken"":1856,""trueDamageDone"":6200,""trueDamageDoneToCh'"
1057,"b'ampions"":130,""trueDamageTaken"":130},""goldPerSecond"":0,""jungleMinionsKilled"":0,""level"":7,""minionsKilled"":57,""participantId"":1,""po'"
1058,"b'sition"":{""x"":2873,""y"":13237},""timeEnemySpentControlled"":15894,""totalGold"":2379,""xp"":3788},""2"":{""championStats"":{""abilityHaste"":0'"
1059,"b',""abilityPower"":0,""armor"":48,""armorPen"":0,""armorPenPercent"":0,""attackDamage"":104,""attackSpeed"":124,""bonusArmorPenPercent"":0,""bon'"
1060,"b'usMagicPenPercent"":0,""ccReduction"":0,""cooldownReduction"":0,""health"":1143,""healthMax"":1143,""healthRegen"":19,""lifesteal"":0,""magicP'"
1061,"b'en"":0,""magicPenPercent"":0,""magicResist"":38,""movementSpeed"":350,""omnivamp"":0,""physicalVamp"":0,""power"":450,""powerMax"":450,""powerRe'"
1062,"b'gen"":18,""spellVamp"":0},""currentGold"":236,""damageStats"":{""magicDamageDone"":109,""magicDamageDoneToChampions"":109,""magicDamageTaken'"
1063,"b'"":2282,""physicalDamageDone"":21730,""physicalDamageDoneToChampions"":1462,""physicalDamageTaken"":5042,""totalDamageDone"":30514,""total'"
1064,"b'DamageDoneToChampions"":1592,""totalDamageTaken"":7427,""trueDamageDone"":8674,""trueDamageDoneToChampions"":20,""trueDamageTaken"":101},'"
1065,"b'""goldPerSecond"":0,""jungleMinionsKilled"":38,""level"":5,""minionsKilled"":1,""participantId"":2,""position"":{""x"":4619,""y"":1521},""timeEne'"
1066,"b'mySpentControlled"":53526,""totalGold"":2191,""xp"":2204},""3"":{""championStats"":{""abilityHaste"":0,""abilityPower"":44,""armor"":37,""armorP'"
1067,"b'en"":0,""armorPenPercent"":0,""attackDamage"":55,""attackSpeed"":120,""bonusArmorPenPercent"":0,""bonusMagicPenPercent"":0,""ccReduction"":0,'"
1068,"b'""cooldownReduction"":0,""health"":834,""healthMax"":1015,""healthRegen"":102,""lifesteal"":0,""magicPen"":18,""magicPenPercent"":0,""magicResi'"
1069,"b'st"":34,""movementSpeed"":421,""omnivamp"":0,""physicalVamp"":0,""power"":772,""powerMax"":912,""powerRegen"":80,""spellVamp"":0},""currentGold""'"
1070,"b':479,""damageStats"":{""magicDamageDone"":14179,""magicDamageDoneToChampions"":3478,""magicDamageTaken"":2207,""physicalDamageDone"":3349,'"
1071,"b'""physicalDamageDoneToChampions"":1755,""physicalDamageTaken"":2936,""totalDamageDone"":20134,""totalDamageDoneToChampions"":5234,""total'"
1072,"b'DamageTaken"":5227,""trueDamageDone"":2605,""trueDamageDoneToChampions"":0,""trueDamageTaken"":83},""goldPerSecond"":0,""jungleMinionsKill'"
1073,"b'ed"":0,""level"":5,""minionsKilled"":40,""participantId"":3,""position"":{""x"":6989,""y"":6996},""timeEnemySpentControlled"":44235,""totalGold""'"
1074,"b':2944,""xp"":2224},""4"":{""championStats"":{""abilityHaste"":0,""abilityPower"":0,""armor"":46,""armorPen"":0,""armorPenPercent"":0,""attackDama'"
1075,"b'ge"":110,""attackSpeed"":145,""bonusArmorPenPercent"":0,""bonusMagicPenPercent"":0,""ccReduction"":0,""cooldownReduction"":0,""health"":1035,'"
1076,"b'""healthMax"":1035,""healthRegen"":10,""lifesteal"":1,""magicPen"":0,""magicPenPercent"":0,""magicResist"":34,""movementSpeed"":382,""omnivamp""'"
1077,"b':2,""physicalVamp"":0,""power"":588,""powerMax"":588,""powerRegen"":20,""spellVamp"":0},""currentGold"":197,""damageStats"":{""magicDamageDone""'"
1078,"b':1892,""magicDamageDoneToChampions"":1202,""magicDamageTaken"":488,""physicalDamageDone"":11582,""physicalDamageDoneToChampions"":2745,""'"
1079,"b'physicalDamageTaken"":2580,""totalDamageDone"":13474,""totalDamageDoneToChampions"":3948,""totalDamageTaken"":3069,""trueDamageDone"":0,""'"
1080,"b'trueDamageDoneToChampions"":0,""trueDamageTaken"":0},""goldPerSecond"":0,""jungleMinionsKilled"":0,""level"":5,""minionsKilled"":50,""partic'"
1081,"b'ipantId"":4,""position"":{""x"":3973,""y"":726},""timeEnemySpentControlled"":0,""totalGold"":2927,""xp"":2155},""5"":{""championStats"":{""ability'"
1082,"b'Haste"":0,""abilityPower"":5,""armor"":85,""armorPen"":0,""armorPenPercent"":0,""attackDamage"":64,""attackSpeed"":134,""bonusArmorPenPercent""'"
1083,"b':0,""bonusMagicPenPercent"":0,""ccReduction"":17,""cooldownReduction"":0,""health"":607,""healthMax"":1111,""healthRegen"":30,""lifesteal"":0,'"
1084,"b'""magicPen"":0,""magicPenPercent"":0,""magicResist"":40,""movementSpeed"":478,""omnivamp"":0,""physicalVamp"":0,""power"":264,""powerMax"":489,""'"
1085,"b'powerRegen"":14,""spellVamp"":0},""currentGold"":403,""damageStats"":{""magicDamageDone"":971,""magicDamageDoneToChampions"":613,""magicDama'"
1086,"b'geTaken"":1318,""physicalDamageDone"":1149,""physicalDamageDoneToChampions"":541,""physicalDamageTaken"":1298,""totalDamageDone"":6080,""t'"
1087,"b'otalDamageDoneToChampions"":1302,""totalDamageTaken"":2750,""trueDamageDone"":3959,""trueDamageDoneToChampions"":147,""trueDamageTaken"":'"
1088,"b'133},""goldPerSecond"":20,""jungleMinionsKilled"":0,""level"":5,""minionsKilled"":12,""participantId"":5,""position"":{""x"":7056,""y"":5267},""t'"
1089,"b'imeEnemySpentControlled"":64244,""totalGold"":2053,""xp"":2197},""6"":{""championStats"":{""abilityHaste"":0,""abilityPower"":0,""armor"":60,""a'"
1090,"b'rmorPen"":0,""armorPenPercent"":0,""attackDamage"":142,""attackSpeed"":116,""bonusArmorPenPercent"":0,""bonusMagicPenPercent"":0,""ccReducti'"
1091,"b'on"":9,""cooldownReduction"":0,""health"":1194,""healthMax"":1194,""healthRegen"":93,""lifesteal"":0,""magicPen"":0,""magicPenPercent"":0,""magi'"
1092,"b'cResist"":41,""movementSpeed"":340,""omnivamp"":2,""physicalVamp"":0,""power"":0,""powerMax"":0,""powerRegen"":0,""spellVamp"":0},""currentGold""'"
1093,"b':584,""damageStats"":{""magicDamageDone"":0,""magicDamageDoneToChampions"":0,""magicDamageTaken"":199,""physicalDamageDone"":22242,""physic'"
1094,"b'alDamageDoneToChampions"":2073,""physicalDamageTaken"":1727,""totalDamageDone"":22565,""totalDamageDoneToChampions"":2203,""totalDamageT'"
1095,"b'aken"":2056,""trueDamageDone"":323,""trueDamageDoneToChampions"":130,""trueDamageTaken"":130},""goldPerSecond"":0,""jungleMinionsKilled"":0'"
1096,"b',""level"":7,""minionsKilled"":65,""participantId"":6,""position"":{""x"":3403,""y"":13148},""timeEnemySpentControlled"":50287,""totalGold"":280'"
1097,"b'9,""xp"":3725},""7"":{""championStats"":{""abilityHaste"":0,""abilityPower"":0,""armor"":58,""armorPen"":0,""armorPenPercent"":0,""attackDamage"":'"
1098,"b'171,""attackSpeed"":163,""bonusArmorPenPercent"":0,""bonusMagicPenPercent"":0,""ccReduction"":15,""cooldownReduction"":0,""health"":850,""hea'"
1099,"b'lthMax"":991,""healthRegen"":18,""lifesteal"":0,""magicPen"":0,""magicPenPercent"":0,""magicResist"":36,""movementSpeed"":319,""omnivamp"":0,""p'"
1100,"b'hysicalVamp"":0,""power"":175,""powerMax"":383,""powerRegen"":93,""spellVamp"":0},""currentGold"":709,""damageStats"":{""magicDamageDone"":920,'"
1101,"b'""magicDamageDoneToChampions"":198,""magicDamageTaken"":1463,""physicalDamageDone"":29258,""physicalDamageDoneToChampions"":3068,""physic'"
1102,"b'alDamageTaken"":4869,""totalDamageDone"":37910,""totalDamageDoneToChampions"":3270,""totalDamageTaken"":6343,""trueDamageDone"":7732,""tru'"
1103,"b'eDamageDoneToChampions"":3,""trueDamageTaken"":10},""goldPerSecond"":0,""jungleMinionsKilled"":34,""level"":5,""minionsKilled"":4,""particip'"
1104,"b'antId"":7,""position"":{""x"":9902,""y"":4449},""timeEnemySpentControlled"":50319,""totalGold"":3559,""xp"":2049},""8"":{""championStats"":{""abil'"
1105,"b'ityHaste"":0,""abilityPower"":85,""armor"":52,""armorPen"":0,""armorPenPercent"":0,""attackDamage"":75,""attackSpeed"":116,""bonusArmorPenPerc'"
1106,"b'ent"":0,""bonusMagicPenPercent"":0,""ccReduction"":0,""cooldownReduction"":0,""health"":908,""healthMax"":1350,""healthRegen"":77,""lifesteal""'"
1107,"b':0,""magicPen"":0,""magicPenPercent"":0,""magicResist"":52,""movementSpeed"":340,""omnivamp"":0,""physicalVamp"":0,""power"":904,""powerMax"":94'"
1108,"b'9,""powerRegen"":168,""spellVamp"":0},""currentGold"":908,""damageStats"":{""magicDamageDone"":15460,""magicDamageDoneToChampions"":3284,""ma'"
1109,"b'gicDamageTaken"":2420,""physicalDamageDone"":1660,""physicalDamageDoneToChampions"":244,""physicalDamageTaken"":2622,""totalDamageDone"":'"
1110,"b'18226,""totalDamageDoneToChampions"":3650,""totalDamageTaken"":5053,""trueDamageDone"":1104,""trueDamageDoneToChampions"":121,""trueDamag'"
1111,"b'eTaken"":10},""goldPerSecond"":0,""jungleMinionsKilled"":0,""level"":7,""minionsKilled"":53,""participantId"":8,""position"":{""x"":7670,""y"":70'"
1112,"b'63},""timeEnemySpentControlled"":90651,""totalGold"":3163,""xp"":3373},""9"":{""championStats"":{""abilityHaste"":0,""abilityPower"":0,""armor""'"
1113,"b':42,""armorPen"":0,""armorPenPercent"":0,""attackDamage"":95,""attackSpeed"":160,""bonusArmorPenPercent"":0,""bonusMagicPenPercent"":0,""ccRe'"
1114,"b'duction"":0,""cooldownReduction"":0,""health"":754,""healthMax"":1049,""healthRegen"":10,""lifesteal"":0,""magicPen"":0,""magicPenPercent"":0,""'"
1115,"b'magicResist"":34,""movementSpeed"":380,""omnivamp"":2,""physicalVamp"":0,""power"":248,""powerMax"":389,""powerRegen"":16,""spellVamp"":0},""cur'"
1116,"b'rentGold"":734,""damageStats"":{""magicDamageDone"":1923,""magicDamageDoneToChampions"":600,""magicDamageTaken"":738,""physicalDamageDone""'"
1117,"b':8574,""physicalDamageDoneToChampions"":2107,""physicalDamageTaken"":2905,""totalDamageDone"":17710,""totalDamageDoneToChampions"":2732,'"
1118,"b'""totalDamageTaken"":3706,""trueDamageDone"":7213,""trueDamageDoneToChampions"":23,""trueDamageTaken"":62},""goldPerSecond"":0,""jungleMini'"
1119,"b'onsKilled"":0,""level"":5,""minionsKilled"":49,""participantId"":9,""position"":{""x"":13362,""y"":3815},""timeEnemySpentControlled"":4303,""tot'"
1120,"b'alGold"":3434,""xp"":2281},""10"":{""championStats"":{""abilityHaste"":0,""abilityPower"":25,""armor"":51,""armorPen"":0,""armorPenPercent"":0,""a'"
1121,"b'ttackDamage"":72,""attackSpeed"":109,""bonusArmorPenPercent"":0,""bonusMagicPenPercent"":0,""ccReduction"":0,""cooldownReduction"":0,""healt'"
1122,"b'h"":435,""healthMax"":969,""healthRegen"":19,""lifesteal"":0,""magicPen"":0,""magicPenPercent"":0,""magicResist"":38,""movementSpeed"":360,""omn'"
1123,"b'ivamp"":0,""physicalVamp"":0,""power"":76,""powerMax"":469,""powerRegen"":20,""spellVamp"":0},""currentGold"":971,""damageStats"":{""magicDamage'"
1124,"b'Done"":2464,""magicDamageDoneToChampions"":1119,""magicDamageTaken"":1218,""physicalDamageDone"":1867,""physicalDamageDoneToChampions"":7'"
1125,"b'86,""physicalDamageTaken"":2211,""totalDamageDone"":6408,""totalDamageDoneToChampions"":2076,""totalDamageTaken"":3514,""trueDamageDone"":'"
1126,"b'2075,""trueDamageDoneToChampions"":170,""trueDamageTaken"":85},""goldPerSecond"":20,""jungleMinionsKilled"":0,""level"":5,""minionsKilled"":'"
1127,"b'13,""participantId"":10,""position"":{""x"":9707,""y"":4318},""timeEnemySpentControlled"":16953,""totalGold"":1901,""xp"":2250}},""timestamp"":4'"
1128,"b'80155},{""events"":[{""killerId"":7,""timestamp"":482989,""type"":""WARD_KILL"",""wardType"":""CONTROL_WARD""},{""creatorId"":10,""timestamp"":482'"
1129,"b'989,""type"":""WARD_PLACED"",""wardType"":""UNDEFINED""},{""level"":6,""participantId"":9,""timestamp"":486489,""type"":""LEVEL_UP""},{""level"":8,""'"
1130,"b'participantId"":1,""timestamp"":488289,""type"":""LEVEL_UP""},{""levelUpType"":""NORMAL"",""participantId"":1,""skillSlot"":3,""timestamp"":48901'"
1131,"b'8,""type"":""SKILL_LEVEL_UP""},{""bounty"":300,""killStreakLength"":1,""killerId"":8,""position"":{""x"":6681,""y"":6687},""shutdownBounty"":0,""ti'"
1132,"b'mestamp"":491750,""type"":""CHAMPION_KILL"",""victimDamageDealt"":[{""basic"":false,""magicDamage"":73,""name"":""Neeko"",""participantId"":8,""ph'"
1133,"b'ysicalDamage"":0,""spellName"":""neekoe"",""spellSlot"":2,""trueDamage"":0,""type"":""OTHER""},{""basic"":true,""magicDamage"":0,""name"":""Neeko"",""'"
1134,"b'participantId"":8,""physicalDamage"":292,""spellName"":"""",""spellSlot"":63,""trueDamage"":0,""type"":""OTHER""},{""basic"":false,""magicDamage"":'"
1135,"b'197,""name"":""Neeko"",""participantId"":8,""physicalDamage"":0,""spellName"":"""",""spellSlot"":63,""trueDamage"":0,""type"":""OTHER""},{""basic"":tr'"
1136,"b'ue,""magicDamage"":0,""name"":""Neeko"",""participantId"":8,""physicalDamage"":109,""spellName"":""neekobasicattack"",""spellSlot"":64,""trueDama'"
1137,"b'ge"":0,""type"":""OTHER""},{""basic"":false,""magicDamage"":82,""name"":""Neeko"",""participantId"":8,""physicalDamage"":0,""spellName"":"""",""spellS'"
1138,"b'lot"":-1,""trueDamage"":0,""type"":""OTHER""},{""basic"":false,""magicDamage"":63,""name"":""Neeko"",""participantId"":8,""physicalDamage"":0,""spel'"
1139,"b'lName"":""itemdarkcrystalflask"",""spellSlot"":6,""trueDamage"":0,""type"":""OTHER""},{""basic"":false,""magicDamage"":214,""name"":""Neeko"",""part'"
1140,"b'icipantId"":8,""physicalDamage"":0,""spellName"":""neekoq"",""spellSlot"":0,""trueDamage"":0,""type"":""OTHER""}],""victimDamageReceived"":[{""bas'"
1141,"b'ic"":false,""magicDamage"":270,""name"":""Sylas"",""participantId"":8,""physicalDamage"":0,""spellName"":""sylasw"",""spellSlot"":1,""trueDamage"":'"
1142,"b'20,""type"":""OTHER""},{""basic"":false,""magicDamage"":356,""name"":""Sylas"",""participantId"":8,""physicalDamage"":0,""spellName"":""sylaspassiv'"
1143,"b'e"",""spellSlot"":63,""trueDamage"":0,""type"":""OTHER""},{""basic"":false,""magicDamage"":123,""name"":""Sylas"",""participantId"":8,""physicalDama'"
1144,"b'ge"":0,""spellName"":""sylase2"",""spellSlot"":2,""trueDamage"":0,""type"":""OTHER""},{""basic"":true,""magicDamage"":0,""name"":""Sylas"",""participa'"
1145,"b'ntId"":8,""physicalDamage"":55,""spellName"":""sylasbasicattack"",""spellSlot"":64,""trueDamage"":0,""type"":""OTHER""},{""basic"":false,""magicDa'"
1146,"b'mage"":276,""name"":""Sylas"",""participantId"":8,""physicalDamage"":0,""spellName"":""sylasq"",""spellSlot"":0,""trueDamage"":0,""type"":""OTHER""},'"
1147,"b'{""basic"":true,""magicDamage"":0,""name"":""SRU_ChaosMinionMelee"",""participantId"":0,""physicalDamage"":21,""spellName"":""sru_chaosminionra'"
1148,"b'ngedbasicattack"",""spellSlot"":64,""trueDamage"":0,""type"":""MINION""},{""basic"":true,""magicDamage"":0,""name"":""SRU_ChaosMinionMelee"",""par'"
1149,"b'ticipantId"":0,""physicalDamage"":43,""spellName"":""sru_chaosminionmeleebasicattack"",""spellSlot"":64,""trueDamage"":0,""type"":""MINION""},{'"
1150,"b'""basic"":true,""magicDamage"":0,""name"":""SRU_ChaosMinionMelee"",""participantId"":0,""physicalDamage"":32,""spellName"":""sru_chaosminionran'"
1151,"b'gedbasicattack2"",""spellSlot"":65,""trueDamage"":0,""type"":""MINION""}],""victimId"":3},{""levelUpType"":""NORMAL"",""participantId"":9,""skillS'"
1152,"b'lot"":4,""timestamp"":493587,""type"":""SKILL_LEVEL_UP""},{""creatorId"":2,""timestamp"":494290,""type"":""WARD_PLACED"",""wardType"":""YELLOW_TRI'"
1153,"b'NKET""},{""assistingParticipantIds"":[5,7,10],""bounty"":0,""killerId"":2,""killerTeamId"":100,""monsterSubType"":""WATER_DRAGON"",""monsterTy'"
1154,"b'pe"":""DRAGON"",""position"":{""x"":9866,""y"":4416},""timestamp"":495794,""type"":""ELITE_MONSTER_KILL""},{""itemId"":1011,""participantId"":10,""t'"
1155,"b'imestamp"":496458,""type"":""ITEM_PURCHASED""},{""itemId"":2055,""participantId"":10,""timestamp"":498658,""type"":""ITEM_PURCHASED""},{""itemId'"
1156,"b'"":1052,""participantId"":3,""timestamp"":501597,""type"":""ITEM_PURCHASED""},{""creatorId"":1,""timestamp"":503030,""type"":""WARD_PLACED"",""war'"
1157,"b'dType"":""YELLOW_TRINKET""},{""level"":6,""participantId"":4,""timestamp"":504764,""type"":""LEVEL_UP""},{""levelUpType"":""NORMAL"",""participant'"
1158,"b'Id"":4,""skillSlot"":4,""timestamp"":505670,""type"":""SKILL_LEVEL_UP""},{""itemId"":1036,""participantId"":9,""timestamp"":506970,""type"":""ITEM'"
1159,"b'_PURCHASED""},{""itemId"":3067,""participantId"":8,""timestamp"":507104,""type"":""ITEM_PURCHASED""},{""itemId"":1042,""participantId"":9,""time'"
1160,"b'stamp"":508475,""type"":""ITEM_PURCHASED""},{""itemId"":1054,""participantId"":8,""timestamp"":509375,""type"":""ITEM_SOLD""},{""itemId"":2422,""p'"
1161,"b'articipantId"":8,""timestamp"":509640,""type"":""ITEM_DESTROYED""},{""itemId"":3158,""participantId"":8,""timestamp"":509640,""type"":""ITEM_PUR'"
1162,"b'CHASED""},{""itemId"":3340,""participantId"":8,""timestamp"":511470,""type"":""ITEM_DESTROYED""},{""itemId"":3364,""participantId"":8,""timestam'"
1163,"b'p"":511470,""type"":""ITEM_PURCHASED""},{""killerId"":4,""timestamp"":512468,""type"":""WARD_KILL"",""wardType"":""YELLOW_TRINKET""},{""level"":6,""'"
1164,"b'participantId"":2,""timestamp"":514467,""type"":""LEVEL_UP""},{""levelUpType"":""NORMAL"",""participantId"":2,""skillSlot"":4,""timestamp"":51480'"
1165,"b'0,""type"":""SKILL_LEVEL_UP""},{""levelUpType"":""EVOLVE"",""participantId"":2,""skillSlot"":4,""timestamp"":515832,""type"":""SKILL_LEVEL_UP""},{'"
1166,"b'""level"":8,""participantId"":6,""timestamp"":517436,""type"":""LEVEL_UP""},{""level"":6,""participantId"":5,""timestamp"":518069,""type"":""LEVEL_'"
1167,"b'UP""},{""levelUpType"":""NORMAL"",""participantId"":6,""skillSlot"":3,""timestamp"":518472,""type"":""SKILL_LEVEL_UP""},{""levelUpType"":""NORMAL""'"
1168,"b',""participantId"":5,""skillSlot"":4,""timestamp"":518938,""type"":""SKILL_LEVEL_UP""},{""itemId"":3858,""participantId"":5,""timestamp"":525305'"
1169,"b',""type"":""ITEM_DESTROYED""},{""creatorId"":5,""timestamp"":525870,""type"":""WARD_PLACED"",""wardType"":""SIGHT_WARD""},{""level"":6,""participan'"
1170,"b'tId"":3,""timestamp"":529168,""type"":""LEVEL_UP""},{""levelUpType"":""NORMAL"",""participantId"":3,""skillSlot"":4,""timestamp"":530436,""type"":""'"
1171,"b'SKILL_LEVEL_UP""},{""itemId"":1028,""participantId"":5,""timestamp"":531634,""type"":""ITEM_DESTROYED""},{""itemId"":1029,""participantId"":5,""'"
1172,"b'timestamp"":531634,""type"":""ITEM_DESTROYED""},{""itemId"":3023,""participantId"":5,""timestamp"":531634,""type"":""ITEM_PURCHASED""},{""itemId'"
1173,"b'"":2055,""participantId"":5,""timestamp"":532132,""type"":""ITEM_PURCHASED""},{""level"":6,""participantId"":10,""timestamp"":535531,""type"":""LE'"
1174,"b'VEL_UP""},{""levelUpType"":""NORMAL"",""participantId"":10,""skillSlot"":4,""timestamp"":536965,""type"":""SKILL_LEVEL_UP""}],""participantFrame'"
1175,"b's"":{""1"":{""championStats"":{""abilityHaste"":0,""abilityPower"":0,""armor"":81,""armorPen"":0,""armorPenPercent"":0,""attackDamage"":115,""atta'"
1176,"b'ckSpeed"":133,""bonusArmorPenPercent"":0,""bonusMagicPenPercent"":0,""ccReduction"":0,""cooldownReduction"":0,""health"":385,""healthMax"":15'"
1177,"b'46,""healthRegen"":289,""lifesteal"":0,""magicPen"":0,""magicPenPercent"":0,""magicResist"":53,""movementSpeed"":370,""omnivamp"":0,""physicalV'"
1178,"b'amp"":0,""power"":0,""powerMax"":0,""powerRegen"":0,""spellVamp"":0},""currentGold"":649,""damageStats"":{""magicDamageDone"":23,""magicDamageDo'"
1179,"b'neToChampions"":23,""magicDamageTaken"":0,""physicalDamageDone"":25456,""physicalDamageDoneToChampions"":1494,""physicalDamageTaken"":356'"
1180,"b'6,""totalDamageDone"":31890,""totalDamageDoneToChampions"":1858,""totalDamageTaken"":3848,""trueDamageDone"":6410,""trueDamageDoneToChamp'"
1181,"b'ions"":340,""trueDamageTaken"":282},""goldPerSecond"":0,""jungleMinionsKilled"":0,""level"":8,""minionsKilled"":65,""participantId"":1,""posit'"
1182,"b'ion"":{""x"":1144,""y"":10262},""timeEnemySpentControlled"":15894,""totalGold"":2649,""xp"":4250},""2"":{""championStats"":{""abilityHaste"":0,""a'"
1183,"b'bilityPower"":0,""armor"":52,""armorPen"":0,""armorPenPercent"":0,""attackDamage"":107,""attackSpeed"":129,""bonusArmorPenPercent"":0,""bonusM'"
1184,"b'agicPenPercent"":0,""ccReduction"":0,""cooldownReduction"":0,""health"":982,""healthMax"":1235,""healthRegen"":20,""lifesteal"":0,""magicPen"":'"
1185,"b'0,""magicPenPercent"":0,""magicResist"":40,""movementSpeed"":350,""omnivamp"":0,""physicalVamp"":0,""power"":394,""powerMax"":485,""powerRegen""'"
1186,"b':64,""spellVamp"":0},""currentGold"":580,""damageStats"":{""magicDamageDone"":147,""magicDamageDoneToChampions"":147,""magicDamageTaken"":29'"
1187,"b'58,""physicalDamageDone"":26574,""physicalDamageDoneToChampions"":1870,""physicalDamageTaken"":5638,""totalDamageDone"":36557,""totalDama'"
1188,"b'geDoneToChampions"":2037,""totalDamageTaken"":8698,""trueDamageDone"":9835,""trueDamageDoneToChampions"":20,""trueDamageTaken"":101},""gol'"
1189,"b'dPerSecond"":0,""jungleMinionsKilled"":50,""level"":6,""minionsKilled"":1,""participantId"":2,""position"":{""x"":11171,""y"":6190},""timeEnemyS'"
1190,"b'pentControlled"":55259,""totalGold"":2535,""xp"":2922},""3"":{""championStats"":{""abilityHaste"":0,""abilityPower"":64,""armor"":41,""armorPen""'"
1191,"b':0,""armorPenPercent"":0,""attackDamage"":57,""attackSpeed"":123,""bonusArmorPenPercent"":0,""bonusMagicPenPercent"":0,""ccReduction"":0,""co'"
1192,"b'oldownReduction"":0,""health"":994,""healthMax"":1112,""healthRegen"":104,""lifesteal"":0,""magicPen"":18,""magicPenPercent"":0,""magicResist""'"
1193,"b':35,""movementSpeed"":385,""omnivamp"":0,""physicalVamp"":0,""power"":778,""powerMax"":938,""powerRegen"":82,""spellVamp"":0},""currentGold"":28'"
1194,"b'8,""damageStats"":{""magicDamageDone"":17703,""magicDamageDoneToChampions"":4351,""magicDamageTaken"":3149,""physicalDamageDone"":3909,""ph'"
1195,"b'ysicalDamageDoneToChampions"":2088,""physicalDamageTaken"":3090,""totalDamageDone"":24217,""totalDamageDoneToChampions"":6440,""totalDam'"
1196,"b'ageTaken"":6335,""trueDamageDone"":2605,""trueDamageDoneToChampions"":0,""trueDamageTaken"":95},""goldPerSecond"":0,""jungleMinionsKilled""'"
1197,"b':0,""level"":6,""minionsKilled"":44,""participantId"":3,""position"":{""x"":7605,""y"":7234},""timeEnemySpentControlled"":51921,""totalGold"":31'"
1198,"b'88,""xp"":2534},""4"":{""championStats"":{""abilityHaste"":0,""abilityPower"":0,""armor"":50,""armorPen"":0,""armorPenPercent"":0,""attackDamage""'"
1199,"b':112,""attackSpeed"":147,""bonusArmorPenPercent"":0,""bonusMagicPenPercent"":0,""ccReduction"":0,""cooldownReduction"":0,""health"":1122,""he'"
1200,"b'althMax"":1122,""healthRegen"":11,""lifesteal"":1,""magicPen"":0,""magicPenPercent"":0,""magicResist"":35,""movementSpeed"":335,""omnivamp"":2,'"
1201,"b'""physicalVamp"":0,""power"":544,""powerMax"":623,""powerRegen"":21,""spellVamp"":0},""currentGold"":593,""damageStats"":{""magicDamageDone"":23'"
1202,"b'52,""magicDamageDoneToChampions"":1202,""magicDamageTaken"":488,""physicalDamageDone"":15134,""physicalDamageDoneToChampions"":2745,""phy'"
1203,"b'sicalDamageTaken"":2600,""totalDamageDone"":17486,""totalDamageDoneToChampions"":3948,""totalDamageTaken"":3089,""trueDamageDone"":0,""tru'"
1204,"b'eDamageDoneToChampions"":0,""trueDamageTaken"":0},""goldPerSecond"":0,""jungleMinionsKilled"":0,""level"":6,""minionsKilled"":63,""participa'"
1205,"b'ntId"":4,""position"":{""x"":11747,""y"":2201},""timeEnemySpentControlled"":0,""totalGold"":3328,""xp"":2697},""5"":{""championStats"":{""abilityH'"
1206,"b'aste"":0,""abilityPower"":10,""armor"":89,""armorPen"":0,""armorPenPercent"":0,""attackDamage"":66,""attackSpeed"":105,""bonusArmorPenPercent""'"
1207,"b':0,""bonusMagicPenPercent"":0,""ccReduction"":5,""cooldownReduction"":0,""health"":1270,""healthMax"":1270,""healthRegen"":38,""lifesteal"":0,'"
1208,"b'""magicPen"":0,""magicPenPercent"":0,""magicResist"":37,""movementSpeed"":375,""omnivamp"":0,""physicalVamp"":0,""power"":456,""powerMax"":527,""'"
1209,"b'powerRegen"":14,""spellVamp"":0},""currentGold"":191,""damageStats"":{""magicDamageDone"":1017,""magicDamageDoneToChampions"":659,""magicDam'"
1210,"b'ageTaken"":1318,""physicalDamageDone"":1609,""physicalDamageDoneToChampions"":582,""physicalDamageTaken"":1298,""totalDamageDone"":7243,""'"
1211,"b'totalDamageDoneToChampions"":1389,""totalDamageTaken"":2750,""trueDamageDone"":4616,""trueDamageDoneToChampions"":147,""trueDamageTaken""'"
1212,"b':133},""goldPerSecond"":30,""jungleMinionsKilled"":0,""level"":6,""minionsKilled"":13,""participantId"":5,""position"":{""x"":3715,""y"":1009},""'"
1213,"b'timeEnemySpentControlled"":66115,""totalGold"":2266,""xp"":2517},""6"":{""championStats"":{""abilityHaste"":0,""abilityPower"":0,""armor"":64,""'"
1214,"b'armorPen"":0,""armorPenPercent"":0,""attackDamage"":145,""attackSpeed"":120,""bonusArmorPenPercent"":0,""bonusMagicPenPercent"":0,""ccReduct'"
1215,"b'ion"":11,""cooldownReduction"":0,""health"":797,""healthMax"":1287,""healthRegen"":106,""lifesteal"":0,""magicPen"":0,""magicPenPercent"":0,""ma'"
1216,"b'gicResist"":43,""movementSpeed"":340,""omnivamp"":2,""physicalVamp"":0,""power"":0,""powerMax"":0,""powerRegen"":0,""spellVamp"":0},""currentGol'"
1217,"b'd"":981,""damageStats"":{""magicDamageDone"":0,""magicDamageDoneToChampions"":0,""magicDamageTaken"":199,""physicalDamageDone"":30046,""phys'"
1218,"b'icalDamageDoneToChampions"":3850,""physicalDamageTaken"":2313,""totalDamageDone"":30521,""totalDamageDoneToChampions"":4132,""totalDamag'"
1219,"b'eTaken"":2853,""trueDamageDone"":475,""trueDamageDoneToChampions"":282,""trueDamageTaken"":340},""goldPerSecond"":0,""jungleMinionsKilled""'"
1220,"b':0,""level"":8,""minionsKilled"":78,""participantId"":6,""position"":{""x"":1451,""y"":11062},""timeEnemySpentControlled"":59290,""totalGold"":3'"
1221,"b'206,""xp"":4465},""7"":{""championStats"":{""abilityHaste"":0,""abilityPower"":0,""armor"":58,""armorPen"":0,""armorPenPercent"":0,""attackDamage'"
1222,"b'"":131,""attackSpeed"":163,""bonusArmorPenPercent"":0,""bonusMagicPenPercent"":0,""ccReduction"":17,""cooldownReduction"":0,""health"":513,""h'"
1223,"b'ealthMax"":991,""healthRegen"":18,""lifesteal"":0,""magicPen"":0,""magicPenPercent"":0,""magicResist"":36,""movementSpeed"":365,""omnivamp"":0,'"
1224,"b'""physicalVamp"":0,""power"":168,""powerMax"":383,""powerRegen"":96,""spellVamp"":0},""currentGold"":881,""damageStats"":{""magicDamageDone"":10'"
1225,"b'31,""magicDamageDoneToChampions"":256,""magicDamageTaken"":1547,""physicalDamageDone"":34201,""physicalDamageDoneToChampions"":3663,""phy'"
1226,"b'sicalDamageTaken"":6105,""totalDamageDone"":46033,""totalDamageDoneToChampions"":3924,""totalDamageTaken"":7662,""trueDamageDone"":10800,'"
1227,"b'""trueDamageDoneToChampions"":3,""trueDamageTaken"":10},""goldPerSecond"":0,""jungleMinionsKilled"":34,""level"":5,""minionsKilled"":5,""part'"
1228,"b'icipantId"":7,""position"":{""x"":5010,""y"":10030},""timeEnemySpentControlled"":52989,""totalGold"":3736,""xp"":2153},""8"":{""championStats"":{'"
1229,"b'""abilityHaste"":0,""abilityPower"":93,""armor"":52,""armorPen"":0,""armorPenPercent"":0,""attackDamage"":75,""attackSpeed"":116,""bonusArmorPe'"
1230,"b'nPercent"":0,""bonusMagicPenPercent"":0,""ccReduction"":0,""cooldownReduction"":0,""health"":1011,""healthMax"":1473,""healthRegen"":48,""life'"
1231,"b'steal"":0,""magicPen"":0,""magicPenPercent"":0,""magicResist"":52,""movementSpeed"":395,""omnivamp"":0,""physicalVamp"":0,""power"":878,""powerM'"
1232,"b'ax"":949,""powerRegen"":168,""spellVamp"":0},""currentGold"":173,""damageStats"":{""magicDamageDone"":19155,""magicDamageDoneToChampions"":42'"
1233,"b'26,""magicDamageTaken"":3294,""physicalDamageDone"":1891,""physicalDamageDoneToChampions"":299,""physicalDamageTaken"":3136,""totalDamage'"
1234,"b'Done"":25007,""totalDamageDoneToChampions"":4659,""totalDamageTaken"":6440,""trueDamageDone"":3960,""trueDamageDoneToChampions"":134,""tru'"
1235,"b'eDamageTaken"":10},""goldPerSecond"":0,""jungleMinionsKilled"":0,""level"":7,""minionsKilled"":59,""participantId"":8,""position"":{""x"":7926,'"
1236,"b'""y"":7761},""timeEnemySpentControlled"":105483,""totalGold"":3698,""xp"":3886},""9"":{""championStats"":{""abilityHaste"":0,""abilityPower"":0,'"
1237,"b'""armor"":46,""armorPen"":0,""armorPenPercent"":0,""attackDamage"":106,""attackSpeed"":175,""bonusArmorPenPercent"":0,""bonusMagicPenPercent""'"
1238,"b':0,""ccReduction"":0,""cooldownReduction"":0,""health"":1144,""healthMax"":1144,""healthRegen"":12,""lifesteal"":0,""magicPen"":0,""magicPenPer'"
1239,"b'cent"":0,""magicResist"":35,""movementSpeed"":380,""omnivamp"":2,""physicalVamp"":0,""power"":380,""powerMax"":427,""powerRegen"":18,""spellVamp'"
1240,"b'"":0},""currentGold"":510,""damageStats"":{""magicDamageDone"":2488,""magicDamageDoneToChampions"":600,""magicDamageTaken"":738,""physicalDa'"
1241,"b'mageDone"":12184,""physicalDamageDoneToChampions"":2107,""physicalDamageTaken"":2959,""totalDamageDone"":21953,""totalDamageDoneToChampi'"
1242,"b'ons"":2732,""totalDamageTaken"":3760,""trueDamageDone"":7279,""trueDamageDoneToChampions"":23,""trueDamageTaken"":62},""goldPerSecond"":0,""'"
1243,"b'jungleMinionsKilled"":0,""level"":6,""minionsKilled"":64,""participantId"":9,""position"":{""x"":13125,""y"":3586},""timeEnemySpentControlled""'"
1244,"b':5469,""totalGold"":3860,""xp"":2876},""10"":{""championStats"":{""abilityHaste"":0,""abilityPower"":27,""armor"":55,""armorPen"":0,""armorPenPer'"
1245,"b'cent"":0,""attackDamage"":75,""attackSpeed"":111,""bonusArmorPenPercent"":0,""bonusMagicPenPercent"":0,""ccReduction"":0,""cooldownReduction'"
1246,"b'"":0,""health"":1408,""healthMax"":1408,""healthRegen"":20,""lifesteal"":0,""magicPen"":0,""magicPenPercent"":0,""magicResist"":40,""movementSpe'"
1247,"b'ed"":360,""omnivamp"":0,""physicalVamp"":0,""power"":506,""powerMax"":512,""powerRegen"":21,""spellVamp"":0},""currentGold"":224,""damageStats"":'"
1248,"b'{""magicDamageDone"":2532,""magicDamageDoneToChampions"":1119,""magicDamageTaken"":1218,""physicalDamageDone"":2284,""physicalDamageDoneT'"
1249,"b'oChampions"":786,""physicalDamageTaken"":2282,""totalDamageDone"":7412,""totalDamageDoneToChampions"":2076,""totalDamageTaken"":3586,""tru'"
1250,"b'eDamageDone"":2596,""trueDamageDoneToChampions"":170,""trueDamageTaken"":85},""goldPerSecond"":20,""jungleMinionsKilled"":0,""level"":6,""mi'"
1251,"b'nionsKilled"":15,""participantId"":10,""position"":{""x"":12325,""y"":3293},""timeEnemySpentControlled"":16953,""totalGold"":2129,""xp"":2500}}'"
1252,"b',""timestamp"":540185},{""events"":[{""level"":8,""participantId"":8,""timestamp"":547382,""type"":""LEVEL_UP""},{""level"":6,""participantId"":7,'"
1253,"b'""timestamp"":547415,""type"":""LEVEL_UP""},{""bounty"":0,""killerId"":7,""killerTeamId"":200,""monsterType"":""RIFTHERALD"",""position"":{""x"":483'"
1254,"b'6,""y"":9880},""timestamp"":547415,""type"":""ELITE_MONSTER_KILL""},{""levelUpType"":""NORMAL"",""participantId"":7,""skillSlot"":4,""timestamp"":'"
1255,"b'548317,""type"":""SKILL_LEVEL_UP""},{""itemId"":3364,""participantId"":7,""timestamp"":549019,""type"":""ITEM_DESTROYED""},{""levelUpType"":""NOR'"
1256,"b'MAL"",""participantId"":8,""skillSlot"":2,""timestamp"":555520,""type"":""SKILL_LEVEL_UP""},{""creatorId"":3,""timestamp"":556089,""type"":""WARD_'"
1257,"b'PLACED"",""wardType"":""YELLOW_TRINKET""},{""itemId"":2055,""participantId"":5,""timestamp"":558192,""type"":""ITEM_DESTROYED""},{""creatorId"":5'"
1258,"b',""timestamp"":558192,""type"":""WARD_PLACED"",""wardType"":""CONTROL_WARD""},{""killerId"":8,""timestamp"":561729,""type"":""WARD_KILL"",""wardTyp'"
1259,"b'e"":""YELLOW_TRINKET""},{""assistingParticipantIds"":[2],""bounty"":300,""killStreakLength"":0,""killerId"":1,""position"":{""x"":3644,""y"":8994'"
1260,"b'},""shutdownBounty"":0,""timestamp"":569271,""type"":""CHAMPION_KILL"",""victimDamageDealt"":[{""basic"":false,""magicDamage"":25,""name"":""Noct'"
1261,"b'urne"",""participantId"":1,""physicalDamage"":0,""spellName"":""nocturneunspeakablehorror"",""spellSlot"":2,""trueDamage"":0,""type"":""OTHER""}]'"
1262,"b',""victimDamageReceived"":[{""basic"":true,""magicDamage"":0,""name"":""SRU_Blue"",""participantId"":0,""physicalDamage"":389,""spellName"":""sru'"
1263,"b'_bluebasicattack"",""spellSlot"":64,""trueDamage"":0,""type"":""MONSTER""},{""basic"":false,""magicDamage"":0,""name"":""Garen"",""participantId"":'"
1264,"b'1,""physicalDamage"":143,""spellName"":""garenq"",""spellSlot"":0,""trueDamage"":0,""type"":""OTHER""},{""basic"":false,""magicDamage"":0,""name"":""'"
1265,"b'Garen"",""participantId"":1,""physicalDamage"":151,""spellName"":""garene"",""spellSlot"":2,""trueDamage"":0,""type"":""OTHER""},{""basic"":false,""'"
1266,"b'magicDamage"":0,""name"":""Garen"",""participantId"":1,""physicalDamage"":0,""spellName"":""garenr"",""spellSlot"":3,""trueDamage"":367,""type"":""O'"
1267,"b'THER""},{""basic"":false,""magicDamage"":0,""name"":""Khazix"",""participantId"":2,""physicalDamage"":44,""spellName"":""6029active"",""spellSlot""'"
1268,"b':7,""trueDamage"":0,""type"":""OTHER""},{""basic"":false,""magicDamage"":42,""name"":""Khazix"",""participantId"":2,""physicalDamage"":0,""spellNam'"
1269,"b'e"":""khazixpassive"",""spellSlot"":63,""trueDamage"":0,""type"":""OTHER""},{""basic"":true,""magicDamage"":0,""name"":""Khazix"",""participantId"":2'"
1270,"b',""physicalDamage"":66,""spellName"":""khazixbasicattack2"",""spellSlot"":65,""trueDamage"":0,""type"":""OTHER""},{""basic"":false,""magicDamage""'"
1271,"b':0,""name"":""Khazix"",""participantId"":2,""physicalDamage"":78,""spellName"":""khazixw"",""spellSlot"":1,""trueDamage"":0,""type"":""OTHER""}],""vi'"
1272,"b'ctimId"":7},{""level"":7,""participantId"":2,""timestamp"":569271,""type"":""LEVEL_UP""},{""levelUpType"":""NORMAL"",""participantId"":2,""skillSl'"
1273,"b'ot"":1,""timestamp"":569938,""type"":""SKILL_LEVEL_UP""},{""creatorId"":5,""timestamp"":570038,""type"":""WARD_PLACED"",""wardType"":""SIGHT_WARD""'"
1274,"b'},{""assistingParticipantIds"":[5],""bounty"":300,""killStreakLength"":0,""killerId"":4,""position"":{""x"":10282,""y"":4861},""shutdownBounty""'"
1275,"b':150,""timestamp"":573916,""type"":""CHAMPION_KILL"",""victimDamageDealt"":[{""basic"":false,""magicDamage"":72,""name"":""Zeri"",""participantId'"
1276,"b'"":4,""physicalDamage"":0,""spellName"":""zerir"",""spellSlot"":3,""trueDamage"":0,""type"":""OTHER""},{""basic"":false,""magicDamage"":21,""name"":""'"
1277,"b'Zeri"",""participantId"":4,""physicalDamage"":0,""spellName"":""zerie"",""spellSlot"":2,""trueDamage"":0,""type"":""OTHER""},{""basic"":false,""magi'"
1278,"b'cDamage"":21,""name"":""Zeri"",""participantId"":4,""physicalDamage"":0,""spellName"":"""",""spellSlot"":63,""trueDamage"":0,""type"":""OTHER""},{""ba'"
1279,"b'sic"":false,""magicDamage"":0,""name"":""Zeri"",""participantId"":4,""physicalDamage"":193,""spellName"":""zeriq"",""spellSlot"":0,""trueDamage"":0'"
1280,"b',""type"":""OTHER""},{""basic"":false,""magicDamage"":0,""name"":""Zeri"",""participantId"":4,""physicalDamage"":112,""spellName"":""zeriw"",""spellS'"
1281,"b'lot"":1,""trueDamage"":0,""type"":""OTHER""},{""basic"":false,""magicDamage"":49,""name"":""Zeri"",""participantId"":4,""physicalDamage"":0,""spellN'"
1282,"b'ame"":"""",""spellSlot"":-1,""trueDamage"":0,""type"":""OTHER""},{""basic"":false,""magicDamage"":42,""name"":""Zeri"",""participantId"":5,""physicalD'"
1283,"b'amage"":0,""spellName"":"""",""spellSlot"":-1,""trueDamage"":0,""type"":""OTHER""},{""basic"":false,""magicDamage"":0,""name"":""Zeri"",""participantI'"
1284,"b'd"":5,""physicalDamage"":71,""spellName"":""zeriq"",""spellSlot"":0,""trueDamage"":0,""type"":""OTHER""},{""basic"":false,""magicDamage"":120,""name'"
1285,"b'"":""Zeri"",""participantId"":5,""physicalDamage"":0,""spellName"":"""",""spellSlot"":63,""trueDamage"":0,""type"":""OTHER""},{""basic"":false,""magic'"
1286,"b'Damage"":51,""name"":""Zeri"",""participantId"":5,""physicalDamage"":26,""spellName"":""zerir"",""spellSlot"":3,""trueDamage"":0,""type"":""OTHER""}]'"
1287,"b',""victimDamageReceived"":[{""basic"":true,""magicDamage"":0,""name"":""Rell"",""participantId"":5,""physicalDamage"":93,""spellName"":""rellbasi'"
1288,"b'cattack2"",""spellSlot"":65,""trueDamage"":0,""type"":""OTHER""},{""basic"":false,""magicDamage"":86,""name"":""Rell"",""participantId"":5,""physica'"
1289,"b'lDamage"":0,""spellName"":""rellr"",""spellSlot"":3,""trueDamage"":0,""type"":""OTHER""},{""basic"":false,""magicDamage"":0,""name"":""Rell"",""partic'"
1290,"b'ipantId"":5,""physicalDamage"":0,""spellName"":""summonerdot"",""spellSlot"":5,""trueDamage"":136,""type"":""OTHER""},{""basic"":false,""magicDama'"
1291,"b'ge"":49,""name"":""Rell"",""participantId"":5,""physicalDamage"":0,""spellName"":""rellw_dismount"",""spellSlot"":1,""trueDamage"":0,""type"":""OTHE'"
1292,"b'R""},{""basic"":true,""magicDamage"":0,""name"":""Rell"",""participantId"":5,""physicalDamage"":94,""spellName"":""rellbasicattack"",""spellSlot"":'"
1293,"b'64,""trueDamage"":0,""type"":""OTHER""},{""basic"":false,""magicDamage"":50,""name"":""Rell"",""participantId"":5,""physicalDamage"":0,""spellName""'"
1294,"b':""rellq"",""spellSlot"":0,""trueDamage"":0,""type"":""OTHER""},{""basic"":false,""magicDamage"":0,""name"":""Kaisa"",""participantId"":4,""physicalD'"
1295,"b'amage"":111,""spellName"":""kaisaq"",""spellSlot"":0,""trueDamage"":0,""type"":""OTHER""},{""basic"":false,""magicDamage"":6,""name"":""Kaisa"",""part'"
1296,"b'icipantId"":4,""physicalDamage"":0,""spellName"":""kaisaw"",""spellSlot"":1,""trueDamage"":0,""type"":""OTHER""},{""basic"":true,""magicDamage"":0,'"
1297,"b'""name"":""Kaisa"",""participantId"":4,""physicalDamage"":78,""spellName"":"""",""spellSlot"":63,""trueDamage"":0,""type"":""OTHER""},{""basic"":false'"
1298,"b',""magicDamage"":280,""name"":""Kaisa"",""participantId"":4,""physicalDamage"":0,""spellName"":""kaisapassive"",""spellSlot"":63,""trueDamage"":0,'"
1299,"b'""type"":""OTHER""},{""basic"":false,""magicDamage"":34,""name"":""Kaisa"",""participantId"":4,""physicalDamage"":0,""spellName"":"""",""spellSlot"":-'"
1300,"b'1,""trueDamage"":0,""type"":""OTHER""},{""basic"":true,""magicDamage"":0,""name"":""Kaisa"",""participantId"":4,""physicalDamage"":143,""spellName""'"
1301,"b':""kaisabasicattack3"",""spellSlot"":66,""trueDamage"":0,""type"":""OTHER""},{""basic"":true,""magicDamage"":0,""name"":""Kaisa"",""participantId"":'"
1302,"b'4,""physicalDamage"":80,""spellName"":""kaisaeattack2"",""spellSlot"":68,""trueDamage"":0,""type"":""OTHER""}],""victimId"":9},{""itemId"":6029,""p'"
1303,"b'articipantId"":7,""timestamp"":574384,""type"":""ITEM_DESTROYED""},{""itemId"":3051,""participantId"":7,""timestamp"":574384,""type"":""ITEM_DES'"
1304,"b'TROYED""},{""itemId"":6631,""participantId"":7,""timestamp"":574384,""type"":""ITEM_PURCHASED""},{""itemId"":1036,""participantId"":9,""timestam'"
1305,"b'p"":585058,""type"":""ITEM_DESTROYED""},{""itemId"":1042,""participantId"":9,""timestamp"":585058,""type"":""ITEM_DESTROYED""},{""itemId"":1036,""'"
1306,"b'participantId"":9,""timestamp"":585058,""type"":""ITEM_DESTROYED""},{""itemId"":6670,""participantId"":9,""timestamp"":585058,""type"":""ITEM_PU'"
1307,"b'RCHASED""},{""itemId"":2003,""participantId"":9,""timestamp"":585960,""type"":""ITEM_PURCHASED""},{""level"":9,""participantId"":1,""timestamp"":'"
1308,"b'585993,""type"":""LEVEL_UP""},{""levelUpType"":""NORMAL"",""participantId"":1,""skillSlot"":3,""timestamp"":586922,""type"":""SKILL_LEVEL_UP""},{""'"
1309,"b'itemId"":1037,""participantId"":6,""timestamp"":592598,""type"":""ITEM_DESTROYED""},{""itemId"":6029,""participantId"":6,""timestamp"":592598,""'"
1310,"b'type"":""ITEM_PURCHASED""},{""itemId"":1036,""participantId"":6,""timestamp"":592832,""type"":""ITEM_DESTROYED""},{""itemId"":1036,""participant'"
1311,"b'Id"":6,""timestamp"":592832,""type"":""ITEM_DESTROYED""},{""itemId"":3133,""participantId"":6,""timestamp"":592832,""type"":""ITEM_PURCHASED""},{'"
1312,"b'""itemId"":1029,""participantId"":10,""timestamp"":593765,""type"":""ITEM_PURCHASED""},{""itemId"":1028,""participantId"":6,""timestamp"":593999'"
1313,"b',""type"":""ITEM_PURCHASED""},{""creatorId"":5,""timestamp"":598938,""type"":""WARD_PLACED"",""wardType"":""SIGHT_WARD""}],""participantFrames"":{'"
1314,"b'""1"":{""championStats"":{""abilityHaste"":0,""abilityPower"":0,""armor"":88,""armorPen"":0,""armorPenPercent"":0,""attackDamage"":120,""attackSp'"
1315,"b'eed"":136,""bonusArmorPenPercent"":0,""bonusMagicPenPercent"":0,""ccReduction"":0,""cooldownReduction"":0,""health"":1360,""healthMax"":1647,'"
1316,"b'""healthRegen"":192,""lifesteal"":0,""magicPen"":0,""magicPenPercent"":0,""magicResist"":58,""movementSpeed"":370,""omnivamp"":0,""physicalVamp'"
1317,"b'"":0,""power"":0,""powerMax"":0,""powerRegen"":0,""spellVamp"":0},""currentGold"":1281,""damageStats"":{""magicDamageDone"":23,""magicDamageDone'"
1318,"b'ToChampions"":23,""magicDamageTaken"":34,""physicalDamageDone"":30465,""physicalDamageDoneToChampions"":1829,""physicalDamageTaken"":3764'"
1319,"b',""totalDamageDone"":37267,""totalDamageDoneToChampions"":2561,""totalDamageTaken"":4081,""trueDamageDone"":6777,""trueDamageDoneToChampi'"
1320,"b'ons"":707,""trueDamageTaken"":282},""goldPerSecond"":0,""jungleMinionsKilled"":0,""level"":9,""minionsKilled"":77,""participantId"":1,""positi'"
1321,"b'on"":{""x"":3311,""y"":13087},""timeEnemySpentControlled"":16664,""totalGold"":3281,""xp"":5046},""2"":{""championStats"":{""abilityHaste"":0,""ab'"
1322,"b'ilityPower"":0,""armor"":56,""armorPen"":0,""armorPenPercent"":0,""attackDamage"":110,""attackSpeed"":133,""bonusArmorPenPercent"":0,""bonusMa'"
1323,"b'gicPenPercent"":0,""ccReduction"":0,""cooldownReduction"":0,""health"":1134,""healthMax"":1331,""healthRegen"":22,""lifesteal"":0,""magicPen"":'"
1324,"b'0,""magicPenPercent"":0,""magicResist"":41,""movementSpeed"":350,""omnivamp"":0,""physicalVamp"":0,""power"":467,""powerMax"":520,""powerRegen""'"
1325,"b':122,""spellVamp"":0},""currentGold"":1148,""damageStats"":{""magicDamageDone"":189,""magicDamageDoneToChampions"":189,""magicDamageTaken"":'"
1326,"b'3414,""physicalDamageDone"":32321,""physicalDamageDoneToChampions"":2059,""physicalDamageTaken"":6103,""totalDamageDone"":45232,""totalDa'"
1327,"b'mageDoneToChampions"":2268,""totalDamageTaken"":9620,""trueDamageDone"":12720,""trueDamageDoneToChampions"":20,""trueDamageTaken"":101},""'"
1328,"b'goldPerSecond"":0,""jungleMinionsKilled"":62,""level"":7,""minionsKilled"":1,""participantId"":2,""position"":{""x"":5143,""y"":5559},""timeEnem'"
1329,"b'ySpentControlled"":56463,""totalGold"":3103,""xp"":3653},""3"":{""championStats"":{""abilityHaste"":0,""abilityPower"":64,""armor"":41,""armorPe'"
1330,"b'n"":0,""armorPenPercent"":0,""attackDamage"":57,""attackSpeed"":123,""bonusArmorPenPercent"":0,""bonusMagicPenPercent"":0,""ccReduction"":0,""'"
1331,"b'cooldownReduction"":0,""health"":827,""healthMax"":1112,""healthRegen"":20,""lifesteal"":0,""magicPen"":18,""magicPenPercent"":0,""magicResist'"
1332,"b'"":35,""movementSpeed"":421,""omnivamp"":0,""physicalVamp"":0,""power"":479,""powerMax"":938,""powerRegen"":19,""spellVamp"":0},""currentGold"":5'"
1333,"b'85,""damageStats"":{""magicDamageDone"":21883,""magicDamageDoneToChampions"":5249,""magicDamageTaken"":3596,""physicalDamageDone"":4941,""p'"
1334,"b'hysicalDamageDoneToChampions"":2310,""physicalDamageTaken"":3280,""totalDamageDone"":32435,""totalDamageDoneToChampions"":7559,""totalDa'"
1335,"b'mageTaken"":6973,""trueDamageDone"":5610,""trueDamageDoneToChampions"":0,""trueDamageTaken"":95},""goldPerSecond"":0,""jungleMinionsKilled'"
1336,"b'"":0,""level"":6,""minionsKilled"":54,""participantId"":3,""position"":{""x"":6879,""y"":7316},""timeEnemySpentControlled"":60036,""totalGold"":3'"
1337,"b'485,""xp"":3039},""4"":{""championStats"":{""abilityHaste"":0,""abilityPower"":0,""armor"":50,""armorPen"":0,""armorPenPercent"":0,""attackDamage'"
1338,"b'"":112,""attackSpeed"":187,""bonusArmorPenPercent"":0,""bonusMagicPenPercent"":0,""ccReduction"":0,""cooldownReduction"":0,""health"":768,""he'"
1339,"b'althMax"":1122,""healthRegen"":11,""lifesteal"":1,""magicPen"":0,""magicPenPercent"":0,""magicResist"":35,""movementSpeed"":370,""omnivamp"":2,'"
1340,"b'""physicalVamp"":0,""power"":308,""powerMax"":623,""powerRegen"":21,""spellVamp"":0},""currentGold"":1326,""damageStats"":{""magicDamageDone"":3'"
1341,"b'356,""magicDamageDoneToChampions"":1787,""magicDamageTaken"":718,""physicalDamageDone"":19797,""physicalDamageDoneToChampions"":3859,""ph'"
1342,"b'ysicalDamageTaken"":3180,""totalDamageDone"":23154,""totalDamageDoneToChampions"":5647,""totalDamageTaken"":3899,""trueDamageDone"":0,""tr'"
1343,"b'ueDamageDoneToChampions"":0,""trueDamageTaken"":0},""goldPerSecond"":0,""jungleMinionsKilled"":0,""level"":6,""minionsKilled"":72,""particip'"
1344,"b'antId"":4,""position"":{""x"":13156,""y"":3369},""timeEnemySpentControlled"":0,""totalGold"":4061,""xp"":3121},""5"":{""championStats"":{""ability'"
1345,"b'Haste"":0,""abilityPower"":10,""armor"":89,""armorPen"":0,""armorPenPercent"":0,""attackDamage"":66,""attackSpeed"":105,""bonusArmorPenPercent'"
1346,"b'"":0,""bonusMagicPenPercent"":0,""ccReduction"":9,""cooldownReduction"":0,""health"":1056,""healthMax"":1270,""healthRegen"":38,""lifesteal"":0'"
1347,"b',""magicPen"":0,""magicPenPercent"":0,""magicResist"":37,""movementSpeed"":375,""omnivamp"":0,""physicalVamp"":0,""power"":174,""powerMax"":527,'"
1348,"b'""powerRegen"":14,""spellVamp"":0},""currentGold"":482,""damageStats"":{""magicDamageDone"":1393,""magicDamageDoneToChampions"":1034,""magicD'"
1349,"b'amageTaken"":1596,""physicalDamageDone"":2015,""physicalDamageDoneToChampions"":988,""physicalDamageTaken"":1436,""totalDamageDone"":8161'"
1350,"b',""totalDamageDoneToChampions"":2307,""totalDamageTaken"":3165,""trueDamageDone"":4752,""trueDamageDoneToChampions"":283,""trueDamageTake'"
1351,"b'n"":133},""goldPerSecond"":30,""jungleMinionsKilled"":0,""level"":6,""minionsKilled"":13,""participantId"":5,""position"":{""x"":12195,""y"":6411'"
1352,"b'},""timeEnemySpentControlled"":72890,""totalGold"":2557,""xp"":2788},""6"":{""championStats"":{""abilityHaste"":0,""abilityPower"":0,""armor"":6'"
1353,"b'4,""armorPen"":0,""armorPenPercent"":0,""attackDamage"":155,""attackSpeed"":120,""bonusArmorPenPercent"":0,""bonusMagicPenPercent"":0,""ccRed'"
1354,"b'uction"":11,""cooldownReduction"":0,""health"":1374,""healthMax"":1437,""healthRegen"":22,""lifesteal"":0,""magicPen"":0,""magicPenPercent"":0,'"
1355,"b'""magicResist"":43,""movementSpeed"":340,""omnivamp"":2,""physicalVamp"":0,""power"":0,""powerMax"":0,""powerRegen"":0,""spellVamp"":0},""current'"
1356,"b'Gold"":268,""damageStats"":{""magicDamageDone"":0,""magicDamageDoneToChampions"":0,""magicDamageTaken"":199,""physicalDamageDone"":34219,""p'"
1357,"b'hysicalDamageDoneToChampions"":3939,""physicalDamageTaken"":2564,""totalDamageDone"":34694,""totalDamageDoneToChampions"":4221,""totalDa'"
1358,"b'mageTaken"":3103,""trueDamageDone"":475,""trueDamageDoneToChampions"":282,""trueDamageTaken"":340},""goldPerSecond"":0,""jungleMinionsKill'"
1359,"b'ed"":0,""level"":8,""minionsKilled"":89,""participantId"":6,""position"":{""x"":10858,""y"":13824},""timeEnemySpentControlled"":60959,""totalGol'"
1360,"b'd"":3518,""xp"":4956},""7"":{""championStats"":{""abilityHaste"":0,""abilityPower"":0,""armor"":62,""armorPen"":0,""armorPenPercent"":0,""attackDa'"
1361,"b'mage"":143,""attackSpeed"":170,""bonusArmorPenPercent"":0,""bonusMagicPenPercent"":0,""ccReduction"":18,""cooldownReduction"":0,""health"":13'"
1362,"b'85,""healthMax"":1385,""healthRegen"":19,""lifesteal"":0,""magicPen"":0,""magicPenPercent"":0,""magicResist"":38,""movementSpeed"":345,""omniva'"
1363,"b'mp"":0,""physicalVamp"":0,""power"":343,""powerMax"":413,""powerRegen"":42,""spellVamp"":0},""currentGold"":224,""damageStats"":{""magicDamageDo'"
1364,"b'ne"":1119,""magicDamageDoneToChampions"":291,""magicDamageTaken"":1589,""physicalDamageDone"":37826,""physicalDamageDoneToChampions"":366'"
1365,"b'3,""physicalDamageTaken"":7057,""totalDamageDone"":51917,""totalDamageDoneToChampions"":3958,""totalDamageTaken"":9024,""trueDamageDone"":'"
1366,"b'12971,""trueDamageDoneToChampions"":3,""trueDamageTaken"":377},""goldPerSecond"":0,""jungleMinionsKilled"":38,""level"":6,""minionsKilled"":'"
1367,"b'5,""participantId"":7,""position"":{""x"":8857,""y"":11431},""timeEnemySpentControlled"":53254,""totalGold"":4179,""xp"":2642},""8"":{""championS'"
1368,"b'tats"":{""abilityHaste"":0,""abilityPower"":93,""armor"":57,""armorPen"":0,""armorPenPercent"":0,""attackDamage"":78,""attackSpeed"":245,""bonus'"
1369,"b'ArmorPenPercent"":0,""bonusMagicPenPercent"":0,""ccReduction"":0,""cooldownReduction"":0,""health"":657,""healthMax"":1598,""healthRegen"":11'"
1370,"b'1,""lifesteal"":0,""magicPen"":0,""magicPenPercent"":0,""magicResist"":54,""movementSpeed"":395,""omnivamp"":0,""physicalVamp"":0,""power"":635,'"
1371,"b'""powerMax"":1014,""powerRegen"":25,""spellVamp"":0},""currentGold"":603,""damageStats"":{""magicDamageDone"":24564,""magicDamageDoneToChampi'"
1372,"b'ons"":4673,""magicDamageTaken"":4191,""physicalDamageDone"":2062,""physicalDamageDoneToChampions"":299,""physicalDamageTaken"":3363,""tota'"
1373,"b'lDamageDone"":30612,""totalDamageDoneToChampions"":5107,""totalDamageTaken"":7565,""trueDamageDone"":3985,""trueDamageDoneToChampions"":1'"
1374,"b'34,""trueDamageTaken"":10},""goldPerSecond"":0,""jungleMinionsKilled"":0,""level"":8,""minionsKilled"":72,""participantId"":8,""position"":{""x'"
1375,"b'"":10398,""y"":5803},""timeEnemySpentControlled"":130192,""totalGold"":4133,""xp"":4602},""9"":{""championStats"":{""abilityHaste"":0,""abilityP'"
1376,"b'ower"":0,""armor"":46,""armorPen"":0,""armorPenPercent"":0,""attackDamage"":116,""attackSpeed"":178,""bonusArmorPenPercent"":0,""bonusMagicPen'"
1377,"b'Percent"":0,""ccReduction"":0,""cooldownReduction"":0,""health"":1144,""healthMax"":1144,""healthRegen"":12,""lifesteal"":0,""magicPen"":0,""mag'"
1378,"b'icPenPercent"":0,""magicResist"":35,""movementSpeed"":380,""omnivamp"":2,""physicalVamp"":0,""power"":339,""powerMax"":427,""powerRegen"":18,""s'"
1379,"b'pellVamp"":0},""currentGold"":387,""damageStats"":{""magicDamageDone"":3168,""magicDamageDoneToChampions"":978,""magicDamageTaken"":1246,""p'"
1380,"b'hysicalDamageDone"":13834,""physicalDamageDoneToChampions"":2512,""physicalDamageTaken"":3641,""totalDamageDone"":24392,""totalDamageDon'"
1381,"b'eToChampions"":3514,""totalDamageTaken"":5086,""trueDamageDone"":7389,""trueDamageDoneToChampions"":23,""trueDamageTaken"":198},""goldPerS'"
1382,"b'econd"":0,""jungleMinionsKilled"":0,""level"":6,""minionsKilled"":70,""participantId"":9,""position"":{""x"":14155,""y"":9455},""timeEnemySpentC'"
1383,"b'ontrolled"":7638,""totalGold"":4087,""xp"":3081},""10"":{""championStats"":{""abilityHaste"":0,""abilityPower"":27,""armor"":70,""armorPen"":0,""a'"
1384,"b'rmorPenPercent"":0,""attackDamage"":75,""attackSpeed"":111,""bonusArmorPenPercent"":0,""bonusMagicPenPercent"":0,""ccReduction"":0,""cooldow'"
1385,"b'nReduction"":0,""health"":1274,""healthMax"":1408,""healthRegen"":20,""lifesteal"":0,""magicPen"":0,""magicPenPercent"":0,""magicResist"":40,""m'"
1386,"b'ovementSpeed"":360,""omnivamp"":0,""physicalVamp"":0,""power"":512,""powerMax"":512,""powerRegen"":21,""spellVamp"":0},""currentGold"":84,""dama'"
1387,"b'geStats"":{""magicDamageDone"":2661,""magicDamageDoneToChampions"":1249,""magicDamageTaken"":1671,""physicalDamageDone"":2499,""physicalDa'"
1388,"b'mageDoneToChampions"":926,""physicalDamageTaken"":3120,""totalDamageDone"":8006,""totalDamageDoneToChampions"":2345,""totalDamageTaken"":'"
1389,"b'4877,""trueDamageDone"":2844,""trueDamageDoneToChampions"":170,""trueDamageTaken"":85},""goldPerSecond"":20,""jungleMinionsKilled"":0,""lev'"
1390,"b'el"":6,""minionsKilled"":16,""participantId"":10,""position"":{""x"":13541,""y"":13682},""timeEnemySpentControlled"":21414,""totalGold"":2289,""'"
1391,"b'xp"":2613}},""timestamp"":600207},{""events"":[{""level"":7,""participantId"":4,""timestamp"":601808,""type"":""LEVEL_UP""},{""creatorId"":5,""tim'"
1392,"b'estamp"":601975,""type"":""WARD_PLACED"",""wardType"":""SIGHT_WARD""},{""levelUpType"":""NORMAL"",""participantId"":4,""skillSlot"":1,""timestamp""'"
1393,"b':602574,""type"":""SKILL_LEVEL_UP""},{""level"":7,""participantId"":3,""timestamp"":607444,""type"":""LEVEL_UP""},{""levelUpType"":""NORMAL"",""par'"
1394,"b'ticipantId"":3,""skillSlot"":1,""timestamp"":608611,""type"":""SKILL_LEVEL_UP""},{""killerId"":4,""laneType"":""BOT_LANE"",""position"":{""x"":1386'"
1395,"b'6,""y"":4505},""teamId"":200,""timestamp"":612881,""type"":""TURRET_PLATE_DESTROYED""},{""creatorId"":3,""timestamp"":615209,""type"":""WARD_PLAC'"
1396,"b'ED"",""wardType"":""YELLOW_TRINKET""},{""level"":9,""participantId"":6,""timestamp"":617539,""type"":""LEVEL_UP""},{""itemId"":2003,""participantI'"
1397,"b'd"":9,""timestamp"":618336,""type"":""ITEM_DESTROYED""},{""levelUpType"":""NORMAL"",""participantId"":6,""skillSlot"":1,""timestamp"":618469,""typ'"
1398,"b'e"":""SKILL_LEVEL_UP""},{""itemId"":1001,""participantId"":1,""timestamp"":618705,""type"":""ITEM_DESTROYED""},{""itemId"":1042,""participantId""'"
1399,"b':1,""timestamp"":618705,""type"":""ITEM_DESTROYED""},{""itemId"":3006,""participantId"":1,""timestamp"":618705,""type"":""ITEM_PURCHASED""},{""as'"
1400,"b'sistingParticipantIds"":[5],""bounty"":300,""killStreakLength"":1,""killerId"":4,""position"":{""x"":13959,""y"":4635},""shutdownBounty"":0,""ti'"
1401,"b'mestamp"":619105,""type"":""CHAMPION_KILL"",""victimDamageDealt"":[{""basic"":false,""magicDamage"":44,""name"":""Zeri"",""participantId"":4,""phy'"
1402,"b'sicalDamage"":0,""spellName"":"""",""spellSlot"":-1,""trueDamage"":0,""type"":""OTHER""},{""basic"":false,""magicDamage"":0,""name"":""Zeri"",""partic'"
1403,"b'ipantId"":4,""physicalDamage"":265,""spellName"":""zeriq"",""spellSlot"":0,""trueDamage"":0,""type"":""OTHER""},{""basic"":false,""magicDamage"":0,'"
1404,"b'""name"":""Zeri"",""participantId"":5,""physicalDamage"":92,""spellName"":""zeriw"",""spellSlot"":1,""trueDamage"":0,""type"":""OTHER""}],""victimDam'"
1405,"b'ageReceived"":[{""basic"":true,""magicDamage"":0,""name"":""Kaisa"",""participantId"":4,""physicalDamage"":80,""spellName"":"""",""spellSlot"":63,""'"
1406,"b'trueDamage"":0,""type"":""OTHER""},{""basic"":false,""magicDamage"":155,""name"":""Kaisa"",""participantId"":4,""physicalDamage"":0,""spellName"":""'"
1407,"b'kaisapassive"",""spellSlot"":63,""trueDamage"":0,""type"":""OTHER""},{""basic"":false,""magicDamage"":56,""name"":""Kaisa"",""participantId"":4,""ph'"
1408,"b'ysicalDamage"":0,""spellName"":"""",""spellSlot"":-1,""trueDamage"":0,""type"":""OTHER""},{""basic"":true,""magicDamage"":0,""name"":""Kaisa"",""parti'"
1409,"b'cipantId"":4,""physicalDamage"":78,""spellName"":""kaisabasicattack3"",""spellSlot"":66,""trueDamage"":0,""type"":""OTHER""},{""basic"":true,""mag'"
1410,"b'icDamage"":0,""name"":""Kaisa"",""participantId"":4,""physicalDamage"":80,""spellName"":""kaisaeattack3"",""spellSlot"":69,""trueDamage"":0,""type'"
1411,"b'"":""OTHER""},{""basic"":true,""magicDamage"":0,""name"":""Kaisa"",""participantId"":4,""physicalDamage"":80,""spellName"":""kaisaeattack"",""spellS'"
1412,"b'lot"":67,""trueDamage"":0,""type"":""OTHER""},{""basic"":false,""magicDamage"":137,""name"":""Kaisa"",""participantId"":4,""physicalDamage"":0,""spe'"
1413,"b'llName"":""kaisaw"",""spellSlot"":1,""trueDamage"":0,""type"":""OTHER""},{""basic"":false,""magicDamage"":0,""name"":""Kaisa"",""participantId"":4,""p'"
1414,"b'hysicalDamage"":170,""spellName"":""kaisaq"",""spellSlot"":0,""trueDamage"":0,""type"":""OTHER""},{""basic"":true,""magicDamage"":0,""name"":""Kaisa'"
1415,"b'"",""participantId"":4,""physicalDamage"":81,""spellName"":""kaisaeattack4"",""spellSlot"":70,""trueDamage"":0,""type"":""OTHER""},{""basic"":true,'"
1416,"b'""magicDamage"":0,""name"":""SRU_OrderMinionMelee"",""participantId"":0,""physicalDamage"":5,""spellName"":""sru_orderminionmeleebasicattack""'"
1417,"b',""spellSlot"":64,""trueDamage"":0,""type"":""MINION""},{""basic"":true,""magicDamage"":0,""name"":""SRU_OrderMinionMelee"",""participantId"":0,""p'"
1418,"b'hysicalDamage"":12,""spellName"":""sru_orderminionrangedbasicattack2"",""spellSlot"":65,""trueDamage"":0,""type"":""MINION""},{""basic"":false,'"
1419,"b'""magicDamage"":48,""name"":""Rell"",""participantId"":5,""physicalDamage"":0,""spellName"":""rellq"",""spellSlot"":0,""trueDamage"":0,""type"":""OTH'"
1420,"b'ER""},{""basic"":false,""magicDamage"":62,""name"":""Rell"",""participantId"":5,""physicalDamage"":0,""spellName"":""relle"",""spellSlot"":2,""trueD'"
1421,"b'amage"":0,""type"":""OTHER""},{""basic"":false,""magicDamage"":49,""name"":""Rell"",""participantId"":5,""physicalDamage"":0,""spellName"":""rellw_d'"
1422,"b'ismount"",""spellSlot"":1,""trueDamage"":0,""type"":""OTHER""},{""basic"":true,""magicDamage"":0,""name"":""Rell"",""participantId"":5,""physicalDam'"
1423,"b'age"":46,""spellName"":""rellbasicattack"",""spellSlot"":64,""trueDamage"":0,""type"":""OTHER""},{""basic"":true,""magicDamage"":0,""name"":""Rell"",'"
1424,"b'""participantId"":5,""physicalDamage"":47,""spellName"":""rellbasicattack2"",""spellSlot"":65,""trueDamage"":0,""type"":""OTHER""}],""victimId"":9'"
1425,"b'},{""itemId"":1037,""participantId"":1,""timestamp"":620307,""type"":""ITEM_PURCHASED""},{""assistingParticipantIds"":[7],""bounty"":274,""kill'"
1426,"b'StreakLength"":2,""killerId"":8,""position"":{""x"":8140,""y"":7645},""shutdownBounty"":0,""timestamp"":624347,""type"":""CHAMPION_KILL"",""victim'"
1427,"b'DamageDealt"":[{""basic"":false,""magicDamage"":22,""name"":""Neeko"",""participantId"":7,""physicalDamage"":0,""spellName"":"""",""spellSlot"":-1,'"
1428,"b'""trueDamage"":0,""type"":""OTHER""},{""basic"":false,""magicDamage"":188,""name"":""Neeko"",""participantId"":7,""physicalDamage"":0,""spellName"":'"
1429,"b'""neekor"",""spellSlot"":3,""trueDamage"":0,""type"":""OTHER""},{""basic"":false,""magicDamage"":180,""name"":""Neeko"",""participantId"":8,""physica'"
1430,"b'lDamage"":0,""spellName"":""neekoq"",""spellSlot"":0,""trueDamage"":0,""type"":""OTHER""},{""basic"":false,""magicDamage"":39,""name"":""Neeko"",""par'"
1431,"b'ticipantId"":8,""physicalDamage"":0,""spellName"":"""",""spellSlot"":-1,""trueDamage"":0,""type"":""OTHER""},{""basic"":false,""magicDamage"":81,""n'"
1432,"b'ame"":""Neeko"",""participantId"":8,""physicalDamage"":0,""spellName"":""neekoe"",""spellSlot"":2,""trueDamage"":0,""type"":""OTHER""},{""basic"":fal'"
1433,"b'se,""magicDamage"":165,""name"":""Neeko"",""participantId"":8,""physicalDamage"":0,""spellName"":""neekor"",""spellSlot"":3,""trueDamage"":0,""type'"
1434,"b'"":""OTHER""}],""victimDamageReceived"":[{""basic"":true,""magicDamage"":0,""name"":""Nocturne"",""participantId"":7,""physicalDamage"":106,""spel'"
1435,"b'lName"":""nocturnebasicattack2"",""spellSlot"":65,""trueDamage"":0,""type"":""OTHER""},{""basic"":false,""magicDamage"":58,""name"":""Nocturne"",""p'"
1436,"b'articipantId"":7,""physicalDamage"":0,""spellName"":""nocturneunspeakablehorror"",""spellSlot"":2,""trueDamage"":0,""type"":""OTHER""},{""basic""'"
1437,"b':false,""magicDamage"":0,""name"":""Nocturne"",""participantId"":7,""physicalDamage"":161,""spellName"":""nocturneparanoia2"",""spellSlot"":3,""t'"
1438,"b'rueDamage"":0,""type"":""OTHER""},{""basic"":false,""magicDamage"":0,""name"":""Nocturne"",""participantId"":7,""physicalDamage"":0,""spellName"":""'"
1439,"b'burning"",""spellSlot"":-1,""trueDamage"":20,""type"":""OTHER""},{""basic"":true,""magicDamage"":0,""name"":""Nocturne"",""participantId"":7,""physi'"
1440,"b'calDamage"":196,""spellName"":""nocturnebasicattack"",""spellSlot"":64,""trueDamage"":0,""type"":""OTHER""},{""basic"":false,""magicDamage"":0,""n'"
1441,"b'ame"":""Nocturne"",""participantId"":7,""physicalDamage"":150,""spellName"":""nocturnep"",""spellSlot"":63,""trueDamage"":0,""type"":""OTHER""},{""b'"
1442,"b'asic"":false,""magicDamage"":164,""name"":""Sylas"",""participantId"":8,""physicalDamage"":0,""spellName"":""sylasw"",""spellSlot"":1,""trueDamage'"
1443,"b'"":0,""type"":""OTHER""},{""basic"":false,""magicDamage"":183,""name"":""Sylas"",""participantId"":8,""physicalDamage"":0,""spellName"":""sylaspassi'"
1444,"b've"",""spellSlot"":63,""trueDamage"":0,""type"":""OTHER""}],""victimId"":3},{""killerId"":0,""laneType"":""MID_LANE"",""position"":{""x"":8955,""y"":85'"
1445,"b'10},""teamId"":200,""timestamp"":624347,""type"":""TURRET_PLATE_DESTROYED""},{""itemId"":1052,""participantId"":3,""timestamp"":626745,""type"":'"
1446,"b'""ITEM_DESTROYED""},{""itemId"":3145,""participantId"":3,""timestamp"":626745,""type"":""ITEM_PURCHASED""},{""killerId"":0,""laneType"":""BOT_LAN'"
1447,"b'E"",""position"":{""x"":13866,""y"":4505},""teamId"":200,""timestamp"":628543,""type"":""TURRET_PLATE_DESTROYED""},{""level"":9,""participantId"":8'"
1448,"b',""timestamp"":628877,""type"":""LEVEL_UP""},{""level"":7,""participantId"":7,""timestamp"":629608,""type"":""LEVEL_UP""},{""levelUpType"":""NORMAL'"
1449,"b'"",""participantId"":7,""skillSlot"":1,""timestamp"":634147,""type"":""SKILL_LEVEL_UP""},{""itemId"":2055,""participantId"":10,""timestamp"":6359'"
1450,"b'51,""type"":""ITEM_DESTROYED""},{""creatorId"":10,""timestamp"":635951,""type"":""WARD_PLACED"",""wardType"":""CONTROL_WARD""},{""killerId"":8,""la'"
1451,"b'neType"":""MID_LANE"",""position"":{""x"":5846,""y"":6396},""teamId"":100,""timestamp"":636982,""type"":""TURRET_PLATE_DESTROYED""},{""killerId"":6'"
1452,"b',""laneType"":""TOP_LANE"",""position"":{""x"":981,""y"":10441},""teamId"":100,""timestamp"":637183,""type"":""TURRET_PLATE_DESTROYED""},{""levelUp'"
1453,"b'Type"":""NORMAL"",""participantId"":8,""skillSlot"":2,""timestamp"":639649,""type"":""SKILL_LEVEL_UP""},{""killerId"":4,""timestamp"":640016,""typ'"
1454,"b'e"":""WARD_KILL"",""wardType"":""CONTROL_WARD""},{""itemId"":2055,""participantId"":3,""timestamp"":643524,""type"":""ITEM_PURCHASED""},{""level"":'"
1455,"b'8,""participantId"":2,""timestamp"":645759,""type"":""LEVEL_UP""},{""killerId"":0,""laneType"":""MID_LANE"",""position"":{""x"":5846,""y"":6396},""te'"
1456,"b'amId"":100,""timestamp"":646727,""type"":""TURRET_PLATE_DESTROYED""},{""creatorId"":6,""timestamp"":647830,""type"":""WARD_PLACED"",""wardType"":'"
1457,"b'""YELLOW_TRINKET""},{""levelUpType"":""NORMAL"",""participantId"":2,""skillSlot"":2,""timestamp"":649107,""type"":""SKILL_LEVEL_UP""},{""itemId"":'"
1458,"b'3067,""participantId"":8,""timestamp"":652037,""type"":""ITEM_DESTROYED""},{""itemId"":3802,""participantId"":8,""timestamp"":652037,""type"":""I'"
1459,"b'TEM_DESTROYED""},{""itemId"":6656,""participantId"":8,""timestamp"":652037,""type"":""ITEM_PURCHASED""},{""itemId"":1033,""participantId"":5,""t'"
1460,"b'imestamp"":652336,""type"":""ITEM_PURCHASED""},{""itemId"":6670,""participantId"":4,""timestamp"":652435,""type"":""ITEM_DESTROYED""},{""itemId""'"
1461,"b':1043,""participantId"":4,""timestamp"":652435,""type"":""ITEM_DESTROYED""},{""itemId"":6672,""participantId"":4,""timestamp"":652435,""type"":""'"
1462,"b'ITEM_PURCHASED""},{""itemId"":2055,""participantId"":5,""timestamp"":653104,""type"":""ITEM_PURCHASED""},{""killerId"":10,""timestamp"":655538,'"
1463,"b'""type"":""WARD_KILL"",""wardType"":""SIGHT_WARD""},{""creatorId"":10,""timestamp"":655538,""type"":""WARD_PLACED"",""wardType"":""UNDEFINED""},{""it'"
1464,"b'emId"":1038,""participantId"":4,""timestamp"":656240,""type"":""ITEM_PURCHASED""},{""itemId"":1052,""participantId"":8,""timestamp"":658015,""ty'"
1465,"b'pe"":""ITEM_PURCHASED""},{""levelUpType"":""EVOLVE"",""participantId"":4,""skillSlot"":1,""timestamp"":658683,""type"":""SKILL_LEVEL_UP""}],""part'"
1466,"b'icipantFrames"":{""1"":{""championStats"":{""abilityHaste"":0,""abilityPower"":0,""armor"":90,""armorPen"":0,""armorPenPercent"":0,""attackDamag'"
1467,"b'e"":145,""attackSpeed"":159,""bonusArmorPenPercent"":0,""bonusMagicPenPercent"":0,""ccReduction"":0,""cooldownReduction"":0,""health"":1650,""'"
1468,"b'healthMax"":1650,""healthRegen"":192,""lifesteal"":0,""magicPen"":0,""magicPenPercent"":0,""magicResist"":60,""movementSpeed"":392,""omnivamp""'"
1469,"b':0,""physicalVamp"":0,""power"":0,""powerMax"":0,""powerRegen"":0,""spellVamp"":0},""currentGold"":197,""damageStats"":{""magicDamageDone"":23,""'"
1470,"b'magicDamageDoneToChampions"":23,""magicDamageTaken"":34,""physicalDamageDone"":35701,""physicalDamageDoneToChampions"":1829,""physicalDa'"
1471,"b'mageTaken"":3929,""totalDamageDone"":42503,""totalDamageDoneToChampions"":2561,""totalDamageTaken"":4246,""trueDamageDone"":6777,""trueDam'"
1472,"b'ageDoneToChampions"":707,""trueDamageTaken"":282},""goldPerSecond"":0,""jungleMinionsKilled"":0,""level"":9,""minionsKilled"":87,""participa'"
1473,"b'ntId"":1,""position"":{""x"":2131,""y"":12517},""timeEnemySpentControlled"":18399,""totalGold"":3572,""xp"":5632},""2"":{""championStats"":{""abil'"
1474,"b'ityHaste"":0,""abilityPower"":0,""armor"":60,""armorPen"":0,""armorPenPercent"":0,""attackDamage"":113,""attackSpeed"":137,""bonusArmorPenPerc'"
1475,"b'ent"":0,""bonusMagicPenPercent"":0,""ccReduction"":0,""cooldownReduction"":0,""health"":1352,""healthMax"":1431,""healthRegen"":109,""lifestea'"
1476,"b'l"":0,""magicPen"":0,""magicPenPercent"":0,""magicResist"":43,""movementSpeed"":350,""omnivamp"":0,""physicalVamp"":0,""power"":558,""powerMax"":'"
1477,"b'558,""powerRegen"":126,""spellVamp"":0},""currentGold"":1497,""damageStats"":{""magicDamageDone"":189,""magicDamageDoneToChampions"":189,""ma'"
1478,"b'gicDamageTaken"":3414,""physicalDamageDone"":41302,""physicalDamageDoneToChampions"":2223,""physicalDamageTaken"":7366,""totalDamageDone'"
1479,"b'"":56531,""totalDamageDoneToChampions"":2432,""totalDamageTaken"":10882,""trueDamageDone"":15039,""trueDamageDoneToChampions"":20,""trueDa'"
1480,"b'mageTaken"":101},""goldPerSecond"":0,""jungleMinionsKilled"":70,""level"":8,""minionsKilled"":4,""participantId"":2,""position"":{""x"":7619,""y'"
1481,"b'"":2562},""timeEnemySpentControlled"":58168,""totalGold"":3452,""xp"":4128},""3"":{""championStats"":{""abilityHaste"":0,""abilityPower"":69,""a'"
1482,"b'rmor"":46,""armorPen"":0,""armorPenPercent"":0,""attackDamage"":60,""attackSpeed"":126,""bonusArmorPenPercent"":0,""bonusMagicPenPercent"":0,'"
1483,"b'""ccReduction"":0,""cooldownReduction"":0,""health"":1362,""healthMax"":1362,""healthRegen"":22,""lifesteal"":0,""magicPen"":18,""magicPenPerce'"
1484,"b'nt"":0,""magicResist"":36,""movementSpeed"":385,""omnivamp"":0,""physicalVamp"":0,""power"":965,""powerMax"":965,""powerRegen"":20,""spellVamp"":'"
1485,"b'0},""currentGold"":123,""damageStats"":{""magicDamageDone"":24622,""magicDamageDoneToChampions"":5947,""magicDamageTaken"":4003,""physicalD'"
1486,"b'amageDone"":5353,""physicalDamageDoneToChampions"":2310,""physicalDamageTaken"":3895,""totalDamageDone"":35585,""totalDamageDoneToChampi'"
1487,"b'ons"":8258,""totalDamageTaken"":8014,""trueDamageDone"":5610,""trueDamageDoneToChampions"":0,""trueDamageTaken"":115},""goldPerSecond"":0,""'"
1488,"b'jungleMinionsKilled"":0,""level"":7,""minionsKilled"":60,""participantId"":3,""position"":{""x"":5463,""y"":5004},""timeEnemySpentControlled"":'"
1489,"b'64687,""totalGold"":3713,""xp"":3410},""4"":{""championStats"":{""abilityHaste"":0,""abilityPower"":0,""armor"":54,""armorPen"":0,""armorPenPerce'"
1490,"b'nt"":0,""attackDamage"":164,""attackSpeed"":148,""bonusArmorPenPercent"":0,""bonusMagicPenPercent"":0,""ccReduction"":0,""cooldownReduction""'"
1491,"b':0,""health"":1214,""healthMax"":1214,""healthRegen"":12,""lifesteal"":2,""magicPen"":0,""magicPenPercent"":0,""magicResist"":36,""movementSpee'"
1492,"b'd"":429,""omnivamp"":2,""physicalVamp"":0,""power"":658,""powerMax"":658,""powerRegen"":23,""spellVamp"":0},""currentGold"":9,""damageStats"":{""m'"
1493,"b'agicDamageDone"":4022,""magicDamageDoneToChampions"":2137,""magicDamageTaken"":762,""physicalDamageDone"":23853,""physicalDamageDoneToCh'"
1494,"b'ampions"":4431,""physicalDamageTaken"":3492,""totalDamageDone"":27876,""totalDamageDoneToChampions"":6569,""totalDamageTaken"":4254,""true'"
1495,"b'DamageDone"":0,""trueDamageDoneToChampions"":0,""trueDamageTaken"":0},""goldPerSecond"":0,""jungleMinionsKilled"":0,""level"":7,""minionsKil'"
1496,"b'led"":80,""participantId"":4,""position"":{""x"":2054,""y"":695},""timeEnemySpentControlled"":0,""totalGold"":5049,""xp"":3594},""5"":{""championS'"
1497,"b'tats"":{""abilityHaste"":0,""abilityPower"":10,""armor"":89,""armorPen"":0,""armorPenPercent"":0,""attackDamage"":66,""attackSpeed"":105,""bonus'"
1498,"b'ArmorPenPercent"":0,""bonusMagicPenPercent"":0,""ccReduction"":9,""cooldownReduction"":0,""health"":1078,""healthMax"":1270,""healthRegen"":3'"
1499,"b'8,""lifesteal"":0,""magicPen"":0,""magicPenPercent"":0,""magicResist"":62,""movementSpeed"":433,""omnivamp"":0,""physicalVamp"":0,""power"":462,'"
1500,"b'""powerMax"":527,""powerRegen"":14,""spellVamp"":0},""currentGold"":247,""damageStats"":{""magicDamageDone"":1554,""magicDamageDoneToChampion'"
1501,"b's"":1196,""magicDamageTaken"":1793,""physicalDamageDone"":2109,""physicalDamageDoneToChampions"":1082,""physicalDamageTaken"":2316,""total'"
1502,"b'DamageDone"":8416,""totalDamageDoneToChampions"":2562,""totalDamageTaken"":4243,""trueDamageDone"":4752,""trueDamageDoneToChampions"":283'"
1503,"b',""trueDamageTaken"":133},""goldPerSecond"":30,""jungleMinionsKilled"":0,""level"":6,""minionsKilled"":13,""participantId"":5,""position"":{""x'"
1504,"b'"":2242,""y"":939},""timeEnemySpentControlled"":79882,""totalGold"":2847,""xp"":2889},""6"":{""championStats"":{""abilityHaste"":0,""abilityPowe'"
1505,"b'r"":0,""armor"":68,""armorPen"":0,""armorPenPercent"":0,""attackDamage"":158,""attackSpeed"":123,""bonusArmorPenPercent"":0,""bonusMagicPenPer'"
1506,"b'cent"":0,""ccReduction"":12,""cooldownReduction"":0,""health"":1534,""healthMax"":1534,""healthRegen"":23,""lifesteal"":0,""magicPen"":0,""magic'"
1507,"b'PenPercent"":0,""magicResist"":45,""movementSpeed"":340,""omnivamp"":2,""physicalVamp"":0,""power"":0,""powerMax"":0,""powerRegen"":0,""spellVam'"
1508,"b'p"":0},""currentGold"":829,""damageStats"":{""magicDamageDone"":0,""magicDamageDoneToChampions"":0,""magicDamageTaken"":199,""physicalDamage'"
1509,"b'Done"":40803,""physicalDamageDoneToChampions"":3939,""physicalDamageTaken"":2632,""totalDamageDone"":41278,""totalDamageDoneToChampions""'"
1510,"b':4221,""totalDamageTaken"":3171,""trueDamageDone"":475,""trueDamageDoneToChampions"":282,""trueDamageTaken"":340},""goldPerSecond"":0,""jun'"
1511,"b'gleMinionsKilled"":0,""level"":9,""minionsKilled"":101,""participantId"":6,""position"":{""x"":2476,""y"":12672},""timeEnemySpentControlled"":6'"
1512,"b'4731,""totalGold"":4079,""xp"":5604},""7"":{""championStats"":{""abilityHaste"":0,""abilityPower"":0,""armor"":66,""armorPen"":0,""armorPenPercen'"
1513,"b't"":0,""attackDamage"":147,""attackSpeed"":173,""bonusArmorPenPercent"":0,""bonusMagicPenPercent"":0,""ccReduction"":19,""cooldownReduction""'"
1514,"b':0,""health"":1314,""healthMax"":1483,""healthRegen"":110,""lifesteal"":0,""magicPen"":0,""magicPenPercent"":0,""magicResist"":39,""movementSpe'"
1515,"b'ed"":365,""omnivamp"":0,""physicalVamp"":0,""power"":84,""powerMax"":444,""powerRegen"":141,""spellVamp"":0},""currentGold"":835,""damageStats"":'"
1516,"b'{""magicDamageDone"":1258,""magicDamageDoneToChampions"":350,""magicDamageTaken"":1800,""physicalDamageDone"":45776,""physicalDamageDoneT'"
1517,"b'oChampions"":4278,""physicalDamageTaken"":7847,""totalDamageDone"":61868,""totalDamageDoneToChampions"":4652,""totalDamageTaken"":10025,""'"
1518,"b'trueDamageDone"":14834,""trueDamageDoneToChampions"":23,""trueDamageTaken"":377},""goldPerSecond"":0,""jungleMinionsKilled"":42,""level"":7'"
1519,"b',""minionsKilled"":8,""participantId"":7,""position"":{""x"":10072,""y"":6501},""timeEnemySpentControlled"":110463,""totalGold"":4790,""xp"":332'"
1520,"b'6},""8"":{""championStats"":{""abilityHaste"":0,""abilityPower"":151,""armor"":62,""armorPen"":0,""armorPenPercent"":0,""attackDamage"":81,""atta'"
1521,"b'ckSpeed"":123,""bonusArmorPenPercent"":0,""bonusMagicPenPercent"":0,""ccReduction"":0,""cooldownReduction"":0,""health"":1841,""healthMax"":1'"
1522,"b'841,""healthRegen"":30,""lifesteal"":0,""magicPen"":0,""magicPenPercent"":0,""magicResist"":57,""movementSpeed"":395,""omnivamp"":0,""physicalV'"
1523,"b'amp"":0,""power"":1381,""powerMax"":1381,""powerRegen"":26,""spellVamp"":0},""currentGold"":8,""damageStats"":{""magicDamageDone"":28145,""magic'"
1524,"b'DamageDoneToChampions"":5021,""magicDamageTaken"":4678,""physicalDamageDone"":2062,""physicalDamageDoneToChampions"":299,""physicalDamag'"
1525,"b'eTaken"":3380,""totalDamageDone"":34193,""totalDamageDoneToChampions"":5454,""totalDamageTaken"":8069,""trueDamageDone"":3985,""trueDamage'"
1526,"b'DoneToChampions"":134,""trueDamageTaken"":10},""goldPerSecond"":0,""jungleMinionsKilled"":0,""level"":9,""minionsKilled"":81,""participantId'"
1527,"b'"":8,""position"":{""x"":14158,""y"":14096},""timeEnemySpentControlled"":144080,""totalGold"":4873,""xp"":5196},""9"":{""championStats"":{""abilit'"
1528,"b'yHaste"":0,""abilityPower"":0,""armor"":46,""armorPen"":0,""armorPenPercent"":0,""attackDamage"":116,""attackSpeed"":178,""bonusArmorPenPercen'"
1529,"b't"":0,""bonusMagicPenPercent"":0,""ccReduction"":0,""cooldownReduction"":0,""health"":1144,""healthMax"":1144,""healthRegen"":12,""lifesteal"":'"
1530,"b'0,""magicPen"":0,""magicPenPercent"":0,""magicResist"":35,""movementSpeed"":380,""omnivamp"":2,""physicalVamp"":0,""power"":367,""powerMax"":427'"
1531,"b',""powerRegen"":18,""spellVamp"":0},""currentGold"":531,""damageStats"":{""magicDamageDone"":3353,""magicDamageDoneToChampions"":1022,""magic'"
1532,"b'DamageTaken"":1757,""physicalDamageDone"":14222,""physicalDamageDoneToChampions"":2900,""physicalDamageTaken"":4324,""totalDamageDone"":2'"
1533,"b'4965,""totalDamageDoneToChampions"":3946,""totalDamageTaken"":6280,""trueDamageDone"":7389,""trueDamageDoneToChampions"":23,""trueDamageT'"
1534,"b'aken"":198},""goldPerSecond"":0,""jungleMinionsKilled"":0,""level"":6,""minionsKilled"":71,""participantId"":9,""position"":{""x"":12635,""y"":31'"
1535,"b'37},""timeEnemySpentControlled"":9440,""totalGold"":4231,""xp"":3142},""10"":{""championStats"":{""abilityHaste"":0,""abilityPower"":29,""armor'"
1536,"b'"":70,""armorPen"":0,""armorPenPercent"":0,""attackDamage"":75,""attackSpeed"":111,""bonusArmorPenPercent"":0,""bonusMagicPenPercent"":0,""ccR'"
1537,"b'eduction"":0,""cooldownReduction"":0,""health"":1411,""healthMax"":1411,""healthRegen"":20,""lifesteal"":0,""magicPen"":0,""magicPenPercent"":0'"
1538,"b',""magicResist"":40,""movementSpeed"":360,""omnivamp"":0,""physicalVamp"":0,""power"":341,""powerMax"":512,""powerRegen"":21,""spellVamp"":0},""c'"
1539,"b'urrentGold"":283,""damageStats"":{""magicDamageDone"":2859,""magicDamageDoneToChampions"":1447,""magicDamageTaken"":1671,""physicalDamageD'"
1540,"b'one"":2918,""physicalDamageDoneToChampions"":1038,""physicalDamageTaken"":3120,""totalDamageDone"":8622,""totalDamageDoneToChampions"":26'"
1541,"b'55,""totalDamageTaken"":4877,""trueDamageDone"":2844,""trueDamageDoneToChampions"":170,""trueDamageTaken"":85},""goldPerSecond"":20,""jungl'"
1542,"b'eMinionsKilled"":0,""level"":6,""minionsKilled"":19,""participantId"":10,""position"":{""x"":11817,""y"":1959},""timeEnemySpentControlled"":224'"
1543,"b'51,""totalGold"":2494,""xp"":2988}},""timestamp"":660208},{""events"":[{""level"":7,""participantId"":9,""timestamp"":662312,""type"":""LEVEL_UP""'"
1544,"b'},{""killerId"":8,""timestamp"":668342,""type"":""WARD_KILL"",""wardType"":""YELLOW_TRINKET""},{""levelUpType"":""NORMAL"",""participantId"":9,""sk'"
1545,"b'illSlot"":1,""timestamp"":671008,""type"":""SKILL_LEVEL_UP""},{""itemId"":3858,""participantId"":10,""timestamp"":672042,""type"":""ITEM_DESTROY'"
1546,"b'ED""},{""killerId"":10,""timestamp"":672175,""type"":""WARD_KILL"",""wardType"":""CONTROL_WARD""},{""level"":7,""participantId"":10,""timestamp"":6'"
1547,"b'72175,""type"":""LEVEL_UP""},{""creatorId"":10,""timestamp"":672175,""type"":""WARD_PLACED"",""wardType"":""UNDEFINED""},{""killerId"":9,""laneType'"
1548,"b'"":""BOT_LANE"",""position"":{""x"":10504,""y"":1029},""teamId"":100,""timestamp"":672575,""type"":""TURRET_PLATE_DESTROYED""},{""levelUpType"":""NO'"
1549,"b'RMAL"",""participantId"":10,""skillSlot"":2,""timestamp"":674474,""type"":""SKILL_LEVEL_UP""},{""creatorId"":1,""timestamp"":676343,""type"":""WAR'"
1550,"b'D_PLACED"",""wardType"":""YELLOW_TRINKET""},{""killerId"":9,""laneType"":""BOT_LANE"",""position"":{""x"":10504,""y"":1029},""teamId"":100,""timesta'"
1551,"b'mp"":680815,""type"":""TURRET_PLATE_DESTROYED""},{""creatorId"":2,""timestamp"":685354,""type"":""WARD_PLACED"",""wardType"":""YELLOW_TRINKET""},'"
1552,"b'{""creatorId"":5,""timestamp"":685786,""type"":""WARD_PLACED"",""wardType"":""SIGHT_WARD""},{""assistingParticipantIds"":[4,5],""bounty"":274,""k'"
1553,"b'illStreakLength"":0,""killerId"":2,""position"":{""x"":13028,""y"":1903},""shutdownBounty"":0,""timestamp"":688887,""type"":""CHAMPION_KILL"",""vi'"
1554,"b'ctimDamageDealt"":[{""basic"":false,""magicDamage"":41,""name"":""Zeri"",""participantId"":2,""physicalDamage"":0,""spellName"":"""",""spellSlot"":'"
1555,"b'-1,""trueDamage"":0,""type"":""OTHER""},{""basic"":false,""magicDamage"":148,""name"":""Zeri"",""participantId"":2,""physicalDamage"":0,""spellName'"
1556,"b'"":"""",""spellSlot"":63,""trueDamage"":0,""type"":""OTHER""},{""basic"":false,""magicDamage"":55,""name"":""Zeri"",""participantId"":2,""physicalDama'"
1557,"b'ge"":0,""spellName"":""zerie"",""spellSlot"":2,""trueDamage"":0,""type"":""OTHER""},{""basic"":false,""magicDamage"":0,""name"":""Zeri"",""participant'"
1558,"b'Id"":2,""physicalDamage"":261,""spellName"":""zeriq"",""spellSlot"":0,""trueDamage"":0,""type"":""OTHER""},{""basic"":false,""magicDamage"":0,""name'"
1559,"b'"":""Zeri"",""participantId"":5,""physicalDamage"":0,""spellName"":""zeriq"",""spellSlot"":0,""trueDamage"":0,""type"":""OTHER""},{""basic"":false,""m'"
1560,"b'agicDamage"":0,""name"":""Zeri"",""participantId"":5,""physicalDamage"":0,""spellName"":""zerie"",""spellSlot"":2,""trueDamage"":0,""type"":""OTHER""'"
1561,"b'}],""victimDamageReceived"":[{""basic"":true,""magicDamage"":0,""name"":""Khazix"",""participantId"":2,""physicalDamage"":80,""spellName"":""khaz'"
1562,"b'ixbasicattack2"",""spellSlot"":65,""trueDamage"":0,""type"":""OTHER""},{""basic"":false,""magicDamage"":0,""name"":""Khazix"",""participantId"":2,""'"
1563,"b'physicalDamage"":0,""spellName"":""s5_summonersmiteplayerganker"",""spellSlot"":5,""trueDamage"":77,""type"":""OTHER""},{""basic"":false,""magic'"
1564,"b'Damage"":0,""name"":""Khazix"",""participantId"":2,""physicalDamage"":561,""spellName"":""khazixq"",""spellSlot"":0,""trueDamage"":0,""type"":""OTHE'"
1565,"b'R""},{""basic"":false,""magicDamage"":0,""name"":""Khazix"",""participantId"":2,""physicalDamage"":52,""spellName"":""6029active"",""spellSlot"":7,'"
1566,"b'""trueDamage"":0,""type"":""OTHER""},{""basic"":false,""magicDamage"":108,""name"":""Khazix"",""participantId"":2,""physicalDamage"":0,""spellName""'"
1567,"b':""khazixpassive"",""spellSlot"":63,""trueDamage"":0,""type"":""OTHER""},{""basic"":false,""magicDamage"":0,""name"":""Khazix"",""participantId"":2,'"
1568,"b'""physicalDamage"":0,""spellName"":""burning"",""spellSlot"":-1,""trueDamage"":25,""type"":""OTHER""},{""basic"":true,""magicDamage"":0,""name"":""Kh'"
1569,"b'azix"",""participantId"":2,""physicalDamage"":171,""spellName"":""khazixbasicattack"",""spellSlot"":64,""trueDamage"":0,""type"":""OTHER""},{""bas'"
1570,"b'ic"":false,""magicDamage"":48,""name"":""Rell"",""participantId"":5,""physicalDamage"":0,""spellName"":""rellq"",""spellSlot"":0,""trueDamage"":0,""'"
1571,"b'type"":""OTHER""},{""basic"":false,""magicDamage"":180,""name"":""Kaisa"",""participantId"":4,""physicalDamage"":0,""spellName"":""kaisaw"",""spellS'"
1572,"b'lot"":1,""trueDamage"":0,""type"":""OTHER""},{""basic"":false,""magicDamage"":27,""name"":""Kaisa"",""participantId"":4,""physicalDamage"":0,""spell'"
1573,"b'Name"":""kaisapassive"",""spellSlot"":63,""trueDamage"":0,""type"":""OTHER""}],""victimId"":9},{""killerId"":10,""timestamp"":694185,""type"":""WARD'"
1574,"b'_KILL"",""wardType"":""CONTROL_WARD""},{""creatorId"":10,""timestamp"":694185,""type"":""WARD_PLACED"",""wardType"":""UNDEFINED""},{""level"":7,""pa'"
1575,"b'rticipantId"":5,""timestamp"":695417,""type"":""LEVEL_UP""},{""levelUpType"":""NORMAL"",""participantId"":5,""skillSlot"":3,""timestamp"":696348,'"
1576,"b'""type"":""SKILL_LEVEL_UP""},{""itemId"":2055,""participantId"":5,""timestamp"":697819,""type"":""ITEM_DESTROYED""},{""creatorId"":5,""timestamp""'"
1577,"b':697819,""type"":""WARD_PLACED"",""wardType"":""CONTROL_WARD""},{""killerId"":5,""timestamp"":699052,""type"":""WARD_KILL"",""wardType"":""UNDEFINE'"
1578,"b'D""},{""itemId"":6029,""participantId"":2,""timestamp"":699385,""type"":""ITEM_DESTROYED""},{""itemId"":1028,""participantId"":2,""timestamp"":69'"
1579,"b'9385,""type"":""ITEM_DESTROYED""},{""itemId"":6630,""participantId"":2,""timestamp"":699385,""type"":""ITEM_PURCHASED""},{""creatorId"":10,""time'"
1580,"b'stamp"":699718,""type"":""WARD_PLACED"",""wardType"":""SIGHT_WARD""},{""itemId"":2055,""participantId"":2,""timestamp"":700250,""type"":""ITEM_PUR'"
1581,"b'CHASED""},{""level"":8,""participantId"":7,""timestamp"":701417,""type"":""LEVEL_UP""},{""creatorId"":5,""timestamp"":701715,""type"":""WARD_PLACE'"
1582,"b'D"",""wardType"":""SIGHT_WARD""},{""levelUpType"":""NORMAL"",""participantId"":7,""skillSlot"":3,""timestamp"":702521,""type"":""SKILL_LEVEL_UP""},'"
1583,"b'{""level"":10,""participantId"":6,""timestamp"":703888,""type"":""LEVEL_UP""},{""level"":10,""participantId"":1,""timestamp"":704387,""type"":""LEV'"
1584,"b'EL_UP""},{""levelUpType"":""NORMAL"",""participantId"":6,""skillSlot"":3,""timestamp"":704722,""type"":""SKILL_LEVEL_UP""},{""levelUpType"":""NORM'"
1585,"b'AL"",""participantId"":1,""skillSlot"":1,""timestamp"":705323,""type"":""SKILL_LEVEL_UP""},{""itemId"":3047,""participantId"":7,""timestamp"":706'"
1586,"b'723,""type"":""ITEM_PURCHASED""},{""itemId"":2055,""participantId"":7,""timestamp"":707023,""type"":""ITEM_PURCHASED""},{""itemId"":6670,""partic'"
1587,"b'ipantId"":9,""timestamp"":707753,""type"":""ITEM_DESTROYED""},{""itemId"":2015,""participantId"":9,""timestamp"":707753,""type"":""ITEM_DESTROYE'"
1588,"b'D""},{""itemId"":3087,""participantId"":9,""timestamp"":707753,""type"":""ITEM_PURCHASED""},{""killerId"":0,""laneType"":""BOT_LANE"",""position"":'"
1589,"b'{""x"":13866,""y"":4505},""teamId"":200,""timestamp"":709526,""type"":""TURRET_PLATE_DESTROYED""}],""participantFrames"":{""1"":{""championStats""'"
1590,"b':{""abilityHaste"":0,""abilityPower"":0,""armor"":96,""armorPen"":0,""armorPenPercent"":0,""attackDamage"":149,""attackSpeed"":163,""bonusArmor'"
1591,"b'PenPercent"":0,""bonusMagicPenPercent"":0,""ccReduction"":0,""cooldownReduction"":0,""health"":668,""healthMax"":1837,""healthRegen"":324,""li'"
1592,"b'festeal"":0,""magicPen"":0,""magicPenPercent"":0,""magicResist"":63,""movementSpeed"":392,""omnivamp"":0,""physicalVamp"":0,""power"":0,""powerM'"
1593,"b'ax"":0,""powerRegen"":0,""spellVamp"":0},""currentGold"":579,""damageStats"":{""magicDamageDone"":65,""magicDamageDoneToChampions"":65,""magic'"
1594,"b'DamageTaken"":34,""physicalDamageDone"":40724,""physicalDamageDoneToChampions"":2624,""physicalDamageTaken"":5725,""totalDamageDone"":507'"
1595,"b'42,""totalDamageDoneToChampions"":3397,""totalDamageTaken"":6272,""trueDamageDone"":9952,""trueDamageDoneToChampions"":707,""trueDamageTa'"
1596,"b'ken"":512},""goldPerSecond"":0,""jungleMinionsKilled"":0,""level"":10,""minionsKilled"":98,""participantId"":1,""position"":{""x"":1499,""y"":117'"
1597,"b'71},""timeEnemySpentControlled"":23196,""totalGold"":3954,""xp"":6249},""2"":{""championStats"":{""abilityHaste"":0,""abilityPower"":0,""armor""'"
1598,"b':60,""armorPen"":0,""armorPenPercent"":0,""attackDamage"":138,""attackSpeed"":139,""bonusArmorPenPercent"":0,""bonusMagicPenPercent"":0,""ccR'"
1599,"b'eduction"":0,""cooldownReduction"":0,""health"":1581,""healthMax"":1581,""healthRegen"":118,""lifesteal"":0,""magicPen"":0,""magicPenPercent"":'"
1600,"b'0,""magicResist"":43,""movementSpeed"":385,""omnivamp"":8,""physicalVamp"":0,""power"":546,""powerMax"":558,""powerRegen"":20,""spellVamp"":0},""'"
1601,"b'currentGold"":248,""damageStats"":{""magicDamageDone"":298,""magicDamageDoneToChampions"":298,""magicDamageTaken"":3660,""physicalDamageDo'"
1602,"b'ne"":45351,""physicalDamageDoneToChampions"":3089,""physicalDamageTaken"":8019,""totalDamageDone"":61398,""totalDamageDoneToChampions"":3'"
1603,"b'510,""totalDamageTaken"":11781,""trueDamageDone"":15748,""trueDamageDoneToChampions"":122,""trueDamageTaken"":101},""goldPerSecond"":0,""ju'"
1604,"b'ngleMinionsKilled"":74,""level"":8,""minionsKilled"":4,""participantId"":2,""position"":{""x"":6167,""y"":6064},""timeEnemySpentControlled"":77'"
1605,"b'255,""totalGold"":3978,""xp"":4552},""3"":{""championStats"":{""abilityHaste"":0,""abilityPower"":69,""armor"":46,""armorPen"":0,""armorPenPercen'"
1606,"b't"":0,""attackDamage"":60,""attackSpeed"":126,""bonusArmorPenPercent"":0,""bonusMagicPenPercent"":0,""ccReduction"":0,""cooldownReduction"":0'"
1607,"b',""health"":316,""healthMax"":1362,""healthRegen"":22,""lifesteal"":0,""magicPen"":18,""magicPenPercent"":0,""magicResist"":36,""movementSpeed""'"
1608,"b':385,""omnivamp"":0,""physicalVamp"":0,""power"":534,""powerMax"":965,""powerRegen"":20,""spellVamp"":0},""currentGold"":364,""damageStats"":{""m'"
1609,"b'agicDamageDone"":29878,""magicDamageDoneToChampions"":7093,""magicDamageTaken"":5535,""physicalDamageDone"":5705,""physicalDamageDoneToC'"
1610,"b'hampions"":2421,""physicalDamageTaken"":3973,""totalDamageDone"":41193,""totalDamageDoneToChampions"":9515,""totalDamageTaken"":9624,""tru'"
1611,"b'eDamageDone"":5610,""trueDamageDoneToChampions"":0,""trueDamageTaken"":115},""goldPerSecond"":0,""jungleMinionsKilled"":0,""level"":7,""mini'"
1612,"b'onsKilled"":67,""participantId"":3,""position"":{""x"":6441,""y"":6820},""timeEnemySpentControlled"":76924,""totalGold"":3954,""xp"":3933},""4"":'"
1613,"b'{""championStats"":{""abilityHaste"":0,""abilityPower"":0,""armor"":54,""armorPen"":0,""armorPenPercent"":0,""attackDamage"":164,""attackSpeed""'"
1614,"b':148,""bonusArmorPenPercent"":0,""bonusMagicPenPercent"":0,""ccReduction"":0,""cooldownReduction"":0,""health"":1208,""healthMax"":1214,""hea'"
1615,"b'lthRegen"":12,""lifesteal"":2,""magicPen"":0,""magicPenPercent"":0,""magicResist"":36,""movementSpeed"":370,""omnivamp"":2,""physicalVamp"":0,""'"
1616,"b'power"":600,""powerMax"":658,""powerRegen"":23,""spellVamp"":0},""currentGold"":572,""damageStats"":{""magicDamageDone"":4302,""magicDamageDon'"
1617,"b'eToChampions"":2346,""magicDamageTaken"":762,""physicalDamageDone"":29873,""physicalDamageDoneToChampions"":4431,""physicalDamageTaken"":'"
1618,"b'3532,""totalDamageDone"":34176,""totalDamageDoneToChampions"":6778,""totalDamageTaken"":4295,""trueDamageDone"":0,""trueDamageDoneToChamp'"
1619,"b'ions"":0,""trueDamageTaken"":0},""goldPerSecond"":0,""jungleMinionsKilled"":0,""level"":7,""minionsKilled"":88,""participantId"":4,""position""'"
1620,"b':{""x"":13539,""y"":3974},""timeEnemySpentControlled"":0,""totalGold"":5612,""xp"":4051},""5"":{""championStats"":{""abilityHaste"":0,""abilityPo'"
1621,"b'wer"":10,""armor"":93,""armorPen"":0,""armorPenPercent"":0,""attackDamage"":69,""attackSpeed"":107,""bonusArmorPenPercent"":0,""bonusMagicPenP'"
1622,"b'ercent"":0,""ccReduction"":6,""cooldownReduction"":0,""health"":1315,""healthMax"":1363,""healthRegen"":40,""lifesteal"":0,""magicPen"":0,""magi'"
1623,"b'cPenPercent"":0,""magicResist"":63,""movementSpeed"":496,""omnivamp"":0,""physicalVamp"":0,""power"":422,""powerMax"":568,""powerRegen"":15,""sp'"
1624,"b'ellVamp"":0},""currentGold"":577,""damageStats"":{""magicDamageDone"":1618,""magicDamageDoneToChampions"":1244,""magicDamageTaken"":1852,""p'"
1625,"b'hysicalDamageDone"":2527,""physicalDamageDoneToChampions"":1082,""physicalDamageTaken"":2354,""totalDamageDone"":10026,""totalDamageDone'"
1626,"b'ToChampions"":2610,""totalDamageTaken"":4341,""trueDamageDone"":5880,""trueDamageDoneToChampions"":283,""trueDamageTaken"":133},""goldPerS'"
1627,"b'econd"":30,""jungleMinionsKilled"":0,""level"":7,""minionsKilled"":17,""participantId"":5,""position"":{""x"":7008,""y"":7090},""timeEnemySpentC'"
1628,"b'ontrolled"":84381,""totalGold"":3177,""xp"":3286},""6"":{""championStats"":{""abilityHaste"":0,""abilityPower"":0,""armor"":73,""armorPen"":0,""ar'"
1629,"b'morPenPercent"":0,""attackDamage"":161,""attackSpeed"":127,""bonusArmorPenPercent"":0,""bonusMagicPenPercent"":0,""ccReduction"":12,""cooldo'"
1630,"b'wnReduction"":0,""health"":989,""healthMax"":1634,""healthRegen"":108,""lifesteal"":0,""magicPen"":0,""magicPenPercent"":0,""magicResist"":47,""'"
1631,"b'movementSpeed"":340,""omnivamp"":2,""physicalVamp"":0,""power"":0,""powerMax"":0,""powerRegen"":0,""spellVamp"":0},""currentGold"":1138,""damage'"
1632,"b'Stats"":{""magicDamageDone"":0,""magicDamageDoneToChampions"":0,""magicDamageTaken"":240,""physicalDamageDone"":47294,""physicalDamageDone'"
1633,"b'ToChampions"":5428,""physicalDamageTaken"":3565,""totalDamageDone"":48000,""totalDamageDoneToChampions"":5940,""totalDamageTaken"":4146,""'"
1634,"b'trueDamageDone"":705,""trueDamageDoneToChampions"":512,""trueDamageTaken"":340},""goldPerSecond"":0,""jungleMinionsKilled"":0,""level"":10,'"
1635,"b'""minionsKilled"":111,""participantId"":6,""position"":{""x"":2061,""y"":12224},""timeEnemySpentControlled"":71358,""totalGold"":4388,""xp"":615'"
1636,"b'7},""7"":{""championStats"":{""abilityHaste"":0,""abilityPower"":0,""armor"":91,""armorPen"":0,""armorPenPercent"":0,""attackDamage"":149,""attac'"
1637,"b'kSpeed"":175,""bonusArmorPenPercent"":0,""bonusMagicPenPercent"":0,""ccReduction"":19,""cooldownReduction"":0,""health"":1584,""healthMax"":1'"
1638,"b'584,""healthRegen"":117,""lifesteal"":0,""magicPen"":0,""magicPenPercent"":0,""magicResist"":40,""movementSpeed"":390,""omnivamp"":0,""physical'"
1639,"b'Vamp"":0,""power"":472,""powerMax"":477,""powerRegen"":116,""spellVamp"":0},""currentGold"":186,""damageStats"":{""magicDamageDone"":1418,""magi'"
1640,"b'cDamageDoneToChampions"":350,""magicDamageTaken"":2417,""physicalDamageDone"":56314,""physicalDamageDoneToChampions"":4278,""physicalDam'"
1641,"b'ageTaken"":8574,""totalDamageDone"":75307,""totalDamageDoneToChampions"":4652,""totalDamageTaken"":11369,""trueDamageDone"":17574,""trueDa'"
1642,"b'mageDoneToChampions"":23,""trueDamageTaken"":377},""goldPerSecond"":0,""jungleMinionsKilled"":58,""level"":8,""minionsKilled"":8,""participa'"
1643,"b'ntId"":7,""position"":{""x"":9435,""y"":11503},""timeEnemySpentControlled"":168718,""totalGold"":5316,""xp"":4181},""8"":{""championStats"":{""abi'"
1644,"b'lityHaste"":0,""abilityPower"":151,""armor"":62,""armorPen"":0,""armorPenPercent"":0,""attackDamage"":81,""attackSpeed"":123,""bonusArmorPenPe'"
1645,"b'rcent"":0,""bonusMagicPenPercent"":0,""ccReduction"":0,""cooldownReduction"":0,""health"":630,""healthMax"":1844,""healthRegen"":165,""lifeste'"
1646,"b'al"":0,""magicPen"":0,""magicPenPercent"":0,""magicResist"":57,""movementSpeed"":395,""omnivamp"":0,""physicalVamp"":0,""power"":489,""powerMax""'"
1647,"b':1381,""powerRegen"":26,""spellVamp"":0},""currentGold"":495,""damageStats"":{""magicDamageDone"":38671,""magicDamageDoneToChampions"":6553,'"
1648,"b'""magicDamageTaken"":5824,""physicalDamageDone"":2315,""physicalDamageDoneToChampions"":299,""physicalDamageTaken"":4337,""totalDamageDon'"
1649,"b'e"":45012,""totalDamageDoneToChampions"":6987,""totalDamageTaken"":10171,""trueDamageDone"":4025,""trueDamageDoneToChampions"":134,""trueD'"
1650,"b'amageTaken"":10},""goldPerSecond"":0,""jungleMinionsKilled"":0,""level"":9,""minionsKilled"":96,""participantId"":8,""position"":{""x"":7695,""y'"
1651,"b'"":7415},""timeEnemySpentControlled"":184440,""totalGold"":5365,""xp"":5920},""9"":{""championStats"":{""abilityHaste"":0,""abilityPower"":0,""a'"
1652,"b'rmor"":50,""armorPen"":0,""armorPenPercent"":0,""attackDamage"":117,""attackSpeed"":196,""bonusArmorPenPercent"":0,""bonusMagicPenPercent"":0'"
1653,"b',""ccReduction"":0,""cooldownReduction"":0,""health"":1242,""healthMax"":1242,""healthRegen"":13,""lifesteal"":0,""magicPen"":0,""magicPenPerce'"
1654,"b'nt"":0,""magicResist"":36,""movementSpeed"":380,""omnivamp"":2,""physicalVamp"":0,""power"":380,""powerMax"":468,""powerRegen"":19,""spellVamp"":'"
1655,"b'0},""currentGold"":25,""damageStats"":{""magicDamageDone"":3916,""magicDamageDoneToChampions"":1268,""magicDamageTaken"":2123,""physicalDam'"
1656,"b'ageDone"":16206,""physicalDamageDoneToChampions"":3161,""physicalDamageTaken"":5190,""totalDamageDone"":27601,""totalDamageDoneToChampio'"
1657,"b'ns"":4453,""totalDamageTaken"":7615,""trueDamageDone"":7478,""trueDamageDoneToChampions"":23,""trueDamageTaken"":301},""goldPerSecond"":0,""'"
1658,"b'jungleMinionsKilled"":0,""level"":7,""minionsKilled"":77,""participantId"":9,""position"":{""x"":14156,""y"":9163},""timeEnemySpentControlled""'"
1659,"b':9440,""totalGold"":4725,""xp"":3334},""10"":{""championStats"":{""abilityHaste"":0,""abilityPower"":38,""armor"":74,""armorPen"":0,""armorPenPer'"
1660,"b'cent"":0,""attackDamage"":78,""attackSpeed"":114,""bonusArmorPenPercent"":0,""bonusMagicPenPercent"":0,""ccReduction"":0,""cooldownReduction'"
1661,"b'"":0,""health"":1572,""healthMax"":1572,""healthRegen"":25,""lifesteal"":0,""magicPen"":0,""magicPenPercent"":0,""magicResist"":41,""movementSpe'"
1662,"b'ed"":360,""omnivamp"":0,""physicalVamp"":0,""power"":363,""powerMax"":557,""powerRegen"":22,""spellVamp"":0},""currentGold"":644,""damageStats"":'"
1663,"b'{""magicDamageDone"":2970,""magicDamageDoneToChampions"":1506,""magicDamageTaken"":1671,""physicalDamageDone"":3306,""physicalDamageDoneT'"
1664,"b'oChampions"":1038,""physicalDamageTaken"":3120,""totalDamageDone"":10052,""totalDamageDoneToChampions"":2714,""totalDamageTaken"":4877,""t'"
1665,"b'rueDamageDone"":3775,""trueDamageDoneToChampions"":170,""trueDamageTaken"":85},""goldPerSecond"":30,""jungleMinionsKilled"":0,""level"":7,""'"
1666,"b'minionsKilled"":25,""participantId"":10,""position"":{""x"":7702,""y"":7309},""timeEnemySpentControlled"":23251,""totalGold"":2864,""xp"":3255}'"
1667,"b'},""timestamp"":720221},{""events"":[{""killerId"":0,""laneType"":""BOT_LANE"",""position"":{""x"":13866,""y"":4505},""teamId"":200,""timestamp"":72'"
1668,"b'3461,""type"":""TURRET_PLATE_DESTROYED""},{""level"":8,""participantId"":4,""timestamp"":728937,""type"":""LEVEL_UP""},{""levelUpType"":""NORMAL""'"
1669,"b',""participantId"":4,""skillSlot"":3,""timestamp"":730605,""type"":""SKILL_LEVEL_UP""},{""creatorId"":9,""timestamp"":739072,""type"":""WARD_PLAC'"
1670,"b'ED"",""wardType"":""YELLOW_TRINKET""},{""assistingParticipantIds"":[10],""bounty"":300,""killStreakLength"":3,""killerId"":8,""position"":{""x"":'"
1671,"b'6590,""y"":6191},""shutdownBounty"":0,""timestamp"":745066,""type"":""CHAMPION_KILL"",""victimDamageDealt"":[{""basic"":false,""magicDamage"":8,'"
1672,"b'""name"":""Rell"",""participantId"":8,""physicalDamage"":0,""spellName"":""rellw_mountup"",""spellSlot"":1,""trueDamage"":0,""type"":""OTHER""},{""ba'"
1673,"b'sic"":false,""magicDamage"":0,""name"":""Rell"",""participantId"":8,""physicalDamage"":42,""spellName"":"""",""spellSlot"":1,""trueDamage"":0,""type'"
1674,"b'"":""OTHER""},{""basic"":false,""magicDamage"":42,""name"":""Rell"",""participantId"":8,""physicalDamage"":0,""spellName"":""rellq"",""spellSlot"":0,'"
1675,"b'""trueDamage"":0,""type"":""OTHER""}],""victimDamageReceived"":[{""basic"":false,""magicDamage"":54,""name"":""Rakan"",""participantId"":10,""physi'"
1676,"b'calDamage"":0,""spellName"":""rakanq"",""spellSlot"":0,""trueDamage"":0,""type"":""OTHER""},{""basic"":false,""magicDamage"":67,""name"":""Rakan"",""p'"
1677,"b'articipantId"":10,""physicalDamage"":0,""spellName"":""rakanr"",""spellSlot"":3,""trueDamage"":0,""type"":""OTHER""},{""basic"":false,""magicDamag'"
1678,"b'e"":141,""name"":""Rakan"",""participantId"":10,""physicalDamage"":0,""spellName"":""rakanw"",""spellSlot"":1,""trueDamage"":0,""type"":""OTHER""},{""'"
1679,"b'basic"":true,""magicDamage"":0,""name"":""Rakan"",""participantId"":10,""physicalDamage"":38,""spellName"":""rakanbasicattackshort"",""spellSlot'"
1680,"b'"":49,""trueDamage"":0,""type"":""OTHER""},{""basic"":false,""magicDamage"":220,""name"":""Sylas"",""participantId"":8,""physicalDamage"":0,""spellN'"
1681,"b'ame"":""sylasw"",""spellSlot"":1,""trueDamage"":63,""type"":""OTHER""},{""basic"":false,""magicDamage"":486,""name"":""Sylas"",""participantId"":8,""p'"
1682,"b'hysicalDamage"":0,""spellName"":""sylaspassive"",""spellSlot"":63,""trueDamage"":0,""type"":""OTHER""},{""basic"":false,""magicDamage"":60,""name""'"
1683,"b':""Sylas"",""participantId"":8,""physicalDamage"":0,""spellName"":""rellr"",""spellSlot"":3,""trueDamage"":0,""type"":""OTHER""},{""basic"":false,""m'"
1684,"b'agicDamage"":132,""name"":""Sylas"",""participantId"":8,""physicalDamage"":0,""spellName"":""sylase2"",""spellSlot"":2,""trueDamage"":0,""type"":""O'"
1685,"b'THER""},{""basic"":false,""magicDamage"":83,""name"":""Sylas"",""participantId"":8,""physicalDamage"":0,""spellName"":""6656cast"",""spellSlot"":6,'"
1686,"b'""trueDamage"":0,""type"":""OTHER""},{""basic"":false,""magicDamage"":80,""name"":""Sylas"",""participantId"":8,""physicalDamage"":0,""spellName"":""'"
1687,"b'sylasq"",""spellSlot"":0,""trueDamage"":0,""type"":""OTHER""},{""basic"":true,""magicDamage"":0,""name"":""Sylas"",""participantId"":8,""physicalDam'"
1688,"b'age"":39,""spellName"":""sylasbasicattack"",""spellSlot"":64,""trueDamage"":0,""type"":""OTHER""}],""victimId"":5},{""level"":10,""participantId"":'"
1689,"b'8,""timestamp"":745066,""type"":""LEVEL_UP""},{""levelUpType"":""NORMAL"",""participantId"":8,""skillSlot"":2,""timestamp"":746033,""type"":""SKILL'"
1690,"b'_LEVEL_UP""},{""assistingParticipantIds"":[6],""bounty"":300,""killStreakLength"":0,""killerId"":7,""position"":{""x"":3649,""y"":12879},""shutd'"
1691,"b'ownBounty"":0,""timestamp"":748868,""type"":""CHAMPION_KILL"",""victimDamageDealt"":[{""basic"":false,""magicDamage"":43,""name"":""Garen"",""part'"
1692,"b'icipantId"":6,""physicalDamage"":0,""spellName"":"""",""spellSlot"":-1,""trueDamage"":0,""type"":""OTHER""},{""basic"":false,""magicDamage"":0,""nam'"
1693,"b'e"":""Garen"",""participantId"":6,""physicalDamage"":181,""spellName"":""garenq"",""spellSlot"":0,""trueDamage"":0,""type"":""OTHER""},{""basic"":fal'"
1694,"b'se,""magicDamage"":0,""name"":""Garen"",""participantId"":6,""physicalDamage"":448,""spellName"":""garene"",""spellSlot"":2,""trueDamage"":0,""type'"
1695,"b'"":""OTHER""},{""basic"":false,""magicDamage"":0,""name"":""Garen"",""participantId"":6,""physicalDamage"":0,""spellName"":""summonerdot"",""spellSl'"
1696,"b'ot"":4,""trueDamage"":250,""type"":""OTHER""},{""basic"":false,""magicDamage"":0,""name"":""Garen"",""participantId"":7,""physicalDamage"":497,""spe'"
1697,"b'llName"":""garene"",""spellSlot"":2,""trueDamage"":0,""type"":""OTHER""},{""basic"":false,""magicDamage"":45,""name"":""Garen"",""participantId"":7,""'"
1698,"b'physicalDamage"":0,""spellName"":"""",""spellSlot"":-1,""trueDamage"":0,""type"":""OTHER""},{""basic"":true,""magicDamage"":0,""name"":""Garen"",""par'"
1699,"b'ticipantId"":7,""physicalDamage"":78,""spellName"":""garenbasicattack"",""spellSlot"":64,""trueDamage"":0,""type"":""OTHER""},{""basic"":true,""ma'"
1700,"b'gicDamage"":0,""name"":""Garen"",""participantId"":7,""physicalDamage"":78,""spellName"":""garenbasicattack2"",""spellSlot"":65,""trueDamage"":0,'"
1701,"b'""type"":""OTHER""}],""victimDamageReceived"":[{""basic"":false,""magicDamage"":0,""name"":""Nocturne"",""participantId"":7,""physicalDamage"":235'"
1702,"b',""spellName"":""nocturneduskbringer"",""spellSlot"":0,""trueDamage"":0,""type"":""OTHER""},{""basic"":true,""magicDamage"":0,""name"":""Nocturne"",'"
1703,"b'""participantId"":7,""physicalDamage"":154,""spellName"":""nocturnebasicattack2"",""spellSlot"":65,""trueDamage"":0,""type"":""OTHER""},{""basic""'"
1704,"b':false,""magicDamage"":45,""name"":""Nocturne"",""participantId"":7,""physicalDamage"":0,""spellName"":""nocturneunspeakablehorror"",""spellSlo'"
1705,"b't"":2,""trueDamage"":0,""type"":""OTHER""},{""basic"":false,""magicDamage"":0,""name"":""Nocturne"",""participantId"":7,""physicalDamage"":0,""spell'"
1706,"b'Name"":""nocturneparanoia2"",""spellSlot"":3,""trueDamage"":0,""type"":""OTHER""},{""basic"":false,""magicDamage"":0,""name"":""Nocturne"",""partici'"
1707,"b'pantId"":7,""physicalDamage"":0,""spellName"":""s5_summonersmiteplayerganker"",""spellSlot"":4,""trueDamage"":77,""type"":""OTHER""},{""basic"":f'"
1708,"b'alse,""magicDamage"":0,""name"":""Nocturne"",""participantId"":7,""physicalDamage"":263,""spellName"":""nocturnep"",""spellSlot"":63,""trueDamage'"
1709,"b'"":0,""type"":""OTHER""},{""basic"":false,""magicDamage"":0,""name"":""Nocturne"",""participantId"":7,""physicalDamage"":47,""spellName"":""6631acti'"
1710,"b've"",""spellSlot"":7,""trueDamage"":0,""type"":""OTHER""},{""basic"":true,""magicDamage"":0,""name"":""Nocturne"",""participantId"":7,""physicalDama'"
1711,"b'ge"":480,""spellName"":""nocturnebasicattack"",""spellSlot"":64,""trueDamage"":0,""type"":""OTHER""},{""basic"":true,""magicDamage"":0,""name"":""Ri'"
1712,"b'ven"",""participantId"":6,""physicalDamage"":60,""spellName"":""rivenbasicattack"",""spellSlot"":64,""trueDamage"":0,""type"":""OTHER""},{""basic""'"
1713,"b':false,""magicDamage"":0,""name"":""Riven"",""participantId"":6,""physicalDamage"":113,""spellName"":""riventricleave"",""spellSlot"":0,""trueDam'"
1714,"b'age"":0,""type"":""OTHER""},{""basic"":false,""magicDamage"":0,""name"":""Riven"",""participantId"":6,""physicalDamage"":28,""spellName"":""rivenpas'"
1715,"b'sive"",""spellSlot"":63,""trueDamage"":0,""type"":""OTHER""},{""basic"":false,""magicDamage"":0,""name"":""Riven"",""participantId"":6,""physicalDam'"
1716,"b'age"":82,""spellName"":""rivenmartyr"",""spellSlot"":1,""trueDamage"":0,""type"":""OTHER""},{""basic"":true,""magicDamage"":0,""name"":""SRU_ChaosMi'"
1717,"b'nionMelee"",""participantId"":0,""physicalDamage"":16,""spellName"":""sru_chaosminionmeleebasicattack"",""spellSlot"":64,""trueDamage"":0,""ty'"
1718,"b'pe"":""MINION""}],""victimId"":1},{""itemId"":1001,""participantId"":5,""timestamp"":750631,""type"":""ITEM_DESTROYED""},{""itemId"":1033,""partic'"
1719,"b'ipantId"":5,""timestamp"":750631,""type"":""ITEM_DESTROYED""},{""itemId"":3111,""participantId"":5,""timestamp"":750631,""type"":""ITEM_PURCHASE'"
1720,"b'D""},{""itemId"":2055,""participantId"":5,""timestamp"":751000,""type"":""ITEM_PURCHASED""},{""killerId"":0,""laneType"":""MID_LANE"",""position"":'"
1721,"b'{""x"":5846,""y"":6396},""teamId"":100,""timestamp"":753569,""type"":""TURRET_PLATE_DESTROYED""},{""itemId"":2055,""participantId"":7,""timestamp'"
1722,"b'"":754505,""type"":""ITEM_DESTROYED""},{""creatorId"":7,""timestamp"":754505,""type"":""WARD_PLACED"",""wardType"":""CONTROL_WARD""},{""itemId"":10'"
1723,"b'37,""participantId"":1,""timestamp"":755205,""type"":""ITEM_DESTROYED""},{""itemId"":6029,""participantId"":1,""timestamp"":755205,""type"":""ITE'"
1724,"b'M_PURCHASED""},{""itemId"":1028,""participantId"":1,""timestamp"":755974,""type"":""ITEM_DESTROYED""},{""itemId"":3067,""participantId"":1,""tim'"
1725,"b'estamp"":755974,""type"":""ITEM_PURCHASED""},{""killerId"":7,""timestamp"":757278,""type"":""WARD_KILL"",""wardType"":""YELLOW_TRINKET""},{""level'"
1726,"b'"":8,""participantId"":3,""timestamp"":758345,""type"":""LEVEL_UP""},{""levelUpType"":""NORMAL"",""participantId"":3,""skillSlot"":3,""timestamp"":'"
1727,"b'759147,""type"":""SKILL_LEVEL_UP""},{""itemId"":1029,""participantId"":10,""timestamp"":762087,""type"":""ITEM_DESTROYED""},{""itemId"":3105,""pa'"
1728,"b'rticipantId"":10,""timestamp"":762087,""type"":""ITEM_PURCHASED""},{""killerId"":4,""timestamp"":762454,""type"":""WARD_KILL"",""wardType"":""YELL'"
1729,"b'OW_TRINKET""},{""level"":9,""participantId"":2,""timestamp"":767056,""type"":""LEVEL_UP""},{""levelUpType"":""NORMAL"",""participantId"":2,""skill'"
1730,"b'Slot"":1,""timestamp"":767620,""type"":""SKILL_LEVEL_UP""},{""itemId"":1058,""participantId"":8,""timestamp"":768957,""type"":""ITEM_PURCHASED""}'"
1731,"b',{""itemId"":2055,""participantId"":3,""timestamp"":771396,""type"":""ITEM_DESTROYED""},{""creatorId"":3,""timestamp"":771396,""type"":""WARD_PLA'"
1732,"b'CED"",""wardType"":""CONTROL_WARD""},{""creatorId"":3,""timestamp"":772195,""type"":""WARD_PLACED"",""wardType"":""YELLOW_TRINKET""},{""itemId"":20'"
1733,"b'55,""participantId"":2,""timestamp"":775929,""type"":""ITEM_DESTROYED""},{""creatorId"":2,""timestamp"":775929,""type"":""WARD_PLACED"",""wardTyp'"
1734,"b'e"":""CONTROL_WARD""},{""killerId"":3,""timestamp"":777097,""type"":""WARD_KILL"",""wardType"":""CONTROL_WARD""}],""participantFrames"":{""1"":{""ch'"
1735,"b'ampionStats"":{""abilityHaste"":0,""abilityPower"":0,""armor"":97,""armorPen"":0,""armorPenPercent"":0,""attackDamage"":154,""attackSpeed"":163'"
1736,"b',""bonusArmorPenPercent"":0,""bonusMagicPenPercent"":0,""ccReduction"":0,""cooldownReduction"":0,""health"":0,""healthMax"":1907,""healthRege'"
1737,"b'n"":249,""lifesteal"":0,""magicPen"":0,""magicPenPercent"":0,""magicResist"":64,""movementSpeed"":392,""omnivamp"":0,""physicalVamp"":0,""power""'"
1738,"b':0,""powerMax"":0,""powerRegen"":0,""spellVamp"":0},""currentGold"":174,""damageStats"":{""magicDamageDone"":154,""magicDamageDoneToChampions'"
1739,"b'"":154,""magicDamageTaken"":80,""physicalDamageDone"":43399,""physicalDamageDoneToChampions"":3909,""physicalDamageTaken"":7214,""totalDam'"
1740,"b'ageDone"":57106,""totalDamageDoneToChampions"":5021,""totalDamageTaken"":7884,""trueDamageDone"":13552,""trueDamageDoneToChampions"":957,'"
1741,"b'""trueDamageTaken"":589},""goldPerSecond"":0,""jungleMinionsKilled"":0,""level"":10,""minionsKilled"":104,""participantId"":1,""position"":{""x'"
1742,"b'"":3649,""y"":12879},""timeEnemySpentControlled"":24527,""totalGold"":4174,""xp"":6556},""2"":{""championStats"":{""abilityHaste"":0,""abilityPo'"
1743,"b'wer"":0,""armor"":64,""armorPen"":0,""armorPenPercent"":0,""attackDamage"":141,""attackSpeed"":143,""bonusArmorPenPercent"":0,""bonusMagicPenP'"
1744,"b'ercent"":0,""ccReduction"":0,""cooldownReduction"":0,""health"":919,""healthMax"":1684,""healthRegen"":25,""lifesteal"":0,""magicPen"":0,""magic'"
1745,"b'PenPercent"":0,""magicResist"":45,""movementSpeed"":490,""omnivamp"":8,""physicalVamp"":0,""power"":362,""powerMax"":596,""powerRegen"":89,""spe'"
1746,"b'llVamp"":0},""currentGold"":601,""damageStats"":{""magicDamageDone"":361,""magicDamageDoneToChampions"":361,""magicDamageTaken"":4258,""phys'"
1747,"b'icalDamageDone"":51794,""physicalDamageDoneToChampions"":3475,""physicalDamageTaken"":8924,""totalDamageDone"":68354,""totalDamageDoneTo'"
1748,"b'Champions"":4046,""totalDamageTaken"":13284,""trueDamageDone"":16198,""trueDamageDoneToChampions"":208,""trueDamageTaken"":101},""goldPerS'"
1749,"b'econd"":0,""jungleMinionsKilled"":78,""level"":9,""minionsKilled"":11,""participantId"":2,""position"":{""x"":3482,""y"":11588},""timeEnemySpent'"
1750,"b'Controlled"":90123,""totalGold"":4331,""xp"":5065},""3"":{""championStats"":{""abilityHaste"":0,""abilityPower"":69,""armor"":51,""armorPen"":0,""'"
1751,"b'armorPenPercent"":0,""attackDamage"":62,""attackSpeed"":130,""bonusArmorPenPercent"":0,""bonusMagicPenPercent"":0,""ccReduction"":0,""cooldo'"
1752,"b'wnReduction"":0,""health"":1467,""healthMax"":1467,""healthRegen"":23,""lifesteal"":0,""magicPen"":18,""magicPenPercent"":0,""magicResist"":37,'"
1753,"b'""movementSpeed"":385,""omnivamp"":0,""physicalVamp"":0,""power"":896,""powerMax"":993,""powerRegen"":22,""spellVamp"":0},""currentGold"":600,""d'"
1754,"b'amageStats"":{""magicDamageDone"":32648,""magicDamageDoneToChampions"":7133,""magicDamageTaken"":5535,""physicalDamageDone"":5909,""physic'"
1755,"b'alDamageDoneToChampions"":2439,""physicalDamageTaken"":3973,""totalDamageDone"":44167,""totalDamageDoneToChampions"":9573,""totalDamageT'"
1756,"b'aken"":9624,""trueDamageDone"":5610,""trueDamageDoneToChampions"":0,""trueDamageTaken"":115},""goldPerSecond"":0,""jungleMinionsKilled"":0,'"
1757,"b'""level"":8,""minionsKilled"":74,""participantId"":3,""position"":{""x"":7910,""y"":6834},""timeEnemySpentControlled"":81369,""totalGold"":4195,'"
1758,"b'""xp"":4298},""4"":{""championStats"":{""abilityHaste"":0,""abilityPower"":0,""armor"":58,""armorPen"":0,""armorPenPercent"":0,""attackDamage"":16'"
1759,"b'7,""attackSpeed"":150,""bonusArmorPenPercent"":0,""bonusMagicPenPercent"":0,""ccReduction"":0,""cooldownReduction"":0,""health"":1227,""healt'"
1760,"b'hMax"":1309,""healthRegen"":96,""lifesteal"":2,""magicPen"":0,""magicPenPercent"":0,""magicResist"":37,""movementSpeed"":570,""omnivamp"":2,""ph'"
1761,"b'ysicalVamp"":0,""power"":503,""powerMax"":696,""powerRegen"":24,""spellVamp"":0},""currentGold"":1138,""damageStats"":{""magicDamageDone"":4484'"
1762,"b',""magicDamageDoneToChampions"":2346,""magicDamageTaken"":842,""physicalDamageDone"":38824,""physicalDamageDoneToChampions"":4431,""physi'"
1763,"b'calDamageTaken"":3858,""totalDamageDone"":43309,""totalDamageDoneToChampions"":6778,""totalDamageTaken"":4700,""trueDamageDone"":0,""trueD'"
1764,"b'amageDoneToChampions"":0,""trueDamageTaken"":0},""goldPerSecond"":0,""jungleMinionsKilled"":0,""level"":8,""minionsKilled"":103,""participan'"
1765,"b'tId"":4,""position"":{""x"":12791,""y"":2891},""timeEnemySpentControlled"":0,""totalGold"":6183,""xp"":4827},""5"":{""championStats"":{""abilityHa'"
1766,"b'ste"":0,""abilityPower"":10,""armor"":104,""armorPen"":0,""armorPenPercent"":0,""attackDamage"":69,""attackSpeed"":107,""bonusArmorPenPercent""'"
1767,"b':0,""bonusMagicPenPercent"":0,""ccReduction"":33,""cooldownReduction"":0,""health"":1363,""healthMax"":1363,""healthRegen"":40,""lifesteal"":0'"
1768,"b',""magicPen"":0,""magicPenPercent"":0,""magicResist"":74,""movementSpeed"":399,""omnivamp"":0,""physicalVamp"":0,""power"":568,""powerMax"":568,'"
1769,"b'""powerRegen"":15,""spellVamp"":0},""currentGold"":303,""damageStats"":{""magicDamageDone"":1962,""magicDamageDoneToChampions"":1295,""magicD'"
1770,"b'amageTaken"":3180,""physicalDamageDone"":2709,""physicalDamageDoneToChampions"":1125,""physicalDamageTaken"":2459,""totalDamageDone"":105'"
1771,"b'52,""totalDamageDoneToChampions"":2705,""totalDamageTaken"":5837,""trueDamageDone"":5880,""trueDamageDoneToChampions"":283,""trueDamageTa'"
1772,"b'ken"":197},""goldPerSecond"":30,""jungleMinionsKilled"":0,""level"":7,""minionsKilled"":17,""participantId"":5,""position"":{""x"":5826,""y"":395'"
1773,"b'4},""timeEnemySpentControlled"":95937,""totalGold"":3327,""xp"":3398},""6"":{""championStats"":{""abilityHaste"":0,""abilityPower"":0,""armor"":'"
1774,"b'73,""armorPen"":0,""armorPenPercent"":0,""attackDamage"":161,""attackSpeed"":127,""bonusArmorPenPercent"":0,""bonusMagicPenPercent"":0,""ccRe'"
1775,"b'duction"":13,""cooldownReduction"":0,""health"":418,""healthMax"":1634,""healthRegen"":24,""lifesteal"":0,""magicPen"":0,""magicPenPercent"":0,'"
1776,"b'""magicResist"":47,""movementSpeed"":340,""omnivamp"":2,""physicalVamp"":0,""power"":0,""powerMax"":0,""powerRegen"":0,""spellVamp"":0},""current'"
1777,"b'Gold"":1607,""damageStats"":{""magicDamageDone"":0,""magicDamageDoneToChampions"":0,""magicDamageTaken"":283,""physicalDamageDone"":51803,""'"
1778,"b'physicalDamageDoneToChampions"":5713,""physicalDamageTaken"":4253,""totalDamageDone"":52508,""totalDamageDoneToChampions"":6225,""totalD'"
1779,"b'amageTaken"":5127,""trueDamageDone"":705,""trueDamageDoneToChampions"":512,""trueDamageTaken"":590},""goldPerSecond"":0,""jungleMinionsKil'"
1780,"b'led"":0,""level"":10,""minionsKilled"":118,""participantId"":6,""position"":{""x"":4133,""y"":11615},""timeEnemySpentControlled"":73490,""totalG'"
1781,"b'old"":4857,""xp"":6894},""7"":{""championStats"":{""abilityHaste"":0,""abilityPower"":0,""armor"":91,""armorPen"":0,""armorPenPercent"":0,""attack'"
1782,"b'Damage"":150,""attackSpeed"":187,""bonusArmorPenPercent"":0,""bonusMagicPenPercent"":0,""ccReduction"":19,""cooldownReduction"":0,""health"":'"
1783,"b'569,""healthMax"":1584,""healthRegen"":22,""lifesteal"":0,""magicPen"":0,""magicPenPercent"":0,""magicResist"":40,""movementSpeed"":390,""omniv'"
1784,"b'amp"":0,""physicalVamp"":0,""power"":414,""powerMax"":477,""powerRegen"":137,""spellVamp"":0},""currentGold"":724,""damageStats"":{""magicDamage'"
1785,"b'Done"":1549,""magicDamageDoneToChampions"":481,""magicDamageTaken"":2526,""physicalDamageDone"":60898,""physicalDamageDoneToChampions"":6'"
1786,"b'365,""physicalDamageTaken"":9663,""totalDamageDone"":80543,""totalDamageDoneToChampions"":6948,""totalDamageTaken"":12653,""trueDamageDon'"
1787,"b'e"":18095,""trueDamageDoneToChampions"":100,""trueDamageTaken"":463},""goldPerSecond"":0,""jungleMinionsKilled"":58,""level"":8,""minionsKil'"
1788,"b'led"":14,""participantId"":7,""position"":{""x"":4194,""y"":11769},""timeEnemySpentControlled"":219780,""totalGold"":5859,""xp"":4819},""8"":{""ch'"
1789,"b'ampionStats"":{""abilityHaste"":0,""abilityPower"":219,""armor"":67,""armorPen"":0,""armorPenPercent"":0,""attackDamage"":84,""attackSpeed"":12'"
1790,"b'7,""bonusArmorPenPercent"":0,""bonusMagicPenPercent"":0,""ccReduction"":0,""cooldownReduction"":0,""health"":1984,""healthMax"":1984,""health'"
1791,"b'Regen"":34,""lifesteal"":0,""magicPen"":0,""magicPenPercent"":0,""magicResist"":59,""movementSpeed"":395,""omnivamp"":0,""physicalVamp"":0,""pow'"
1792,"b'er"":1301,""powerMax"":1451,""powerRegen"":28,""spellVamp"":0},""currentGold"":89,""damageStats"":{""magicDamageDone"":44233,""magicDamageDone'"
1793,"b'ToChampions"":7618,""magicDamageTaken"":5916,""physicalDamageDone"":2354,""physicalDamageDoneToChampions"":338,""physicalDamageTaken"":47'"
1794,"b'25,""totalDamageDone"":50677,""totalDamageDoneToChampions"":8154,""totalDamageTaken"":10651,""trueDamageDone"":4089,""trueDamageDoneToCha'"
1795,"b'mpions"":198,""trueDamageTaken"":10},""goldPerSecond"":0,""jungleMinionsKilled"":0,""level"":10,""minionsKilled"":106,""participantId"":8,""po'"
1796,"b'sition"":{""x"":11393,""y"":10877},""timeEnemySpentControlled"":199501,""totalGold"":6209,""xp"":6339},""9"":{""championStats"":{""abilityHaste""'"
1797,"b':0,""abilityPower"":0,""armor"":50,""armorPen"":0,""armorPenPercent"":0,""attackDamage"":117,""attackSpeed"":196,""bonusArmorPenPercent"":0,""b'"
1798,"b'onusMagicPenPercent"":0,""ccReduction"":0,""cooldownReduction"":0,""health"":1242,""healthMax"":1242,""healthRegen"":13,""lifesteal"":0,""magi'"
1799,"b'cPen"":0,""magicPenPercent"":0,""magicResist"":36,""movementSpeed"":380,""omnivamp"":2,""physicalVamp"":0,""power"":398,""powerMax"":468,""power'"
1800,"b'Regen"":19,""spellVamp"":0},""currentGold"":323,""damageStats"":{""magicDamageDone"":6746,""magicDamageDoneToChampions"":1348,""magicDamageT'"
1801,"b'aken"":2123,""physicalDamageDone"":17555,""physicalDamageDoneToChampions"":3352,""physicalDamageTaken"":5219,""totalDamageDone"":31780,""t'"
1802,"b'otalDamageDoneToChampions"":4725,""totalDamageTaken"":7644,""trueDamageDone"":7478,""trueDamageDoneToChampions"":23,""trueDamageTaken"":3'"
1803,"b'01},""goldPerSecond"":0,""jungleMinionsKilled"":0,""level"":7,""minionsKilled"":87,""participantId"":9,""position"":{""x"":14024,""y"":4431},""ti'"
1804,"b'meEnemySpentControlled"":11612,""totalGold"":5023,""xp"":3856},""10"":{""championStats"":{""abilityHaste"":0,""abilityPower"":38,""armor"":89,""'"
1805,"b'armorPen"":0,""armorPenPercent"":0,""attackDamage"":78,""attackSpeed"":114,""bonusArmorPenPercent"":0,""bonusMagicPenPercent"":0,""ccReducti'"
1806,"b'on"":0,""cooldownReduction"":0,""health"":1578,""healthMax"":1578,""healthRegen"":25,""lifesteal"":0,""magicPen"":0,""magicPenPercent"":0,""magi'"
1807,"b'cResist"":71,""movementSpeed"":360,""omnivamp"":0,""physicalVamp"":0,""power"":557,""powerMax"":557,""powerRegen"":22,""spellVamp"":0},""current'"
1808,"b'Gold"":77,""damageStats"":{""magicDamageDone"":3353,""magicDamageDoneToChampions"":1770,""magicDamageTaken"":1671,""physicalDamageDone"":35'"
1809,"b'80,""physicalDamageDoneToChampions"":1076,""physicalDamageTaken"":3120,""totalDamageDone"":10757,""totalDamageDoneToChampions"":3016,""to'"
1810,"b'talDamageTaken"":4877,""trueDamageDone"":3822,""trueDamageDoneToChampions"":170,""trueDamageTaken"":85},""goldPerSecond"":30,""jungleMinio'"
1811,"b'nsKilled"":0,""level"":7,""minionsKilled"":27,""participantId"":10,""position"":{""x"":12405,""y"":10474},""timeEnemySpentControlled"":28280,""t'"
1812,"b'otalGold"":3197,""xp"":3626}},""timestamp"":780225},{""events"":[{""creatorId"":2,""timestamp"":780524,""type"":""WARD_PLACED"",""wardType"":""YEL'"
1813,"b'LOW_TRINKET""},{""killerId"":7,""timestamp"":782524,""type"":""WARD_KILL"",""wardType"":""YELLOW_TRINKET""},{""itemId"":3513,""participantId"":7,'"
1814,"b'""timestamp"":786957,""type"":""ITEM_DESTROYED""},{""level"":8,""participantId"":9,""timestamp"":795470,""type"":""LEVEL_UP""},{""itemId"":2422,""p'"
1815,"b'articipantId"":4,""timestamp"":798411,""type"":""ITEM_DESTROYED""},{""itemId"":3006,""participantId"":4,""timestamp"":798411,""type"":""ITEM_PUR'"
1816,"b'CHASED""},{""itemId"":1036,""participantId"":4,""timestamp"":798876,""type"":""ITEM_PURCHASED""},{""itemId"":1036,""participantId"":7,""timestam'"
1817,"b'p"":801572,""type"":""ITEM_PURCHASED""},{""itemId"":1036,""participantId"":7,""timestamp"":801671,""type"":""ITEM_PURCHASED""},{""itemId"":6029,""'"
1818,"b'participantId"":6,""timestamp"":802509,""type"":""ITEM_DESTROYED""},{""itemId"":3133,""participantId"":6,""timestamp"":802509,""type"":""ITEM_DE'"
1819,"b'STROYED""},{""itemId"":1028,""participantId"":6,""timestamp"":802509,""type"":""ITEM_DESTROYED""},{""itemId"":6630,""participantId"":6,""timesta'"
1820,"b'mp"":802509,""type"":""ITEM_PURCHASED""},{""itemId"":2055,""participantId"":7,""timestamp"":802643,""type"":""ITEM_PURCHASED""},{""itemId"":3158,'"
1821,"b'""participantId"":6,""timestamp"":805882,""type"":""ITEM_PURCHASED""},{""itemId"":2055,""participantId"":6,""timestamp"":806784,""type"":""ITEM_P'"
1822,"b'URCHASED""},{""itemId"":3340,""participantId"":6,""timestamp"":807053,""type"":""ITEM_DESTROYED""},{""itemId"":3363,""participantId"":6,""timest'"
1823,"b'amp"":807053,""type"":""ITEM_PURCHASED""},{""creatorId"":9,""timestamp"":809819,""type"":""WARD_PLACED"",""wardType"":""YELLOW_TRINKET""},{""kille'"
1824,"b'rId"":10,""timestamp"":809852,""type"":""WARD_KILL"",""wardType"":""CONTROL_WARD""},{""creatorId"":10,""timestamp"":809852,""type"":""WARD_PLACED""'"
1825,"b',""wardType"":""UNDEFINED""},{""killerId"":2,""timestamp"":810119,""type"":""WARD_KILL"",""wardType"":""CONTROL_WARD""},{""creatorId"":10,""timesta'"
1826,"b'mp"":815589,""type"":""WARD_PLACED"",""wardType"":""SIGHT_WARD""},{""killerId"":1,""laneType"":""TOP_LANE"",""position"":{""x"":4318,""y"":13875},""te'"
1827,"b'amId"":200,""timestamp"":819292,""type"":""TURRET_PLATE_DESTROYED""},{""creatorId"":5,""timestamp"":820561,""type"":""WARD_PLACED"",""wardType"":'"
1828,"b'""SIGHT_WARD""},{""levelUpType"":""NORMAL"",""participantId"":9,""skillSlot"":3,""timestamp"":820895,""type"":""SKILL_LEVEL_UP""},{""killerId"":10'"
1829,"b',""timestamp"":821626,""type"":""WARD_KILL"",""wardType"":""CONTROL_WARD""},{""creatorId"":10,""timestamp"":821626,""type"":""WARD_PLACED"",""wardT'"
1830,"b'ype"":""UNDEFINED""},{""itemId"":2055,""participantId"":5,""timestamp"":822227,""type"":""ITEM_DESTROYED""},{""creatorId"":5,""timestamp"":822227'"
1831,"b',""type"":""WARD_PLACED"",""wardType"":""CONTROL_WARD""},{""level"":9,""participantId"":4,""timestamp"":822995,""type"":""LEVEL_UP""},{""killerId"":'"
1832,"b'0,""laneType"":""TOP_LANE"",""position"":{""x"":4318,""y"":13875},""teamId"":200,""timestamp"":823029,""type"":""TURRET_PLATE_DESTROYED""},{""level'"
1833,"b'UpType"":""NORMAL"",""participantId"":4,""skillSlot"":1,""timestamp"":823765,""type"":""SKILL_LEVEL_UP""},{""creatorId"":4,""timestamp"":828062,""'"
1834,"b'type"":""WARD_PLACED"",""wardType"":""YELLOW_TRINKET""},{""creatorId"":5,""timestamp"":829930,""type"":""WARD_PLACED"",""wardType"":""SIGHT_WARD""}'"
1835,"b',{""assistingParticipantIds"":[8,10],""bounty"":300,""killStreakLength"":0,""killerId"":9,""position"":{""x"":7685,""y"":5227},""shutdownBounty'"
1836,"b'"":0,""timestamp"":834832,""type"":""CHAMPION_KILL"",""victimDamageDealt"":[{""basic"":false,""magicDamage"":0,""name"":""Khazix"",""participantId'"
1837,"b'"":8,""physicalDamage"":95,""spellName"":""6630active"",""spellSlot"":7,""trueDamage"":0,""type"":""OTHER""},{""basic"":false,""magicDamage"":0,""na'"
1838,"b'me"":""Khazix"",""participantId"":10,""physicalDamage"":0,""spellName"":""khazixw"",""spellSlot"":1,""trueDamage"":0,""type"":""OTHER""},{""basic"":f'"
1839,"b'alse,""magicDamage"":0,""name"":""Khazix"",""participantId"":10,""physicalDamage"":223,""spellName"":""khazixq"",""spellSlot"":0,""trueDamage"":0,'"
1840,"b'""type"":""OTHER""},{""basic"":false,""magicDamage"":0,""name"":""Khazix"",""participantId"":10,""physicalDamage"":82,""spellName"":""6630active"",""'"
1841,"b'spellSlot"":7,""trueDamage"":0,""type"":""OTHER""},{""basic"":false,""magicDamage"":51,""name"":""Khazix"",""participantId"":10,""physicalDamage"":'"
1842,"b'0,""spellName"":""khazixpassive"",""spellSlot"":63,""trueDamage"":0,""type"":""OTHER""},{""basic"":true,""magicDamage"":0,""name"":""Khazix"",""parti'"
1843,"b'cipantId"":10,""physicalDamage"":78,""spellName"":""khazixbasicattack2"",""spellSlot"":65,""trueDamage"":0,""type"":""OTHER""}],""victimDamageRe'"
1844,"b'ceived"":[{""basic"":false,""magicDamage"":173,""name"":""Rakan"",""participantId"":10,""physicalDamage"":0,""spellName"":""rakanw"",""spellSlot"":'"
1845,"b'1,""trueDamage"":0,""type"":""OTHER""},{""basic"":false,""magicDamage"":0,""name"":""Rakan"",""participantId"":10,""physicalDamage"":0,""spellName""'"
1846,"b':""summonerdot"",""spellSlot"":4,""trueDamage"":114,""type"":""OTHER""},{""basic"":true,""magicDamage"":0,""name"":""Rakan"",""participantId"":10,""p'"
1847,"b'hysicalDamage"":48,""spellName"":""rakanbasicattackshort"",""spellSlot"":49,""trueDamage"":0,""type"":""OTHER""},{""basic"":false,""magicDamage""'"
1848,"b':68,""name"":""Rakan"",""participantId"":10,""physicalDamage"":0,""spellName"":""rakanq"",""spellSlot"":0,""trueDamage"":0,""type"":""OTHER""},{""bas'"
1849,"b'ic"":true,""magicDamage"":0,""name"":""Rakan"",""participantId"":10,""physicalDamage"":48,""spellName"":""rakanbasicattack2"",""spellSlot"":49,""t'"
1850,"b'rueDamage"":0,""type"":""OTHER""},{""basic"":false,""magicDamage"":113,""name"":""Sylas"",""participantId"":8,""physicalDamage"":0,""spellName"":""6'"
1851,"b'656cast"",""spellSlot"":6,""trueDamage"":0,""type"":""OTHER""},{""basic"":false,""magicDamage"":373,""name"":""Sylas"",""participantId"":8,""physica'"
1852,"b'lDamage"":0,""spellName"":""sylasq"",""spellSlot"":0,""trueDamage"":0,""type"":""OTHER""},{""basic"":false,""magicDamage"":205,""name"":""Sylas"",""pa'"
1853,"b'rticipantId"":8,""physicalDamage"":0,""spellName"":""sylase2"",""spellSlot"":2,""trueDamage"":0,""type"":""OTHER""},{""basic"":false,""magicDamage'"
1854,"b'"":279,""name"":""Sylas"",""participantId"":8,""physicalDamage"":0,""spellName"":""sylasw"",""spellSlot"":1,""trueDamage"":0,""type"":""OTHER""},{""ba'"
1855,"b'sic"":false,""magicDamage"":112,""name"":""Sylas"",""participantId"":8,""physicalDamage"":0,""spellName"":""sylaspassive"",""spellSlot"":63,""true'"
1856,"b'Damage"":0,""type"":""OTHER""},{""basic"":false,""magicDamage"":0,""name"":""Zeri"",""participantId"":9,""physicalDamage"":106,""spellName"":""zeriw'"
1857,"b'"",""spellSlot"":1,""trueDamage"":0,""type"":""OTHER""},{""basic"":false,""magicDamage"":154,""name"":""Zeri"",""participantId"":9,""physicalDamage""'"
1858,"b':0,""spellName"":""zerir"",""spellSlot"":3,""trueDamage"":0,""type"":""OTHER""},{""basic"":false,""magicDamage"":0,""name"":""Zeri"",""participantId""'"
1859,"b':9,""physicalDamage"":27,""spellName"":""zeriq"",""spellSlot"":0,""trueDamage"":0,""type"":""OTHER""},{""basic"":false,""magicDamage"":82,""name"":""'"
1860,"b'Zeri"",""participantId"":9,""physicalDamage"":0,""spellName"":"""",""spellSlot"":-1,""trueDamage"":0,""type"":""OTHER""}],""victimId"":2},{""killerI'"
1861,"b'd"":8,""timestamp"":836199,""type"":""WARD_KILL"",""wardType"":""CONTROL_WARD""},{""creatorId"":10,""timestamp"":836199,""type"":""WARD_PLACED"",""w'"
1862,"b'ardType"":""UNDEFINED""}],""participantFrames"":{""1"":{""championStats"":{""abilityHaste"":0,""abilityPower"":0,""armor"":98,""armorPen"":0,""arm'"
1863,"b'orPenPercent"":0,""attackDamage"":154,""attackSpeed"":163,""bonusArmorPenPercent"":0,""bonusMagicPenPercent"":0,""ccReduction"":0,""cooldown'"
1864,"b'Reduction"":0,""health"":1910,""healthMax"":1910,""healthRegen"":249,""lifesteal"":0,""magicPen"":0,""magicPenPercent"":0,""magicResist"":65,""m'"
1865,"b'ovementSpeed"":392,""omnivamp"":0,""physicalVamp"":0,""power"":0,""powerMax"":0,""powerRegen"":0,""spellVamp"":0},""currentGold"":759,""damageSt'"
1866,"b'ats"":{""magicDamageDone"":154,""magicDamageDoneToChampions"":154,""magicDamageTaken"":80,""physicalDamageDone"":48204,""physicalDamageDon'"
1867,"b'eToChampions"":3909,""physicalDamageTaken"":7238,""totalDamageDone"":61910,""totalDamageDoneToChampions"":5021,""totalDamageTaken"":7908,'"
1868,"b'""trueDamageDone"":13552,""trueDamageDoneToChampions"":957,""trueDamageTaken"":589},""goldPerSecond"":0,""jungleMinionsKilled"":0,""level"":'"
1869,"b'10,""minionsKilled"":111,""participantId"":1,""position"":{""x"":1686,""y"":11876},""timeEnemySpentControlled"":26029,""totalGold"":4759,""xp"":'"
1870,"b'6947},""2"":{""championStats"":{""abilityHaste"":0,""abilityPower"":0,""armor"":64,""armorPen"":0,""armorPenPercent"":0,""attackDamage"":141,""at'"
1871,"b'tackSpeed"":144,""bonusArmorPenPercent"":0,""bonusMagicPenPercent"":0,""ccReduction"":0,""cooldownReduction"":0,""health"":0,""healthMax"":16'"
1872,"b'84,""healthRegen"":25,""lifesteal"":0,""magicPen"":0,""magicPenPercent"":0,""magicResist"":45,""movementSpeed"":385,""omnivamp"":8,""physicalVa'"
1873,"b'mp"":0,""power"":414,""powerMax"":596,""powerRegen"":73,""spellVamp"":0},""currentGold"":880,""damageStats"":{""magicDamageDone"":480,""magicDam'"
1874,"b'ageDoneToChampions"":480,""magicDamageTaken"":5865,""physicalDamageDone"":53949,""physicalDamageDoneToChampions"":4304,""physicalDamageT'"
1875,"b'aken"":9738,""totalDamageDone"":74443,""totalDamageDoneToChampions"":4993,""totalDamageTaken"":15819,""trueDamageDone"":20014,""trueDamage'"
1876,"b'DoneToChampions"":208,""trueDamageTaken"":215},""goldPerSecond"":0,""jungleMinionsKilled"":78,""level"":9,""minionsKilled"":17,""participant'"
1877,"b'Id"":2,""position"":{""x"":7685,""y"":5227},""timeEnemySpentControlled"":93954,""totalGold"":4615,""xp"":5485},""3"":{""championStats"":{""ability'"
1878,"b'Haste"":0,""abilityPower"":69,""armor"":51,""armorPen"":0,""armorPenPercent"":0,""attackDamage"":62,""attackSpeed"":130,""bonusArmorPenPercent'"
1879,"b'"":0,""bonusMagicPenPercent"":0,""ccReduction"":0,""cooldownReduction"":0,""health"":1467,""healthMax"":1467,""healthRegen"":106,""lifesteal"":'"
1880,"b'0,""magicPen"":18,""magicPenPercent"":0,""magicResist"":37,""movementSpeed"":385,""omnivamp"":0,""physicalVamp"":0,""power"":350,""powerMax"":99'"
1881,"b'3,""powerRegen"":84,""spellVamp"":0},""currentGold"":1014,""damageStats"":{""magicDamageDone"":37374,""magicDamageDoneToChampions"":8035,""ma'"
1882,"b'gicDamageTaken"":5775,""physicalDamageDone"":6715,""physicalDamageDoneToChampions"":2623,""physicalDamageTaken"":3988,""totalDamageDone""'"
1883,"b':56804,""totalDamageDoneToChampions"":10658,""totalDamageTaken"":9879,""trueDamageDone"":12715,""trueDamageDoneToChampions"":0,""trueDama'"
1884,"b'geTaken"":115},""goldPerSecond"":0,""jungleMinionsKilled"":0,""level"":8,""minionsKilled"":87,""participantId"":3,""position"":{""x"":7926,""y"":'"
1885,"b'5776},""timeEnemySpentControlled"":88013,""totalGold"":4609,""xp"":4838},""4"":{""championStats"":{""abilityHaste"":0,""abilityPower"":0,""armo'"
1886,"b'r"":62,""armorPen"":0,""armorPenPercent"":0,""attackDamage"":179,""attackSpeed"":199,""bonusArmorPenPercent"":0,""bonusMagicPenPercent"":0,""c'"
1887,"b'cReduction"":0,""cooldownReduction"":0,""health"":1159,""healthMax"":1407,""healthRegen"":14,""lifesteal"":3,""magicPen"":0,""magicPenPercent""'"
1888,"b':0,""magicResist"":38,""movementSpeed"":390,""omnivamp"":2,""physicalVamp"":0,""power"":592,""powerMax"":734,""powerRegen"":57,""spellVamp"":0},'"
1889,"b'""currentGold"":338,""damageStats"":{""magicDamageDone"":4891,""magicDamageDoneToChampions"":2563,""magicDamageTaken"":992,""physicalDamage'"
1890,"b'Done"":44242,""physicalDamageDoneToChampions"":4947,""physicalDamageTaken"":3987,""totalDamageDone"":49133,""totalDamageDoneToChampions""'"
1891,"b':7510,""totalDamageTaken"":4980,""trueDamageDone"":0,""trueDamageDoneToChampions"":0,""trueDamageTaken"":0},""goldPerSecond"":0,""jungleMin'"
1892,"b'ionsKilled"":0,""level"":9,""minionsKilled"":113,""participantId"":4,""position"":{""x"":8636,""y"":5060},""timeEnemySpentControlled"":0,""total'"
1893,"b'Gold"":6533,""xp"":5290},""5"":{""championStats"":{""abilityHaste"":0,""abilityPower"":10,""armor"":116,""armorPen"":0,""armorPenPercent"":0,""att'"
1894,"b'ackDamage"":69,""attackSpeed"":137,""bonusArmorPenPercent"":0,""bonusMagicPenPercent"":0,""ccReduction"":44,""cooldownReduction"":0,""health'"
1895,"b'"":617,""healthMax"":1363,""healthRegen"":40,""lifesteal"":0,""magicPen"":0,""magicPenPercent"":0,""magicResist"":82,""movementSpeed"":337,""omn'"
1896,"b'ivamp"":0,""physicalVamp"":0,""power"":325,""powerMax"":568,""powerRegen"":15,""spellVamp"":0},""currentGold"":485,""damageStats"":{""magicDamag'"
1897,"b'eDone"":2312,""magicDamageDoneToChampions"":1646,""magicDamageTaken"":3983,""physicalDamageDone"":3055,""physicalDamageDoneToChampions"":'"
1898,"b'1125,""physicalDamageTaken"":2612,""totalDamageDone"":11850,""totalDamageDoneToChampions"":3055,""totalDamageTaken"":6823,""trueDamageDon'"
1899,"b'e"":6482,""trueDamageDoneToChampions"":283,""trueDamageTaken"":227},""goldPerSecond"":30,""jungleMinionsKilled"":0,""level"":7,""minionsKill'"
1900,"b'ed"":19,""participantId"":5,""position"":{""x"":6987,""y"":4631},""timeEnemySpentControlled"":108790,""totalGold"":3510,""xp"":3567},""6"":{""cham'"
1901,"b'pionStats"":{""abilityHaste"":0,""abilityPower"":0,""armor"":73,""armorPen"":0,""armorPenPercent"":0,""attackDamage"":161,""attackSpeed"":127,""'"
1902,"b'bonusArmorPenPercent"":0,""bonusMagicPenPercent"":0,""ccReduction"":13,""cooldownReduction"":0,""health"":1784,""healthMax"":1784,""healthRe'"
1903,"b'gen"":24,""lifesteal"":0,""magicPen"":0,""magicPenPercent"":0,""magicResist"":47,""movementSpeed"":385,""omnivamp"":10,""physicalVamp"":0,""powe'"
1904,"b'r"":0,""powerMax"":0,""powerRegen"":0,""spellVamp"":0},""currentGold"":165,""damageStats"":{""magicDamageDone"":0,""magicDamageDoneToChampions'"
1905,"b'"":0,""magicDamageTaken"":283,""physicalDamageDone"":54492,""physicalDamageDoneToChampions"":5868,""physicalDamageTaken"":4350,""totalDama'"
1906,"b'geDone"":55198,""totalDamageDoneToChampions"":6380,""totalDamageTaken"":5224,""trueDamageDone"":705,""trueDamageDoneToChampions"":512,""tr'"
1907,"b'ueDamageTaken"":590},""goldPerSecond"":0,""jungleMinionsKilled"":0,""level"":10,""minionsKilled"":122,""participantId"":6,""position"":{""x"":2'"
1908,"b'026,""y"":12058},""timeEnemySpentControlled"":76464,""totalGold"":5040,""xp"":7131},""7"":{""championStats"":{""abilityHaste"":0,""abilityPower'"
1909,"b'"":0,""armor"":91,""armorPen"":0,""armorPenPercent"":0,""attackDamage"":170,""attackSpeed"":175,""bonusArmorPenPercent"":0,""bonusMagicPenPerc'"
1910,"b'ent"":0,""ccReduction"":19,""cooldownReduction"":0,""health"":1163,""healthMax"":1584,""healthRegen"":22,""lifesteal"":0,""magicPen"":0,""magicP'"
1911,"b'enPercent"":0,""magicResist"":40,""movementSpeed"":390,""omnivamp"":0,""physicalVamp"":0,""power"":322,""powerMax"":477,""powerRegen"":72,""spel'"
1912,"b'lVamp"":0},""currentGold"":197,""damageStats"":{""magicDamageDone"":1594,""magicDamageDoneToChampions"":526,""magicDamageTaken"":2593,""phys'"
1913,"b'icalDamageDone"":66133,""physicalDamageDoneToChampions"":6794,""physicalDamageTaken"":10025,""totalDamageDone"":86746,""totalDamageDoneT'"
1914,"b'oChampions"":7421,""totalDamageTaken"":13082,""trueDamageDone"":19018,""trueDamageDoneToChampions"":100,""trueDamageTaken"":463},""goldPer'"
1915,"b'Second"":0,""jungleMinionsKilled"":62,""level"":8,""minionsKilled"":15,""participantId"":7,""position"":{""x"":9377,""y"":5442},""timeEnemySpent'"
1916,"b'Controlled"":228852,""totalGold"":6112,""xp"":5004},""8"":{""championStats"":{""abilityHaste"":0,""abilityPower"":223,""armor"":67,""armorPen"":0'"
1917,"b',""armorPenPercent"":0,""attackDamage"":84,""attackSpeed"":127,""bonusArmorPenPercent"":0,""bonusMagicPenPercent"":0,""ccReduction"":0,""cool'"
1918,"b'downReduction"":0,""health"":1689,""healthMax"":1990,""healthRegen"":47,""lifesteal"":0,""magicPen"":0,""magicPenPercent"":0,""magicResist"":59'"
1919,"b',""movementSpeed"":395,""omnivamp"":0,""physicalVamp"":0,""power"":551,""powerMax"":1451,""powerRegen"":28,""spellVamp"":0},""currentGold"":616,'"
1920,"b'""damageStats"":{""magicDamageDone"":51590,""magicDamageDoneToChampions"":9502,""magicDamageTaken"":6762,""physicalDamageDone"":2533,""phys'"
1921,"b'icalDamageDoneToChampions"":338,""physicalDamageTaken"":5238,""totalDamageDone"":58244,""totalDamageDoneToChampions"":10068,""totalDamag'"
1922,"b'eTaken"":12010,""trueDamageDone"":4119,""trueDamageDoneToChampions"":227,""trueDamageTaken"":10},""goldPerSecond"":0,""jungleMinionsKilled'"
1923,"b'"":0,""level"":10,""minionsKilled"":119,""participantId"":8,""position"":{""x"":7764,""y"":6457},""timeEnemySpentControlled"":213325,""totalGold'"
1924,"b'"":6741,""xp"":7093},""9"":{""championStats"":{""abilityHaste"":0,""abilityPower"":0,""armor"":54,""armorPen"":0,""armorPenPercent"":0,""attackDam'"
1925,"b'age"":118,""attackSpeed"":249,""bonusArmorPenPercent"":0,""bonusMagicPenPercent"":0,""ccReduction"":0,""cooldownReduction"":0,""health"":1345'"
1926,"b',""healthMax"":1345,""healthRegen"":14,""lifesteal"":0,""magicPen"":0,""magicPenPercent"":0,""magicResist"":37,""movementSpeed"":418,""omnivamp'"
1927,"b'"":2,""physicalVamp"":0,""power"":230,""powerMax"":509,""powerRegen"":21,""spellVamp"":0},""currentGold"":1146,""damageStats"":{""magicDamageDon'"
1928,"b'e"":11561,""magicDamageDoneToChampions"":1977,""magicDamageTaken"":2123,""physicalDamageDone"":21185,""physicalDamageDoneToChampions"":37'"
1929,"b'37,""physicalDamageTaken"":5320,""totalDamageDone"":40250,""totalDamageDoneToChampions"":5738,""totalDamageTaken"":7744,""trueDamageDone""'"
1930,"b':7503,""trueDamageDoneToChampions"":23,""trueDamageTaken"":301},""goldPerSecond"":0,""jungleMinionsKilled"":0,""level"":8,""minionsKilled"":'"
1931,"b'100,""participantId"":9,""position"":{""x"":8844,""y"":5602},""timeEnemySpentControlled"":13475,""totalGold"":5846,""xp"":4644},""10"":{""champio'"
1932,"b'nStats"":{""abilityHaste"":0,""abilityPower"":44,""armor"":89,""armorPen"":0,""armorPenPercent"":0,""attackDamage"":78,""attackSpeed"":114,""bon'"
1933,"b'usArmorPenPercent"":0,""bonusMagicPenPercent"":0,""ccReduction"":0,""cooldownReduction"":0,""health"":144,""healthMax"":1578,""healthRegen"":'"
1934,"b'86,""lifesteal"":0,""magicPen"":0,""magicPenPercent"":0,""magicResist"":71,""movementSpeed"":360,""omnivamp"":0,""physicalVamp"":0,""power"":242'"
1935,"b',""powerMax"":557,""powerRegen"":22,""spellVamp"":0},""currentGold"":428,""damageStats"":{""magicDamageDone"":3779,""magicDamageDoneToChampio'"
1936,"b'ns"":2012,""magicDamageTaken"":2345,""physicalDamageDone"":3764,""physicalDamageDoneToChampions"":1172,""physicalDamageTaken"":4060,""tota'"
1937,"b'lDamageDone"":11856,""totalDamageDoneToChampions"":3468,""totalDamageTaken"":6490,""trueDamageDone"":4312,""trueDamageDoneToChampions"":2'"
1938,"b'84,""trueDamageTaken"":85},""goldPerSecond"":30,""jungleMinionsKilled"":0,""level"":7,""minionsKilled"":30,""participantId"":10,""position"":{'"
1939,"b'""x"":8829,""y"":5891},""timeEnemySpentControlled"":30092,""totalGold"":3558,""xp"":3962}},""timestamp"":840238},{""events"":[{""assistingParti'"
1940,"b'cipantIds"":[7,10],""bounty"":300,""killStreakLength"":1,""killerId"":9,""position"":{""x"":8817,""y"":5552},""shutdownBounty"":50,""timestamp"":'"
1941,"b'842871,""type"":""CHAMPION_KILL"",""victimDamageDealt"":[{""basic"":false,""magicDamage"":0,""name"":""Kaisa"",""participantId"":9,""physicalDama'"
1942,"b'ge"":101,""spellName"":"""",""spellSlot"":-1,""trueDamage"":0,""type"":""OTHER""},{""basic"":false,""magicDamage"":9,""name"":""Kaisa"",""participantI'"
1943,"b'd"":9,""physicalDamage"":0,""spellName"":""kaisapassive"",""spellSlot"":63,""trueDamage"":0,""type"":""OTHER""},{""basic"":true,""magicDamage"":0,""'"
1944,"b'name"":""Kaisa"",""participantId"":9,""physicalDamage"":116,""spellName"":""kaisabasicattack3"",""spellSlot"":66,""trueDamage"":0,""type"":""OTHER'"
1945,"b'""},{""basic"":false,""magicDamage"":55,""name"":""Kaisa"",""participantId"":10,""physicalDamage"":0,""spellName"":""kaisapassive"",""spellSlot"":6'"
1946,"b'3,""trueDamage"":0,""type"":""OTHER""},{""basic"":true,""magicDamage"":0,""name"":""Kaisa"",""participantId"":10,""physicalDamage"":99,""spellName""'"
1947,"b':""kaisabasicattack"",""spellSlot"":64,""trueDamage"":0,""type"":""OTHER""},{""basic"":false,""magicDamage"":0,""name"":""Kaisa"",""participantId"":'"
1948,"b'10,""physicalDamage"":315,""spellName"":""kaisaq"",""spellSlot"":0,""trueDamage"":0,""type"":""OTHER""},{""basic"":false,""magicDamage"":161,""name'"
1949,"b'"":""Kaisa"",""participantId"":10,""physicalDamage"":0,""spellName"":""kaisaw"",""spellSlot"":1,""trueDamage"":0,""type"":""OTHER""},{""basic"":true,'"
1950,"b'""magicDamage"":0,""name"":""Kaisa"",""participantId"":10,""physicalDamage"":99,""spellName"":""kaisabasicattack2"",""spellSlot"":65,""trueDamage'"
1951,"b'"":0,""type"":""OTHER""}],""victimDamageReceived"":[{""basic"":false,""magicDamage"":0,""name"":""Zeri"",""participantId"":9,""physicalDamage"":391'"
1952,"b',""spellName"":""zeriq"",""spellSlot"":0,""trueDamage"":0,""type"":""OTHER""},{""basic"":false,""magicDamage"":171,""name"":""Zeri"",""participantId""'"
1953,"b':9,""physicalDamage"":0,""spellName"":"""",""spellSlot"":63,""trueDamage"":22,""type"":""OTHER""},{""basic"":false,""magicDamage"":86,""name"":""Zeri'"
1954,"b'"",""participantId"":9,""physicalDamage"":0,""spellName"":"""",""spellSlot"":-1,""trueDamage"":0,""type"":""OTHER""},{""basic"":false,""magicDamage""'"
1955,"b':0,""name"":""Nocturne"",""participantId"":7,""physicalDamage"":186,""spellName"":""nocturneduskbringer"",""spellSlot"":0,""trueDamage"":0,""type'"
1956,"b'"":""OTHER""},{""basic"":false,""magicDamage"":95,""name"":""Nocturne"",""participantId"":7,""physicalDamage"":0,""spellName"":""nocturneunspeakab'"
1957,"b'lehorror"",""spellSlot"":2,""trueDamage"":0,""type"":""OTHER""},{""basic"":false,""magicDamage"":0,""name"":""Nocturne"",""participantId"":7,""physi'"
1958,"b'calDamage"":161,""spellName"":""nocturneparanoia2"",""spellSlot"":3,""trueDamage"":0,""type"":""OTHER""},{""basic"":false,""magicDamage"":0,""name'"
1959,"b'"":""Nocturne"",""participantId"":7,""physicalDamage"":126,""spellName"":""nocturnep"",""spellSlot"":63,""trueDamage"":0,""type"":""OTHER""},{""basi'"
1960,"b'c"":false,""magicDamage"":0,""name"":""Nocturne"",""participantId"":7,""physicalDamage"":83,""spellName"":""6631active"",""spellSlot"":7,""trueDam'"
1961,"b'age"":0,""type"":""OTHER""},{""basic"":true,""magicDamage"":0,""name"":""Nocturne"",""participantId"":7,""physicalDamage"":113,""spellName"":""noctu'"
1962,"b'rnebasicattack"",""spellSlot"":64,""trueDamage"":0,""type"":""OTHER""}],""victimId"":4},{""killType"":""KILL_MULTI"",""killerId"":9,""multiKillLen'"
1963,"b'gth"":2,""position"":{""x"":9034,""y"":5512},""timestamp"":842871,""type"":""CHAMPION_SPECIAL_KILL""},{""level"":9,""participantId"":7,""timestamp'"
1964,"b'"":842871,""type"":""LEVEL_UP""},{""level"":8,""participantId"":10,""timestamp"":842871,""type"":""LEVEL_UP""},{""itemId"":2422,""participantId"":2'"
1965,"b',""timestamp"":843238,""type"":""ITEM_DESTROYED""},{""itemId"":3158,""participantId"":2,""timestamp"":843238,""type"":""ITEM_PURCHASED""},{""leve'"
1966,"b'lUpType"":""NORMAL"",""participantId"":10,""skillSlot"":3,""timestamp"":843701,""type"":""SKILL_LEVEL_UP""},{""levelUpType"":""NORMAL"",""particip'"
1967,"b'antId"":7,""skillSlot"":1,""timestamp"":847037,""type"":""SKILL_LEVEL_UP""},{""level"":11,""participantId"":6,""timestamp"":847804,""type"":""LEVE'"
1968,"b'L_UP""},{""levelUpType"":""NORMAL"",""participantId"":6,""skillSlot"":4,""timestamp"":848505,""type"":""SKILL_LEVEL_UP""},{""itemId"":2031,""parti'"
1969,"b'cipantId"":4,""timestamp"":850442,""type"":""ITEM_SOLD""},{""itemId"":3340,""participantId"":4,""timestamp"":850908,""type"":""ITEM_DESTROYED""},'"
1970,"b'{""itemId"":3363,""participantId"":4,""timestamp"":850908,""type"":""ITEM_PURCHASED""},{""level"":11,""participantId"":8,""timestamp"":851008,""t'"
1971,"b'ype"":""LEVEL_UP""},{""itemId"":1036,""participantId"":4,""timestamp"":851343,""type"":""ITEM_PURCHASED""},{""levelUpType"":""NORMAL"",""participa'"
1972,"b'ntId"":8,""skillSlot"":4,""timestamp"":854243,""type"":""SKILL_LEVEL_UP""},{""bounty"":274,""killStreakLength"":4,""killerId"":8,""position"":{""x'"
1973,"b'"":6268,""y"":6020},""shutdownBounty"":0,""timestamp"":864383,""type"":""CHAMPION_KILL"",""victimDamageDealt"":[{""basic"":false,""magicDamage"":'"
1974,"b'40,""name"":""Rell"",""participantId"":8,""physicalDamage"":0,""spellName"":""rellq"",""spellSlot"":0,""trueDamage"":0,""type"":""OTHER""},{""basic"":'"
1975,"b'false,""magicDamage"":0,""name"":""Rell"",""participantId"":8,""physicalDamage"":0,""spellName"":""summonerdot"",""spellSlot"":5,""trueDamage"":38'"
1976,"b',""type"":""OTHER""}],""victimDamageReceived"":[{""basic"":false,""magicDamage"":174,""name"":""Sylas"",""participantId"":8,""physicalDamage"":0,""'"
1977,"b'spellName"":""sylase2"",""spellSlot"":2,""trueDamage"":82,""type"":""OTHER""},{""basic"":false,""magicDamage"":97,""name"":""Sylas"",""participantId'"
1978,"b'"":8,""physicalDamage"":0,""spellName"":""sylaspassive"",""spellSlot"":63,""trueDamage"":0,""type"":""OTHER""},{""basic"":false,""magicDamage"":95,'"
1979,"b'""name"":""Sylas"",""participantId"":8,""physicalDamage"":0,""spellName"":""6656cast"",""spellSlot"":6,""trueDamage"":0,""type"":""OTHER""},{""basic""'"
1980,"b':false,""magicDamage"":314,""name"":""Sylas"",""participantId"":8,""physicalDamage"":0,""spellName"":""sylasq"",""spellSlot"":0,""trueDamage"":0,""'"
1981,"b'type"":""OTHER""},{""basic"":false,""magicDamage"":235,""name"":""Sylas"",""participantId"":8,""physicalDamage"":0,""spellName"":""sylasw"",""spellS'"
1982,"b'lot"":1,""trueDamage"":0,""type"":""OTHER""}],""victimId"":5},{""bounty"":300,""killStreakLength"":1,""killerId"":6,""position"":{""x"":1077,""y"":99'"
1983,"b'92},""shutdownBounty"":0,""timestamp"":865980,""type"":""CHAMPION_KILL"",""victimDamageDealt"":[{""basic"":false,""magicDamage"":0,""name"":""Gar'"
1984,"b'en"",""participantId"":6,""physicalDamage"":772,""spellName"":""garene"",""spellSlot"":2,""trueDamage"":0,""type"":""OTHER""},{""basic"":false,""mag'"
1985,"b'icDamage"":44,""name"":""Garen"",""participantId"":6,""physicalDamage"":0,""spellName"":"""",""spellSlot"":-1,""trueDamage"":0,""type"":""OTHER""},{""'"
1986,"b'basic"":true,""magicDamage"":0,""name"":""Garen"",""participantId"":6,""physicalDamage"":0,""spellName"":""garenbasicattack"",""spellSlot"":64,""t'"
1987,"b'rueDamage"":0,""type"":""OTHER""},{""basic"":false,""magicDamage"":0,""name"":""Garen"",""participantId"":6,""physicalDamage"":181,""spellName"":""g'"
1988,"b'arenq"",""spellSlot"":0,""trueDamage"":0,""type"":""OTHER""},{""basic"":false,""magicDamage"":0,""name"":""Garen"",""participantId"":6,""physicalDam'"
1989,"b'age"":0,""spellName"":""garenr"",""spellSlot"":3,""trueDamage"":266,""type"":""OTHER""}],""victimDamageReceived"":[{""basic"":true,""magicDamage"":'"
1990,"b'0,""name"":""SRU_ChaosMinionMelee"",""participantId"":0,""physicalDamage"":68,""spellName"":""sru_chaosminionrangedbasicattack"",""spellSlot""'"
1991,"b':64,""trueDamage"":0,""type"":""MINION""},{""basic"":true,""magicDamage"":0,""name"":""SRU_ChaosMinionMelee"",""participantId"":0,""physicalDamag'"
1992,"b'e"":12,""spellName"":""sru_chaosminionmeleebasicattack"",""spellSlot"":64,""trueDamage"":0,""type"":""MINION""},{""basic"":true,""magicDamage"":0'"
1993,"b',""name"":""SRU_ChaosMinionMelee"",""participantId"":0,""physicalDamage"":24,""spellName"":""sru_chaosminionrangedbasicattack2"",""spellSlot""'"
1994,"b':65,""trueDamage"":0,""type"":""MINION""},{""basic"":true,""magicDamage"":0,""name"":""Riven"",""participantId"":6,""physicalDamage"":82,""spellNam'"
1995,"b'e"":""rivenbasicattack2"",""spellSlot"":65,""trueDamage"":0,""type"":""OTHER""},{""basic"":false,""magicDamage"":0,""name"":""Riven"",""participantI'"
1996,"b'd"":6,""physicalDamage"":275,""spellName"":""rivenmartyr"",""spellSlot"":1,""trueDamage"":0,""type"":""OTHER""},{""basic"":false,""magicDamage"":0,'"
1997,"b'""name"":""Riven"",""participantId"":6,""physicalDamage"":309,""spellName"":""rivenizunablade"",""spellSlot"":3,""trueDamage"":0,""type"":""OTHER""}'"
1998,"b',{""basic"":false,""magicDamage"":0,""name"":""Riven"",""participantId"":6,""physicalDamage"":79,""spellName"":""6630active"",""spellSlot"":7,""tru'"
1999,"b'eDamage"":0,""type"":""OTHER""},{""basic"":false,""magicDamage"":0,""name"":""Riven"",""participantId"":6,""physicalDamage"":331,""spellName"":""riv'"
2000,"b'entricleave"",""spellSlot"":0,""trueDamage"":0,""type"":""OTHER""},{""basic"":false,""magicDamage"":0,""name"":""Riven"",""participantId"":6,""physi'"
2001,"b'calDamage"":382,""spellName"":""rivenpassive"",""spellSlot"":63,""trueDamage"":0,""type"":""OTHER""},{""basic"":true,""magicDamage"":0,""name"":""Ri'"
2002,"b'ven"",""participantId"":6,""physicalDamage"":435,""spellName"":""rivenbasicattack"",""spellSlot"":64,""trueDamage"":0,""type"":""OTHER""},{""basic'"
2003,"b'"":true,""magicDamage"":0,""name"":""Riven"",""participantId"":6,""physicalDamage"":280,""spellName"":""rivenbasicattack3"",""spellSlot"":66,""tru'"
2004,"b'eDamage"":0,""type"":""OTHER""}],""victimId"":1},{""creatorId"":6,""timestamp"":869513,""type"":""WARD_PLACED"",""wardType"":""BLUE_TRINKET""},{""it'"
2005,"b'emId"":1036,""participantId"":1,""timestamp"":870883,""type"":""ITEM_DESTROYED""},{""itemId"":3051,""participantId"":1,""timestamp"":870883,""ty'"
2006,"b'pe"":""ITEM_PURCHASED""},{""itemId"":1054,""participantId"":1,""timestamp"":871418,""type"":""ITEM_SOLD""},{""itemId"":6029,""participantId"":1,""'"
2007,"b'timestamp"":872118,""type"":""ITEM_DESTROYED""},{""itemId"":3051,""participantId"":1,""timestamp"":872118,""type"":""ITEM_DESTROYED""},{""itemId'"
2008,"b'"":3067,""participantId"":1,""timestamp"":872118,""type"":""ITEM_DESTROYED""},{""itemId"":6631,""participantId"":1,""timestamp"":872118,""type"":'"
2009,"b'""ITEM_PURCHASED""},{""bounty"":0,""killerId"":7,""killerTeamId"":200,""monsterSubType"":""HEXTECH_DRAGON"",""monsterType"":""DRAGON"",""position'"
2010,"b'"":{""x"":9866,""y"":4414},""timestamp"":872585,""type"":""ELITE_MONSTER_KILL""},{""actualStartTime"":888000,""teamId"":100,""timestamp"":873484,'"
2011,"b'""type"":""OBJECTIVE_BOUNTY_PRESTART""},{""itemId"":2055,""participantId"":6,""timestamp"":873584,""type"":""ITEM_DESTROYED""},{""creatorId"":6,'"
2012,"b'""timestamp"":873584,""type"":""WARD_PLACED"",""wardType"":""CONTROL_WARD""},{""level"":9,""participantId"":9,""timestamp"":874889,""type"":""LEVEL'"
2013,"b'_UP""},{""level"":9,""participantId"":3,""timestamp"":874922,""type"":""LEVEL_UP""},{""levelUpType"":""NORMAL"",""participantId"":3,""skillSlot"":1'"
2014,"b',""timestamp"":876222,""type"":""SKILL_LEVEL_UP""},{""levelUpType"":""NORMAL"",""participantId"":9,""skillSlot"":1,""timestamp"":877460,""type"":""'"
2015,"b'SKILL_LEVEL_UP""},{""itemId"":1033,""participantId"":5,""timestamp"":878628,""type"":""ITEM_PURCHASED""},{""itemId"":2055,""participantId"":5,""'"
2016,"b'timestamp"":879097,""type"":""ITEM_PURCHASED""},{""assistingParticipantIds"":[10],""bounty"":219,""killStreakLength"":5,""killerId"":8,""posit'"
2017,"b'ion"":{""x"":5260,""y"":5622},""shutdownBounty"":0,""timestamp"":879832,""type"":""CHAMPION_KILL"",""victimDamageDealt"":[{""basic"":false,""magic'"
2018,"b'Damage"":263,""name"":""Neeko"",""participantId"":8,""physicalDamage"":0,""spellName"":""neekoq"",""spellSlot"":0,""trueDamage"":0,""type"":""OTHER""'"
2019,"b'},{""basic"":true,""magicDamage"":0,""name"":""Neeko"",""participantId"":8,""physicalDamage"":36,""spellName"":""neekobasicattack"",""spellSlot"":'"
2020,"b'64,""trueDamage"":0,""type"":""OTHER""},{""basic"":false,""magicDamage"":40,""name"":""Neeko"",""participantId"":8,""physicalDamage"":0,""spellName'"
2021,"b'"":"""",""spellSlot"":-1,""trueDamage"":0,""type"":""OTHER""},{""basic"":false,""magicDamage"":56,""name"":""Neeko"",""participantId"":8,""physicalDam'"
2022,"b'age"":0,""spellName"":"""",""spellSlot"":-1,""trueDamage"":0,""type"":""OTHER""},{""basic"":false,""magicDamage"":103,""name"":""Neeko"",""participant'"
2023,"b'Id"":8,""physicalDamage"":0,""spellName"":""neekoe"",""spellSlot"":2,""trueDamage"":0,""type"":""OTHER""},{""basic"":true,""magicDamage"":0,""name"":'"
2024,"b'""Neeko"",""participantId"":8,""physicalDamage"":36,""spellName"":"""",""spellSlot"":63,""trueDamage"":0,""type"":""OTHER""},{""basic"":false,""magic'"
2025,"b'Damage"":56,""name"":""Neeko"",""participantId"":8,""physicalDamage"":0,""spellName"":"""",""spellSlot"":63,""trueDamage"":0,""type"":""OTHER""},{""ba'"
2026,"b'sic"":false,""magicDamage"":32,""name"":""Neeko"",""participantId"":10,""physicalDamage"":0,""spellName"":""neekoq"",""spellSlot"":0,""trueDamage""'"
2027,"b':0,""type"":""OTHER""},{""basic"":false,""magicDamage"":38,""name"":""Neeko"",""participantId"":10,""physicalDamage"":0,""spellName"":"""",""spellSlo'"
2028,"b't"":-1,""trueDamage"":0,""type"":""OTHER""}],""victimDamageReceived"":[{""basic"":false,""magicDamage"":73,""name"":""Rakan"",""participantId"":10,'"
2029,"b'""physicalDamage"":0,""spellName"":""rakanq"",""spellSlot"":0,""trueDamage"":0,""type"":""OTHER""},{""basic"":false,""magicDamage"":185,""name"":""Ra'"
2030,"b'kan"",""participantId"":10,""physicalDamage"":0,""spellName"":""rakanw"",""spellSlot"":1,""trueDamage"":0,""type"":""OTHER""},{""basic"":true,""magi'"
2031,"b'cDamage"":0,""name"":""Rakan"",""participantId"":10,""physicalDamage"":108,""spellName"":""rakanbasicattack2"",""spellSlot"":49,""trueDamage"":0,'"
2032,"b'""type"":""OTHER""},{""basic"":false,""magicDamage"":88,""name"":""Rakan"",""participantId"":10,""physicalDamage"":0,""spellName"":""rakanr"",""spell'"
2033,"b'Slot"":3,""trueDamage"":0,""type"":""OTHER""},{""basic"":true,""magicDamage"":0,""name"":""Rakan"",""participantId"":10,""physicalDamage"":54,""spel'"
2034,"b'lName"":""rakanbasicattack"",""spellSlot"":49,""trueDamage"":0,""type"":""OTHER""},{""basic"":false,""magicDamage"":399,""name"":""Sylas"",""partici'"
2035,"b'pantId"":8,""physicalDamage"":0,""spellName"":""sylasq"",""spellSlot"":0,""trueDamage"":0,""type"":""OTHER""},{""basic"":false,""magicDamage"":123,'"
2036,"b'""name"":""Sylas"",""participantId"":8,""physicalDamage"":0,""spellName"":""sylaspassive"",""spellSlot"":63,""trueDamage"":0,""type"":""OTHER""},{""b'"
2037,"b'asic"":true,""magicDamage"":0,""name"":""Sylas"",""participantId"":8,""physicalDamage"":115,""spellName"":""sylasbasicattack"",""spellSlot"":64,""'"
2038,"b'trueDamage"":0,""type"":""OTHER""},{""basic"":false,""magicDamage"":218,""name"":""Sylas"",""participantId"":8,""physicalDamage"":0,""spellName"":""'"
2039,"b'sylase2"",""spellSlot"":2,""trueDamage"":0,""type"":""OTHER""},{""basic"":true,""magicDamage"":0,""name"":""SRU_ChaosMinionMelee"",""participantId'"
2040,"b'"":0,""physicalDamage"":15,""spellName"":""sru_chaosminionrangedbasicattack"",""spellSlot"":64,""trueDamage"":0,""type"":""MINION""},{""basic"":t'"
2041,"b'rue,""magicDamage"":0,""name"":""SRU_ChaosMinionMelee"",""participantId"":0,""physicalDamage"":16,""spellName"":""sru_chaosminionsiegebasicat'"
2042,"b'tack"",""spellSlot"":64,""trueDamage"":0,""type"":""MINION""},{""basic"":true,""magicDamage"":0,""name"":""SRU_ChaosMinionMelee"",""participantId""'"
2043,"b':0,""physicalDamage"":24,""spellName"":""sru_chaosminionmeleebasicattack"",""spellSlot"":64,""trueDamage"":0,""type"":""MINION""},{""basic"":tru'"
2044,"b'e,""magicDamage"":0,""name"":""SRU_ChaosMinionMelee"",""participantId"":0,""physicalDamage"":15,""spellName"":""sru_chaosminionrangedbasicatt'"
2045,"b'ack2"",""spellSlot"":65,""trueDamage"":0,""type"":""MINION""}],""victimId"":3},{""assistingParticipantIds"":[10],""bounty"":0,""buildingType"":""T'"
2046,"b'OWER_BUILDING"",""killerId"":8,""laneType"":""MID_LANE"",""position"":{""x"":5846,""y"":6396},""teamId"":100,""timestamp"":886435,""towerType"":""OU'"
2047,"b'TER_TURRET"",""type"":""BUILDING_KILL""},{""creatorId"":10,""timestamp"":886869,""type"":""WARD_PLACED"",""wardType"":""SIGHT_WARD""},{""itemId"":1'"
2048,"b'026,""participantId"":3,""timestamp"":890006,""type"":""ITEM_PURCHASED""},{""bounty"":0,""buildingType"":""TOWER_BUILDING"",""killerId"":0,""lane'"
2049,"b'Type"":""BOT_LANE"",""position"":{""x"":10504,""y"":1029},""teamId"":100,""timestamp"":890439,""towerType"":""OUTER_TURRET"",""type"":""BUILDING_KIL'"
2050,"b'L""},{""bounty"":300,""killStreakLength"":0,""killerId"":2,""position"":{""x"":1429,""y"":11271},""shutdownBounty"":250,""timestamp"":897020,""typ'"
2051,"b'e"":""CHAMPION_KILL"",""victimDamageDealt"":[{""basic"":false,""magicDamage"":0,""name"":""Riven"",""participantId"":2,""physicalDamage"":58,""spe'"
2052,"b'llName"":""rivenpassive"",""spellSlot"":63,""trueDamage"":0,""type"":""OTHER""},{""basic"":false,""magicDamage"":0,""name"":""Riven"",""participantI'"
2053,"b'd"":2,""physicalDamage"":106,""spellName"":""6630active"",""spellSlot"":7,""trueDamage"":0,""type"":""OTHER""},{""basic"":false,""magicDamage"":0,""'"
2054,"b'name"":""Riven"",""participantId"":2,""physicalDamage"":136,""spellName"":""riventricleave"",""spellSlot"":0,""trueDamage"":0,""type"":""OTHER""},{'"
2055,"b'""basic"":true,""magicDamage"":0,""name"":""Riven"",""participantId"":2,""physicalDamage"":119,""spellName"":""rivenbasicattack2"",""spellSlot"":6'"
2056,"b'5,""trueDamage"":0,""type"":""OTHER""},{""basic"":false,""magicDamage"":0,""name"":""Riven"",""participantId"":2,""physicalDamage"":96,""spellName""'"
2057,"b':""rivenmartyr"",""spellSlot"":1,""trueDamage"":0,""type"":""OTHER""}],""victimDamageReceived"":[{""basic"":true,""magicDamage"":0,""name"":""Khazi'"
2058,"b'x"",""participantId"":2,""physicalDamage"":85,""spellName"":""khazixbasicattack2"",""spellSlot"":65,""trueDamage"":0,""type"":""OTHER""},{""basic""'"
2059,"b':false,""magicDamage"":0,""name"":""Khazix"",""participantId"":2,""physicalDamage"":0,""spellName"":""s5_summonersmiteplayerganker"",""spellSlo'"
2060,"b't"":5,""trueDamage"":85,""type"":""OTHER""},{""basic"":false,""magicDamage"":0,""name"":""Khazix"",""participantId"":2,""physicalDamage"":79,""spell'"
2061,"b'Name"":""6630active"",""spellSlot"":7,""trueDamage"":0,""type"":""OTHER""},{""basic"":false,""magicDamage"":60,""name"":""Khazix"",""participantId"":'"
2062,"b'2,""physicalDamage"":0,""spellName"":""khazixpassive"",""spellSlot"":63,""trueDamage"":0,""type"":""OTHER""},{""basic"":false,""magicDamage"":0,""n'"
2063,"b'ame"":""Khazix"",""participantId"":2,""physicalDamage"":377,""spellName"":""khazixq"",""spellSlot"":0,""trueDamage"":0,""type"":""OTHER""},{""basic""'"
2064,"b':false,""magicDamage"":0,""name"":""Khazix"",""participantId"":2,""physicalDamage"":107,""spellName"":""khazixw"",""spellSlot"":1,""trueDamage"":0'"
2065,"b',""type"":""OTHER""}],""victimId"":6},{""level"":10,""participantId"":2,""timestamp"":897020,""type"":""LEVEL_UP""},{""levelUpType"":""NORMAL"",""par'"
2066,"b'ticipantId"":2,""skillSlot"":2,""timestamp"":899093,""type"":""SKILL_LEVEL_UP""},{""itemId"":1038,""participantId"":9,""timestamp"":899495,""typ'"
2067,"b'e"":""ITEM_PURCHASED""},{""itemId"":1037,""participantId"":9,""timestamp"":900093,""type"":""ITEM_PURCHASED""}],""participantFrames"":{""1"":{""ch'"
2068,"b'ampionStats"":{""abilityHaste"":0,""abilityPower"":0,""armor"":99,""armorPen"":0,""armorPenPercent"":0,""attackDamage"":174,""attackSpeed"":183'"
2069,"b',""bonusArmorPenPercent"":0,""bonusMagicPenPercent"":0,""ccReduction"":0,""cooldownReduction"":0,""health"":1948,""healthMax"":1948,""healthR'"
2070,"b'egen"":245,""lifesteal"":0,""magicPen"":0,""magicPenPercent"":0,""magicResist"":66,""movementSpeed"":649,""omnivamp"":0,""physicalVamp"":0,""pow'"
2071,"b'er"":0,""powerMax"":0,""powerRegen"":0,""spellVamp"":0},""currentGold"":74,""damageStats"":{""magicDamageDone"":199,""magicDamageDoneToChampio'"
2072,"b'ns"":199,""magicDamageTaken"":80,""physicalDamageDone"":51372,""physicalDamageDoneToChampions"":4863,""physicalDamageTaken"":9520,""totalD'"
2073,"b'amageDone"":65391,""totalDamageDoneToChampions"":6286,""totalDamageTaken"":10190,""trueDamageDone"":13819,""trueDamageDoneToChampions"":1'"
2074,"b'224,""trueDamageTaken"":589},""goldPerSecond"":0,""jungleMinionsKilled"":0,""level"":10,""minionsKilled"":114,""participantId"":1,""position""'"
2075,"b':{""x"":838,""y"":842},""timeEnemySpentControlled"":28860,""totalGold"":4944,""xp"":7193},""2"":{""championStats"":{""abilityHaste"":0,""abilityP'"
2076,"b'ower"":0,""armor"":68,""armorPen"":0,""armorPenPercent"":0,""attackDamage"":167,""attackSpeed"":148,""bonusArmorPenPercent"":0,""bonusMagicPen'"
2077,"b'Percent"":0,""ccReduction"":0,""cooldownReduction"":0,""health"":1583,""healthMax"":1790,""healthRegen"":26,""lifesteal"":0,""magicPen"":0,""mag'"
2078,"b'icPenPercent"":0,""magicResist"":47,""movementSpeed"":405,""omnivamp"":8,""physicalVamp"":0,""power"":459,""powerMax"":636,""powerRegen"":22,""s'"
2079,"b'pellVamp"":0},""currentGold"":948,""damageStats"":{""magicDamageDone"":540,""magicDamageDoneToChampions"":540,""magicDamageTaken"":5865,""ph'"
2080,"b'ysicalDamageDone"":55216,""physicalDamageDoneToChampions"":4955,""physicalDamageTaken"":10255,""totalDamageDone"":75857,""totalDamageDon'"
2081,"b'eToChampions"":5790,""totalDamageTaken"":16336,""trueDamageDone"":20100,""trueDamageDoneToChampions"":294,""trueDamageTaken"":215},""goldP'"
2082,"b'erSecond"":0,""jungleMinionsKilled"":78,""level"":10,""minionsKilled"":18,""participantId"":2,""position"":{""x"":1002,""y"":10890},""timeEnemyS'"
2083,"b'pentControlled"":98662,""totalGold"":5333,""xp"":6452},""3"":{""championStats"":{""abilityHaste"":0,""abilityPower"":109,""armor"":56,""armorPen'"
2084,"b'"":0,""armorPenPercent"":0,""attackDamage"":64,""attackSpeed"":133,""bonusArmorPenPercent"":0,""bonusMagicPenPercent"":0,""ccReduction"":0,""c'"
2085,"b'ooldownReduction"":0,""health"":0,""healthMax"":1574,""healthRegen"":25,""lifesteal"":0,""magicPen"":18,""magicPenPercent"":0,""magicResist"":3'"
2086,"b'8,""movementSpeed"":385,""omnivamp"":0,""physicalVamp"":0,""power"":221,""powerMax"":1022,""powerRegen"":23,""spellVamp"":0},""currentGold"":378'"
2087,"b',""damageStats"":{""magicDamageDone"":42378,""magicDamageDoneToChampions"":8778,""magicDamageTaken"":7406,""physicalDamageDone"":6977,""phy'"
2088,"b'sicalDamageDoneToChampions"":2695,""physicalDamageTaken"":4355,""totalDamageDone"":62070,""totalDamageDoneToChampions"":11474,""totalDam'"
2089,"b'ageTaken"":11877,""trueDamageDone"":12715,""trueDamageDoneToChampions"":0,""trueDamageTaken"":115},""goldPerSecond"":0,""jungleMinionsKill'"
2090,"b'ed"":0,""level"":9,""minionsKilled"":92,""participantId"":3,""position"":{""x"":5260,""y"":5622},""timeEnemySpentControlled"":100373,""totalGold'"
2091,"b'"":4823,""xp"":5066},""4"":{""championStats"":{""abilityHaste"":0,""abilityPower"":0,""armor"":62,""armorPen"":0,""armorPenPercent"":0,""attackDam'"
2092,"b'age"":189,""attackSpeed"":187,""bonusArmorPenPercent"":0,""bonusMagicPenPercent"":0,""ccReduction"":0,""cooldownReduction"":0,""health"":1375'"
2093,"b',""healthMax"":1407,""healthRegen"":14,""lifesteal"":3,""magicPen"":0,""magicPenPercent"":0,""magicResist"":38,""movementSpeed"":390,""omnivamp'"
2094,"b'"":2,""physicalVamp"":0,""power"":671,""powerMax"":734,""powerRegen"":25,""spellVamp"":0},""currentGold"":339,""damageStats"":{""magicDamageDone'"
2095,"b'"":5007,""magicDamageDoneToChampions"":2573,""magicDamageTaken"":1196,""physicalDamageDone"":48777,""physicalDamageDoneToChampions"":5165'"
2096,"b',""physicalDamageTaken"":5064,""totalDamageDone"":53785,""totalDamageDoneToChampions"":7738,""totalDamageTaken"":6283,""trueDamageDone"":0'"
2097,"b',""trueDamageDoneToChampions"":0,""trueDamageTaken"":22},""goldPerSecond"":0,""jungleMinionsKilled"":0,""level"":9,""minionsKilled"":119,""pa'"
2098,"b'rticipantId"":4,""position"":{""x"":10201,""y"":1447},""timeEnemySpentControlled"":0,""totalGold"":6824,""xp"":5600},""5"":{""championStats"":{""a'"
2099,"b'bilityHaste"":0,""abilityPower"":10,""armor"":104,""armorPen"":0,""armorPenPercent"":0,""attackDamage"":69,""attackSpeed"":107,""bonusArmorPen'"
2100,"b'Percent"":0,""bonusMagicPenPercent"":0,""ccReduction"":33,""cooldownReduction"":0,""health"":1363,""healthMax"":1363,""healthRegen"":40,""life'"
2101,"b'steal"":0,""magicPen"":0,""magicPenPercent"":0,""magicResist"":99,""movementSpeed"":399,""omnivamp"":0,""physicalVamp"":0,""power"":568,""powerM'"
2102,"b'ax"":568,""powerRegen"":15,""spellVamp"":0},""currentGold"":100,""damageStats"":{""magicDamageDone"":2353,""magicDamageDoneToChampions"":1686'"
2103,"b',""magicDamageTaken"":4900,""physicalDamageDone"":3055,""physicalDamageDoneToChampions"":1125,""physicalDamageTaken"":2612,""totalDamageD'"
2104,"b'one"":12004,""totalDamageDoneToChampions"":3210,""totalDamageTaken"":7823,""trueDamageDone"":6596,""trueDamageDoneToChampions"":397,""true'"
2105,"b'DamageTaken"":309},""goldPerSecond"":30,""jungleMinionsKilled"":0,""level"":7,""minionsKilled"":19,""participantId"":5,""position"":{""x"":4938'"
2106,"b',""y"":5413},""timeEnemySpentControlled"":114292,""totalGold"":3650,""xp"":3607},""6"":{""championStats"":{""abilityHaste"":0,""abilityPower"":0'"
2107,"b',""armor"":77,""armorPen"":0,""armorPenPercent"":0,""attackDamage"":180,""attackSpeed"":138,""bonusArmorPenPercent"":0,""bonusMagicPenPercent'"
2108,"b'"":0,""ccReduction"":17,""cooldownReduction"":0,""health"":0,""healthMax"":1887,""healthRegen"":25,""lifesteal"":0,""magicPen"":0,""magicPenPerc'"
2109,"b'ent"":0,""magicResist"":49,""movementSpeed"":385,""omnivamp"":10,""physicalVamp"":0,""power"":0,""powerMax"":0,""powerRegen"":0,""spellVamp"":0},'"
2110,"b'""currentGold"":967,""damageStats"":{""magicDamageDone"":0,""magicDamageDoneToChampions"":0,""magicDamageTaken"":389,""physicalDamageDone"":'"
2111,"b'65603,""physicalDamageDoneToChampions"":8562,""physicalDamageTaken"":7228,""totalDamageDone"":66308,""totalDamageDoneToChampions"":9074,'"
2112,"b'""totalDamageTaken"":8559,""trueDamageDone"":705,""trueDamageDoneToChampions"":512,""trueDamageTaken"":942},""goldPerSecond"":0,""jungleMin'"
2113,"b'ionsKilled"":0,""level"":11,""minionsKilled"":133,""participantId"":6,""position"":{""x"":1429,""y"":11271},""timeEnemySpentControlled"":86153,'"
2114,"b'""totalGold"":5842,""xp"":8369},""7"":{""championStats"":{""abilityHaste"":0,""abilityPower"":0,""armor"":95,""armorPen"":0,""armorPenPercent"":0,'"
2115,"b'""attackDamage"":174,""attackSpeed"":185,""bonusArmorPenPercent"":0,""bonusMagicPenPercent"":0,""ccReduction"":19,""cooldownReduction"":0,""h'"
2116,"b'ealth"":1670,""healthMax"":1689,""healthRegen"":24,""lifesteal"":0,""magicPen"":0,""magicPenPercent"":0,""magicResist"":42,""movementSpeed"":41'"
2117,"b'0,""omnivamp"":0,""physicalVamp"":0,""power"":263,""powerMax"":510,""powerRegen"":103,""spellVamp"":0},""currentGold"":817,""damageStats"":{""mag'"
2118,"b'icDamageDone"":2132,""magicDamageDoneToChampions"":621,""magicDamageTaken"":2981,""physicalDamageDone"":83216,""physicalDamageDoneToCham'"
2119,"b'pions"":7465,""physicalDamageTaken"":11159,""totalDamageDone"":106960,""totalDamageDoneToChampions"":8187,""totalDamageTaken"":14604,""tru'"
2120,"b'eDamageDone"":21612,""trueDamageDoneToChampions"":100,""trueDamageTaken"":463},""goldPerSecond"":0,""jungleMinionsKilled"":78,""level"":9,""'"
2121,"b'minionsKilled"":15,""participantId"":7,""position"":{""x"":11216,""y"":8363},""timeEnemySpentControlled"":275102,""totalGold"":6732,""xp"":6115'"
2122,"b'},""8"":{""championStats"":{""abilityHaste"":0,""abilityPower"":223,""armor"":72,""armorPen"":0,""armorPenPercent"":0,""attackDamage"":87,""attac'"
2123,"b'kSpeed"":138,""bonusArmorPenPercent"":0,""bonusMagicPenPercent"":0,""ccReduction"":0,""cooldownReduction"":0,""health"":459,""healthMax"":213'"
2124,"b'5,""healthRegen"":33,""lifesteal"":0,""magicPen"":0,""magicPenPercent"":0,""magicResist"":62,""movementSpeed"":395,""omnivamp"":0,""physicalVam'"
2125,"b'p"":0,""power"":67,""powerMax"":1524,""powerRegen"":30,""spellVamp"":0},""currentGold"":1874,""damageStats"":{""magicDamageDone"":61268,""magicD'"
2126,"b'amageDoneToChampions"":11702,""magicDamageTaken"":7475,""physicalDamageDone"":2649,""physicalDamageDoneToChampions"":454,""physicalDamag'"
2127,"b'eTaken"":6759,""totalDamageDone"":68119,""totalDamageDoneToChampions"":12467,""totalDamageTaken"":14359,""trueDamageDone"":4201,""trueDama'"
2128,"b'geDoneToChampions"":310,""trueDamageTaken"":124},""goldPerSecond"":0,""jungleMinionsKilled"":0,""level"":11,""minionsKilled"":129,""particip'"
2129,"b'antId"":8,""position"":{""x"":8244,""y"":8203},""timeEnemySpentControlled"":250976,""totalGold"":7999,""xp"":7828},""9"":{""championStats"":{""abi'"
2130,"b'lityHaste"":0,""abilityPower"":0,""armor"":58,""armorPen"":0,""armorPenPercent"":0,""attackDamage"":185,""attackSpeed"":212,""bonusArmorPenPer'"
2131,"b'cent"":0,""bonusMagicPenPercent"":0,""ccReduction"":0,""cooldownReduction"":0,""health"":1451,""healthMax"":1451,""healthRegen"":15,""lifestea'"
2132,"b'l"":0,""magicPen"":0,""magicPenPercent"":0,""magicResist"":38,""movementSpeed"":567,""omnivamp"":2,""physicalVamp"":0,""power"":437,""powerMax"":'"
2133,"b'553,""powerRegen"":22,""spellVamp"":0},""currentGold"":39,""damageStats"":{""magicDamageDone"":16438,""magicDamageDoneToChampions"":2085,""ma'"
2134,"b'gicDamageTaken"":2133,""physicalDamageDone"":27057,""physicalDamageDoneToChampions"":4031,""physicalDamageTaken"":5753,""totalDamageDone'"
2135,"b'"":51022,""totalDamageDoneToChampions"":6163,""totalDamageTaken"":8187,""trueDamageDone"":7526,""trueDamageDoneToChampions"":46,""trueDama'"
2136,"b'geTaken"":301},""goldPerSecond"":0,""jungleMinionsKilled"":0,""level"":9,""minionsKilled"":109,""participantId"":9,""position"":{""x"":14340,""y'"
2137,"b'"":14391},""timeEnemySpentControlled"":13475,""totalGold"":6914,""xp"":5242},""10"":{""championStats"":{""abilityHaste"":0,""abilityPower"":44,'"
2138,"b'""armor"":94,""armorPen"":0,""armorPenPercent"":0,""attackDamage"":82,""attackSpeed"":124,""bonusArmorPenPercent"":0,""bonusMagicPenPercent"":'"
2139,"b'0,""ccReduction"":0,""cooldownReduction"":0,""health"":577,""healthMax"":1673,""healthRegen"":27,""lifesteal"":0,""magicPen"":0,""magicPenPerce'"
2140,"b'nt"":0,""magicResist"":73,""movementSpeed"":360,""omnivamp"":0,""physicalVamp"":0,""power"":113,""powerMax"":603,""powerRegen"":23,""spellVamp"":'"
2141,"b'0},""currentGold"":1163,""damageStats"":{""magicDamageDone"":5025,""magicDamageDoneToChampions"":2359,""magicDamageTaken"":2416,""physicalD'"
2142,"b'amageDone"":4092,""physicalDamageDoneToChampions"":1336,""physicalDamageTaken"":4066,""totalDamageDone"":14337,""totalDamageDoneToChampi'"
2143,"b'ons"":3979,""totalDamageTaken"":6568,""trueDamageDone"":5219,""trueDamageDoneToChampions"":284,""trueDamageTaken"":85},""goldPerSecond"":30'"
2144,"b',""jungleMinionsKilled"":0,""level"":8,""minionsKilled"":32,""participantId"":10,""position"":{""x"":8367,""y"":8272},""timeEnemySpentControlle'"
2145,"b'd"":35398,""totalGold"":4293,""xp"":4819}},""timestamp"":900283},{""events"":[{""itemId"":3340,""participantId"":1,""timestamp"":900516,""type"":'"
2146,"b'""ITEM_DESTROYED""},{""itemId"":3363,""participantId"":1,""timestamp"":900516,""type"":""ITEM_PURCHASED""},{""itemId"":3340,""participantId"":9,'"
2147,"b'""timestamp"":901214,""type"":""ITEM_DESTROYED""},{""itemId"":3363,""participantId"":9,""timestamp"":901214,""type"":""ITEM_PURCHASED""},{""itemI'"
2148,"b'd"":1052,""participantId"":8,""timestamp"":903421,""type"":""ITEM_DESTROYED""},{""itemId"":1058,""participantId"":8,""timestamp"":903421,""type""'"
2149,"b':""ITEM_DESTROYED""},{""itemId"":4645,""participantId"":8,""timestamp"":903421,""type"":""ITEM_PURCHASED""},{""itemId"":3105,""participantId"":1'"
2150,"b'0,""timestamp"":903926,""type"":""ITEM_DESTROYED""},{""itemId"":1011,""participantId"":10,""timestamp"":903926,""type"":""ITEM_DESTROYED""},{""it'"
2151,"b'emId"":6667,""participantId"":10,""timestamp"":903926,""type"":""ITEM_PURCHASED""},{""itemId"":1052,""participantId"":8,""timestamp"":905121,""t'"
2152,"b'ype"":""ITEM_PURCHASED""},{""itemId"":1033,""participantId"":10,""timestamp"":905619,""type"":""ITEM_PURCHASED""},{""itemId"":2055,""participant'"
2153,"b'Id"":10,""timestamp"":906318,""type"":""ITEM_PURCHASED""},{""itemId"":2055,""participantId"":7,""timestamp"":910424,""type"":""ITEM_DESTROYED""},'"
2154,"b'{""creatorId"":7,""timestamp"":910424,""type"":""WARD_PLACED"",""wardType"":""CONTROL_WARD""},{""killerId"":2,""timestamp"":915199,""type"":""WARD_'"
2155,"b'KILL"",""wardType"":""CONTROL_WARD""},{""creatorId"":4,""timestamp"":919105,""type"":""WARD_PLACED"",""wardType"":""BLUE_TRINKET""},{""level"":11,""'"
2156,"b'participantId"":1,""timestamp"":923274,""type"":""LEVEL_UP""},{""bounty"":0,""buildingType"":""TOWER_BUILDING"",""killerId"":8,""laneType"":""TOP_'"
2157,"b'LANE"",""position"":{""x"":981,""y"":10441},""teamId"":100,""timestamp"":923909,""towerType"":""OUTER_TURRET"",""type"":""BUILDING_KILL""},{""itemId'"
2158,"b'"":1036,""participantId"":6,""timestamp"":924110,""type"":""ITEM_PURCHASED""},{""levelUpType"":""NORMAL"",""participantId"":1,""skillSlot"":4,""ti'"
2159,"b'mestamp"":924209,""type"":""SKILL_LEVEL_UP""},{""itemId"":1036,""participantId"":6,""timestamp"":924243,""type"":""ITEM_PURCHASED""},{""bounty"":'"
2160,"b'300,""killStreakLength"":0,""killerId"":4,""position"":{""x"":10877,""y"":5174},""shutdownBounty"":0,""timestamp"":924276,""type"":""CHAMPION_KIL'"
2161,"b'L"",""victimDamageDealt"":[{""basic"":false,""magicDamage"":0,""name"":""Nocturne"",""participantId"":4,""physicalDamage"":0,""spellName"":""noctu'"
2162,"b'rneunspeakablehorror"",""spellSlot"":2,""trueDamage"":0,""type"":""OTHER""},{""basic"":false,""magicDamage"":0,""name"":""Nocturne"",""participant'"
2163,"b'Id"":4,""physicalDamage"":0,""spellName"":""6631active"",""spellSlot"":7,""trueDamage"":0,""type"":""OTHER""}],""victimDamageReceived"":[{""basic""'"
2164,"b':true,""magicDamage"":0,""name"":""SRU_OrderMinionRanged"",""participantId"":0,""physicalDamage"":11,""spellName"":""sru_orderminionrangedbas'"
2165,"b'icattack2"",""spellSlot"":65,""trueDamage"":0,""type"":""MINION""},{""basic"":true,""magicDamage"":0,""name"":""Kaisa"",""participantId"":4,""physic'"
2166,"b'alDamage"":90,""spellName"":"""",""spellSlot"":63,""trueDamage"":0,""type"":""OTHER""},{""basic"":false,""magicDamage"":225,""name"":""Kaisa"",""parti'"
2167,"b'cipantId"":4,""physicalDamage"":0,""spellName"":""kaisapassive"",""spellSlot"":63,""trueDamage"":0,""type"":""OTHER""},{""basic"":true,""magicDama'"
2168,"b'ge"":0,""name"":""Kaisa"",""participantId"":4,""physicalDamage"":90,""spellName"":""kaisaeattack2"",""spellSlot"":68,""trueDamage"":0,""type"":""OTH'"
2169,"b'ER""},{""basic"":true,""magicDamage"":0,""name"":""Kaisa"",""participantId"":4,""physicalDamage"":158,""spellName"":""kaisacritattack2"",""spellSl'"
2170,"b'ot"":79,""trueDamage"":0,""type"":""OTHER""},{""basic"":false,""magicDamage"":0,""name"":""Kaisa"",""participantId"":4,""physicalDamage"":488,""spel'"
2171,"b'lName"":""kaisaq"",""spellSlot"":0,""trueDamage"":0,""type"":""OTHER""},{""basic"":true,""magicDamage"":0,""name"":""Kaisa"",""participantId"":4,""phy'"
2172,"b'sicalDamage"":90,""spellName"":""kaisaeattack3"",""spellSlot"":69,""trueDamage"":0,""type"":""OTHER""},{""basic"":true,""magicDamage"":0,""name"":""'"
2173,"b'Kaisa"",""participantId"":4,""physicalDamage"":181,""spellName"":""kaisaeattack"",""spellSlot"":67,""trueDamage"":0,""type"":""OTHER""},{""basic"":'"
2174,"b'false,""magicDamage"":0,""name"":""Kaisa"",""participantId"":4,""physicalDamage"":221,""spellName"":"""",""spellSlot"":-1,""trueDamage"":0,""type"":'"
2175,"b'""OTHER""},{""basic"":true,""magicDamage"":0,""name"":""Kaisa"",""participantId"":4,""physicalDamage"":158,""spellName"":""kaisaecritattack2"",""sp'"
2176,"b'ellSlot"":75,""trueDamage"":0,""type"":""OTHER""}],""victimId"":7},{""killerId"":4,""timestamp"":925340,""type"":""WARD_KILL"",""wardType"":""UNDEFI'"
2177,"b'NED""},{""itemId"":2031,""participantId"":6,""timestamp"":925708,""type"":""ITEM_SOLD""},{""itemId"":1036,""participantId"":6,""timestamp"":92630'"
2178,"b'8,""type"":""ITEM_DESTROYED""},{""itemId"":1036,""participantId"":6,""timestamp"":926308,""type"":""ITEM_DESTROYED""},{""itemId"":3133,""particip'"
2179,"b'antId"":6,""timestamp"":926308,""type"":""ITEM_PURCHASED""},{""killerId"":4,""timestamp"":929203,""type"":""WARD_KILL"",""wardType"":""CONTROL_WAR'"
2180,"b'D""},{""level"":10,""participantId"":4,""timestamp"":929203,""type"":""LEVEL_UP""},{""levelUpType"":""NORMAL"",""participantId"":4,""skillSlot"":3,'"
2181,"b'""timestamp"":930006,""type"":""SKILL_LEVEL_UP""},{""itemId"":1036,""participantId"":7,""timestamp"":930371,""type"":""ITEM_DESTROYED""},{""itemI'"
2182,"b'd"":1036,""participantId"":7,""timestamp"":930371,""type"":""ITEM_DESTROYED""},{""itemId"":3133,""participantId"":7,""timestamp"":930371,""type""'"
2183,"b':""ITEM_PURCHASED""},{""assistingParticipantIds"":[2,5],""bounty"":300,""killStreakLength"":0,""killerId"":1,""position"":{""x"":1384,""y"":1207'"
2184,"b'0},""shutdownBounty"":650,""timestamp"":930570,""type"":""CHAMPION_KILL"",""victimDamageDealt"":[{""basic"":false,""magicDamage"":107,""name"":""'"
2185,"b'Sylas"",""participantId"":1,""physicalDamage"":0,""spellName"":""6656cast"",""spellSlot"":6,""trueDamage"":0,""type"":""OTHER""},{""basic"":false,""'"
2186,"b'magicDamage"":78,""name"":""Sylas"",""participantId"":1,""physicalDamage"":0,""spellName"":"""",""spellSlot"":-1,""trueDamage"":0,""type"":""OTHER""}'"
2187,"b',{""basic"":false,""magicDamage"":113,""name"":""Sylas"",""participantId"":1,""physicalDamage"":0,""spellName"":""sylasq"",""spellSlot"":0,""trueDa'"
2188,"b'mage"":54,""type"":""OTHER""},{""basic"":false,""magicDamage"":270,""name"":""Sylas"",""participantId"":1,""physicalDamage"":0,""spellName"":""sylas'"
2189,"b'w"",""spellSlot"":1,""trueDamage"":0,""type"":""OTHER""},{""basic"":false,""magicDamage"":268,""name"":""Sylas"",""participantId"":1,""physicalDamag'"
2190,"b'e"":0,""spellName"":""sylaspassive"",""spellSlot"":63,""trueDamage"":0,""type"":""OTHER""},{""basic"":false,""magicDamage"":123,""name"":""Sylas"",""p'"
2191,"b'articipantId"":2,""physicalDamage"":0,""spellName"":""6656cast"",""spellSlot"":6,""trueDamage"":0,""type"":""OTHER""},{""basic"":false,""magicDama'"
2192,"b'ge"":13,""name"":""Sylas"",""participantId"":2,""physicalDamage"":0,""spellName"":"""",""spellSlot"":-1,""trueDamage"":0,""type"":""OTHER""}],""victim'"
2193,"b'DamageReceived"":[{""basic"":true,""magicDamage"":0,""name"":""SRU_OrderMinionMelee"",""participantId"":0,""physicalDamage"":8,""spellName"":""s'"
2194,"b'ru_orderminionmeleebasicattack"",""spellSlot"":64,""trueDamage"":0,""type"":""MINION""},{""basic"":false,""magicDamage"":0,""name"":""Garen"",""pa'"
2195,"b'rticipantId"":1,""physicalDamage"":633,""spellName"":""garene"",""spellSlot"":2,""trueDamage"":0,""type"":""OTHER""},{""basic"":false,""magicDamag'"
2196,"b'e"":0,""name"":""Garen"",""participantId"":1,""physicalDamage"":105,""spellName"":""6631active"",""spellSlot"":6,""trueDamage"":0,""type"":""OTHER""}'"
2197,"b',{""basic"":false,""magicDamage"":0,""name"":""Garen"",""participantId"":1,""physicalDamage"":232,""spellName"":""garenq"",""spellSlot"":0,""trueDa'"
2198,"b'mage"":0,""type"":""OTHER""},{""basic"":true,""magicDamage"":0,""name"":""Garen"",""participantId"":1,""physicalDamage"":234,""spellName"":""garenba'"
2199,"b'sicattack"",""spellSlot"":64,""trueDamage"":0,""type"":""OTHER""},{""basic"":false,""magicDamage"":44,""name"":""Garen"",""participantId"":1,""physi'"
2200,"b'calDamage"":0,""spellName"":"""",""spellSlot"":-1,""trueDamage"":0,""type"":""OTHER""},{""basic"":true,""magicDamage"":0,""name"":""Garen"",""particip'"
2201,"b'antId"":1,""physicalDamage"":352,""spellName"":""garenbasicattack2"",""spellSlot"":65,""trueDamage"":0,""type"":""OTHER""},{""basic"":false,""magi'"
2202,"b'cDamage"":0,""name"":""Garen"",""participantId"":1,""physicalDamage"":0,""spellName"":""summonerdot"",""spellSlot"":4,""trueDamage"":108,""type"":""'"
2203,"b'OTHER""},{""basic"":true,""magicDamage"":0,""name"":""Turret"",""participantId"":0,""physicalDamage"":239,""spellName"":""turretbasicattack"",""sp'"
2204,"b'ellSlot"":64,""trueDamage"":0,""type"":""TOWER""},{""basic"":false,""magicDamage"":40,""name"":""Rell"",""participantId"":5,""physicalDamage"":0,""s'"
2205,"b'pellName"":""rellq"",""spellSlot"":0,""trueDamage"":0,""type"":""OTHER""},{""basic"":false,""magicDamage"":80,""name"":""Rell"",""participantId"":5,""'"
2206,"b'physicalDamage"":0,""spellName"":""relle"",""spellSlot"":2,""trueDamage"":0,""type"":""OTHER""},{""basic"":false,""magicDamage"":41,""name"":""Rell""'"
2207,"b',""participantId"":5,""physicalDamage"":0,""spellName"":""rellw_dismount"",""spellSlot"":1,""trueDamage"":0,""type"":""OTHER""},{""basic"":true,""m'"
2208,"b'agicDamage"":0,""name"":""Rell"",""participantId"":5,""physicalDamage"":45,""spellName"":""rellbasicattack"",""spellSlot"":64,""trueDamage"":0,""t'"
2209,"b'ype"":""OTHER""},{""basic"":false,""magicDamage"":0,""name"":""Khazix"",""participantId"":2,""physicalDamage"":135,""spellName"":""khazixw"",""spell'"
2210,"b'Slot"":1,""trueDamage"":0,""type"":""OTHER""},{""basic"":false,""magicDamage"":0,""name"":""Khazix"",""participantId"":2,""physicalDamage"":51,""spe'"
2211,"b'llName"":""khazixe"",""spellSlot"":2,""trueDamage"":0,""type"":""OTHER""},{""basic"":false,""magicDamage"":0,""name"":""Khazix"",""participantId"":2,'"
2212,"b'""physicalDamage"":346,""spellName"":""khazixq"",""spellSlot"":0,""trueDamage"":0,""type"":""OTHER""}],""victimId"":8},{""level"":8,""participantId'"
2213,"b'"":5,""timestamp"":930570,""type"":""LEVEL_UP""},{""itemId"":1028,""participantId"":7,""timestamp"":930737,""type"":""ITEM_PURCHASED""},{""itemId""'"
2214,"b':2055,""participantId"":7,""timestamp"":931170,""type"":""ITEM_PURCHASED""},{""levelUpType"":""NORMAL"",""participantId"":5,""skillSlot"":2,""tim'"
2215,"b'estamp"":932735,""type"":""SKILL_LEVEL_UP""},{""bounty"":250,""buildingType"":""TOWER_BUILDING"",""killerId"":4,""laneType"":""BOT_LANE"",""positi'"
2216,"b'on"":{""x"":13866,""y"":4505},""teamId"":200,""timestamp"":934668,""towerType"":""OUTER_TURRET"",""type"":""BUILDING_KILL""},{""itemId"":1052,""part'"
2217,"b'icipantId"":8,""timestamp"":935935,""type"":""ITEM_DESTROYED""},{""itemId"":3108,""participantId"":8,""timestamp"":935935,""type"":""ITEM_PURCHA'"
2218,"b'SED""},{""itemId"":2055,""participantId"":10,""timestamp"":938373,""type"":""ITEM_DESTROYED""},{""creatorId"":10,""timestamp"":938373,""type"":""W'"
2219,"b'ARD_PLACED"",""wardType"":""CONTROL_WARD""},{""creatorId"":10,""timestamp"":939871,""type"":""WARD_PLACED"",""wardType"":""SIGHT_WARD""},{""creato'"
2220,"b'rId"":2,""timestamp"":943742,""type"":""WARD_PLACED"",""wardType"":""YELLOW_TRINKET""},{""killerId"":2,""timestamp"":946203,""type"":""WARD_KILL"",'"
2221,"b'""wardType"":""CONTROL_WARD""},{""bounty"":250,""buildingType"":""TOWER_BUILDING"",""killerId"":1,""laneType"":""TOP_LANE"",""position"":{""x"":4318'"
2222,"b',""y"":13875},""teamId"":200,""timestamp"":950838,""towerType"":""OUTER_TURRET"",""type"":""BUILDING_KILL""},{""level"":12,""participantId"":6,""ti'"
2223,"b'mestamp"":951072,""type"":""LEVEL_UP""},{""teamId"":100,""timestamp"":951406,""type"":""OBJECTIVE_BOUNTY_FINISH""},{""creatorId"":5,""timestamp""'"
2224,"b':951672,""type"":""WARD_PLACED"",""wardType"":""SIGHT_WARD""},{""itemId"":1038,""participantId"":4,""timestamp"":952339,""type"":""ITEM_DESTROYED'"
2225,"b'""},{""itemId"":1036,""participantId"":4,""timestamp"":952339,""type"":""ITEM_DESTROYED""},{""itemId"":1036,""participantId"":4,""timestamp"":952'"
2226,"b'339,""type"":""ITEM_DESTROYED""},{""itemId"":6675,""participantId"":4,""timestamp"":952339,""type"":""ITEM_PURCHASED""},{""creatorId"":1,""timest'"
2227,"b'amp"":952672,""type"":""WARD_PLACED"",""wardType"":""BLUE_TRINKET""},{""levelUpType"":""NORMAL"",""participantId"":6,""skillSlot"":3,""timestamp"":'"
2228,"b'953073,""type"":""SKILL_LEVEL_UP""},{""itemId"":2055,""participantId"":4,""timestamp"":953106,""type"":""ITEM_PURCHASED""},{""creatorId"":5,""tim'"
2229,"b'estamp"":954807,""type"":""WARD_PLACED"",""wardType"":""SIGHT_WARD""},{""creatorId"":5,""timestamp"":959939,""type"":""WARD_PLACED"",""wardType"":""'"
2230,"b'SIGHT_WARD""}],""participantFrames"":{""1"":{""championStats"":{""abilityHaste"":0,""abilityPower"":0,""armor"":105,""armorPen"":0,""armorPenPer'"
2231,"b'cent"":0,""attackDamage"":179,""attackSpeed"":187,""bonusArmorPenPercent"":0,""bonusMagicPenPercent"":0,""ccReduction"":0,""cooldownReductio'"
2232,"b'n"":0,""health"":1965,""healthMax"":2063,""healthRegen"":293,""lifesteal"":0,""magicPen"":0,""magicPenPercent"":0,""magicResist"":70,""movementS'"
2233,"b'peed"":498,""omnivamp"":0,""physicalVamp"":0,""power"":0,""powerMax"":0,""powerRegen"":0,""spellVamp"":0},""currentGold"":1852,""damageStats"":{""'"
2234,"b'magicDamageDone"":243,""magicDamageDoneToChampions"":243,""magicDamageTaken"":917,""physicalDamageDone"":60667,""physicalDamageDoneToCha'"
2235,"b'mpions"":6421,""physicalDamageTaken"":9627,""totalDamageDone"":74837,""totalDamageDoneToChampions"":7996,""totalDamageTaken"":11189,""true'"
2236,"b'DamageDone"":13927,""trueDamageDoneToChampions"":1332,""trueDamageTaken"":644},""goldPerSecond"":0,""jungleMinionsKilled"":0,""level"":11,""'"
2237,"b'minionsKilled"":125,""participantId"":1,""position"":{""x"":4441,""y"":9980},""timeEnemySpentControlled"":41727,""totalGold"":6722,""xp"":7836}'"
2238,"b',""2"":{""championStats"":{""abilityHaste"":0,""abilityPower"":0,""armor"":68,""armorPen"":0,""armorPenPercent"":0,""attackDamage"":144,""attackS'"
2239,"b'peed"":148,""bonusArmorPenPercent"":0,""bonusMagicPenPercent"":0,""ccReduction"":0,""cooldownReduction"":0,""health"":1749,""healthMax"":1790'"
2240,"b',""healthRegen"":26,""lifesteal"":0,""magicPen"":0,""magicPenPercent"":0,""magicResist"":47,""movementSpeed"":405,""omnivamp"":8,""physicalVamp'"
2241,"b'"":0,""power"":321,""powerMax"":636,""powerRegen"":112,""spellVamp"":0},""currentGold"":1608,""damageStats"":{""magicDamageDone"":540,""magicDam'"
2242,"b'ageDoneToChampions"":540,""magicDamageTaken"":6719,""physicalDamageDone"":63290,""physicalDamageDoneToChampions"":5488,""physicalDamageT'"
2243,"b'aken"":10748,""totalDamageDone"":89177,""totalDamageDoneToChampions"":6323,""totalDamageTaken"":17683,""trueDamageDone"":25346,""trueDamag'"
2244,"b'eDoneToChampions"":294,""trueDamageTaken"":215},""goldPerSecond"":0,""jungleMinionsKilled"":82,""level"":10,""minionsKilled"":24,""participa'"
2245,"b'ntId"":2,""position"":{""x"":4802,""y"":9533},""timeEnemySpentControlled"":98662,""totalGold"":6003,""xp"":7189},""3"":{""championStats"":{""abili'"
2246,"b'tyHaste"":0,""abilityPower"":109,""armor"":56,""armorPen"":0,""armorPenPercent"":0,""attackDamage"":64,""attackSpeed"":133,""bonusArmorPenPerc'"
2247,"b'ent"":0,""bonusMagicPenPercent"":0,""ccReduction"":0,""cooldownReduction"":0,""health"":915,""healthMax"":1574,""healthRegen"":108,""lifesteal'"
2248,"b'"":0,""magicPen"":18,""magicPenPercent"":0,""magicResist"":38,""movementSpeed"":385,""omnivamp"":0,""physicalVamp"":0,""power"":863,""powerMax"":'"
2249,"b'1022,""powerRegen"":85,""spellVamp"":0},""currentGold"":872,""damageStats"":{""magicDamageDone"":45450,""magicDamageDoneToChampions"":9026,""'"
2250,"b'magicDamageTaken"":7857,""physicalDamageDone"":7300,""physicalDamageDoneToChampions"":2695,""physicalDamageTaken"":4783,""totalDamageDon'"
2251,"b'e"":65465,""totalDamageDoneToChampions"":11721,""totalDamageTaken"":12757,""trueDamageDone"":12715,""trueDamageDoneToChampions"":0,""trueD'"
2252,"b'amageTaken"":115},""goldPerSecond"":0,""jungleMinionsKilled"":0,""level"":9,""minionsKilled"":98,""participantId"":3,""position"":{""x"":6414,""'"
2253,"b'y"":6397},""timeEnemySpentControlled"":108703,""totalGold"":5317,""xp"":5619},""4"":{""championStats"":{""abilityHaste"":0,""abilityPower"":0,""'"
2254,"b'armor"":66,""armorPen"":0,""armorPenPercent"":0,""attackDamage"":202,""attackSpeed"":188,""bonusArmorPenPercent"":0,""bonusMagicPenPercent"":'"
2255,"b'0,""ccReduction"":0,""cooldownReduction"":0,""health"":1509,""healthMax"":1509,""healthRegen"":15,""lifesteal"":3,""magicPen"":0,""magicPenPerc'"
2256,"b'ent"":0,""magicResist"":40,""movementSpeed"":412,""omnivamp"":2,""physicalVamp"":0,""power"":723,""powerMax"":774,""powerRegen"":27,""spellVamp""'"
2257,"b':0},""currentGold"":64,""damageStats"":{""magicDamageDone"":5743,""magicDamageDoneToChampions"":2798,""magicDamageTaken"":1196,""physicalDa'"
2258,"b'mageDone"":59696,""physicalDamageDoneToChampions"":6646,""physicalDamageTaken"":5664,""totalDamageDone"":65440,""totalDamageDoneToChampi'"
2259,"b'ons"":9444,""totalDamageTaken"":6883,""trueDamageDone"":0,""trueDamageDoneToChampions"":0,""trueDamageTaken"":22},""goldPerSecond"":0,""jung'"
2260,"b'leMinionsKilled"":0,""level"":10,""minionsKilled"":134,""participantId"":4,""position"":{""x"":3652,""y"":3113},""timeEnemySpentControlled"":0,'"
2261,"b'""totalGold"":8029,""xp"":6529},""5"":{""championStats"":{""abilityHaste"":0,""abilityPower"":10,""armor"":121,""armorPen"":0,""armorPenPercent"":'"
2262,"b'0,""attackDamage"":72,""attackSpeed"":138,""bonusArmorPenPercent"":0,""bonusMagicPenPercent"":0,""ccReduction"":35,""cooldownReduction"":0,""'"
2263,"b'health"":1300,""healthMax"":1460,""healthRegen"":43,""lifesteal"":0,""magicPen"":0,""magicPenPercent"":0,""magicResist"":113,""movementSpeed"":'"
2264,"b'472,""omnivamp"":0,""physicalVamp"":0,""power"":363,""powerMax"":609,""powerRegen"":16,""spellVamp"":0},""currentGold"":659,""damageStats"":{""ma'"
2265,"b'gicDamageDone"":2983,""magicDamageDoneToChampions"":1849,""magicDamageTaken"":4900,""physicalDamageDone"":3632,""physicalDamageDoneToCha'"
2266,"b'mpions"":1171,""physicalDamageTaken"":2808,""totalDamageDone"":17764,""totalDamageDoneToChampions"":3418,""totalDamageTaken"":8018,""trueD'"
2267,"b'amageDone"":11149,""trueDamageDoneToChampions"":397,""trueDamageTaken"":309},""goldPerSecond"":30,""jungleMinionsKilled"":0,""level"":8,""mi'"
2268,"b'nionsKilled"":23,""participantId"":5,""position"":{""x"":5903,""y"":10813},""timeEnemySpentControlled"":118489,""totalGold"":4209,""xp"":4332},'"
2269,"b'""6"":{""championStats"":{""abilityHaste"":0,""abilityPower"":0,""armor"":82,""armorPen"":0,""armorPenPercent"":0,""attackDamage"":192,""attackSp'"
2270,"b'eed"":141,""bonusArmorPenPercent"":0,""bonusMagicPenPercent"":0,""ccReduction"":17,""cooldownReduction"":0,""health"":1994,""healthMax"":1994'"
2271,"b',""healthRegen"":26,""lifesteal"":0,""magicPen"":0,""magicPenPercent"":0,""magicResist"":52,""movementSpeed"":385,""omnivamp"":10,""physicalVam'"
2272,"b'p"":0,""power"":0,""powerMax"":0,""powerRegen"":0,""spellVamp"":0},""currentGold"":291,""damageStats"":{""magicDamageDone"":0,""magicDamageDoneT'"
2273,"b'oChampions"":0,""magicDamageTaken"":389,""physicalDamageDone"":70561,""physicalDamageDoneToChampions"":8562,""physicalDamageTaken"":7252,'"
2274,"b'""totalDamageDone"":71267,""totalDamageDoneToChampions"":9074,""totalDamageTaken"":8583,""trueDamageDone"":705,""trueDamageDoneToChampion'"
2275,"b's"":512,""trueDamageTaken"":942},""goldPerSecond"":0,""jungleMinionsKilled"":0,""level"":12,""minionsKilled"":140,""participantId"":6,""positi'"
2276,"b'on"":{""x"":12369,""y"":2635},""timeEnemySpentControlled"":87952,""totalGold"":6206,""xp"":8741},""7"":{""championStats"":{""abilityHaste"":0,""ab'"
2277,"b'ilityPower"":0,""armor"":95,""armorPen"":0,""armorPenPercent"":0,""attackDamage"":179,""attackSpeed"":185,""bonusArmorPenPercent"":0,""bonusMa'"
2278,"b'gicPenPercent"":0,""ccReduction"":19,""cooldownReduction"":0,""health"":1839,""healthMax"":1839,""healthRegen"":24,""lifesteal"":0,""magicPen""'"
2279,"b':0,""magicPenPercent"":0,""magicResist"":42,""movementSpeed"":488,""omnivamp"":0,""physicalVamp"":0,""power"":510,""powerMax"":510,""powerRegen'"
2280,"b'"":20,""spellVamp"":0},""currentGold"":115,""damageStats"":{""magicDamageDone"":2132,""magicDamageDoneToChampions"":621,""magicDamageTaken"":'"
2281,"b'3206,""physicalDamageDone"":83216,""physicalDamageDoneToChampions"":7465,""physicalDamageTaken"":12652,""totalDamageDone"":106960,""total'"
2282,"b'DamageDoneToChampions"":8187,""totalDamageTaken"":16322,""trueDamageDone"":21612,""trueDamageDoneToChampions"":100,""trueDamageTaken"":46'"
2283,"b'3},""goldPerSecond"":0,""jungleMinionsKilled"":78,""level"":9,""minionsKilled"":15,""participantId"":7,""position"":{""x"":11759,""y"":12843},""t'"
2284,"b'imeEnemySpentControlled"":278306,""totalGold"":6905,""xp"":6115},""8"":{""championStats"":{""abilityHaste"":0,""abilityPower"":268,""armor"":72'"
2285,"b',""armorPen"":0,""armorPenPercent"":0,""attackDamage"":87,""attackSpeed"":138,""bonusArmorPenPercent"":0,""bonusMagicPenPercent"":0,""ccReduc'"
2286,"b'tion"":0,""cooldownReduction"":0,""health"":0,""healthMax"":2342,""healthRegen"":33,""lifesteal"":0,""magicPen"":0,""magicPenPercent"":0,""magic'"
2287,"b'Resist"":62,""movementSpeed"":395,""omnivamp"":0,""physicalVamp"":0,""power"":1086,""powerMax"":1524,""powerRegen"":30,""spellVamp"":0},""curren'"
2288,"b'tGold"":225,""damageStats"":{""magicDamageDone"":66831,""magicDamageDoneToChampions"":12676,""magicDamageTaken"":7682,""physicalDamageDone'"
2289,"b'"":2649,""physicalDamageDoneToChampions"":454,""physicalDamageTaken"":9145,""totalDamageDone"":73737,""totalDamageDoneToChampions"":13495'"
2290,"b',""totalDamageTaken"":17060,""trueDamageDone"":4256,""trueDamageDoneToChampions"":365,""trueDamageTaken"":232},""goldPerSecond"":0,""jungle'"
2291,"b'MinionsKilled"":0,""level"":11,""minionsKilled"":134,""participantId"":8,""position"":{""x"":1384,""y"":12070},""timeEnemySpentControlled"":265'"
2292,"b'359,""totalGold"":8565,""xp"":8105},""9"":{""championStats"":{""abilityHaste"":0,""abilityPower"":0,""armor"":58,""armorPen"":0,""armorPenPercent'"
2293,"b'"":0,""attackDamage"":185,""attackSpeed"":212,""bonusArmorPenPercent"":0,""bonusMagicPenPercent"":0,""ccReduction"":0,""cooldownReduction"":0'"
2294,"b',""health"":972,""healthMax"":1451,""healthRegen"":15,""lifesteal"":0,""magicPen"":0,""magicPenPercent"":0,""magicResist"":38,""movementSpeed"":'"
2295,"b'380,""omnivamp"":2,""physicalVamp"":0,""power"":549,""powerMax"":553,""powerRegen"":22,""spellVamp"":0},""currentGold"":452,""damageStats"":{""ma'"
2296,"b'gicDamageDone"":20277,""magicDamageDoneToChampions"":2537,""magicDamageTaken"":2380,""physicalDamageDone"":30634,""physicalDamageDoneToC'"
2297,"b'hampions"":4459,""physicalDamageTaken"":6033,""totalDamageDone"":58437,""totalDamageDoneToChampions"":7043,""totalDamageTaken"":8715,""tru'"
2298,"b'eDamageDone"":7526,""trueDamageDoneToChampions"":46,""trueDamageTaken"":301},""goldPerSecond"":0,""jungleMinionsKilled"":0,""level"":9,""min'"
2299,"b'ionsKilled"":118,""participantId"":9,""position"":{""x"":7218,""y"":6968},""timeEnemySpentControlled"":13475,""totalGold"":7327,""xp"":5726},""1'"
2300,"b'0"":{""championStats"":{""abilityHaste"":0,""abilityPower"":44,""armor"":94,""armorPen"":0,""armorPenPercent"":0,""attackDamage"":82,""attackSpe'"
2301,"b'ed"":124,""bonusArmorPenPercent"":0,""bonusMagicPenPercent"":0,""ccReduction"":0,""cooldownReduction"":0,""health"":1735,""healthMax"":1735,""'"
2302,"b'healthRegen"":27,""lifesteal"":0,""magicPen"":0,""magicPenPercent"":0,""magicResist"":98,""movementSpeed"":360,""omnivamp"":0,""physicalVamp"":'"
2303,"b'0,""power"":603,""powerMax"":603,""powerRegen"":23,""spellVamp"":0},""currentGold"":281,""damageStats"":{""magicDamageDone"":5025,""magicDamage'"
2304,"b'DoneToChampions"":2359,""magicDamageTaken"":2416,""physicalDamageDone"":4255,""physicalDamageDoneToChampions"":1336,""physicalDamageTake'"
2305,"b'n"":4066,""totalDamageDone"":15250,""totalDamageDoneToChampions"":3979,""totalDamageTaken"":6568,""trueDamageDone"":5969,""trueDamageDoneT'"
2306,"b'oChampions"":284,""trueDamageTaken"":85},""goldPerSecond"":30,""jungleMinionsKilled"":0,""level"":8,""minionsKilled"":34,""participantId"":10'"
2307,"b',""position"":{""x"":6644,""y"":7337},""timeEnemySpentControlled"":35398,""totalGold"":4536,""xp"":4932}},""timestamp"":960306},{""events"":[{""k'"
2308,"b'illerId"":3,""timestamp"":964972,""type"":""WARD_KILL"",""wardType"":""SIGHT_WARD""},{""level"":11,""participantId"":2,""timestamp"":965804,""type'"
2309,"b'"":""LEVEL_UP""},{""assistingParticipantIds"":[1,5],""bounty"":0,""killerId"":2,""killerTeamId"":100,""monsterType"":""RIFTHERALD"",""position"":'"
2310,"b'{""x"":4956,""y"":9647},""timestamp"":965804,""type"":""ELITE_MONSTER_KILL""},{""levelUpType"":""NORMAL"",""participantId"":2,""skillSlot"":4,""tim'"
2311,"b'estamp"":966272,""type"":""SKILL_LEVEL_UP""},{""itemId"":3340,""participantId"":2,""timestamp"":967412,""type"":""ITEM_DESTROYED""},{""levelUpTy'"
2312,"b'pe"":""EVOLVE"",""participantId"":2,""skillSlot"":2,""timestamp"":967944,""type"":""SKILL_LEVEL_UP""},{""itemId"":3086,""participantId"":1,""times'"
2313,"b'tamp"":972539,""type"":""ITEM_PURCHASED""},{""killerId"":10,""timestamp"":973907,""type"":""WARD_KILL"",""wardType"":""SIGHT_WARD""},{""creatorId""'"
2314,"b':10,""timestamp"":973907,""type"":""WARD_PLACED"",""wardType"":""UNDEFINED""},{""itemId"":3123,""participantId"":1,""timestamp"":974241,""type"":""'"
2315,"b'ITEM_PURCHASED""},{""killerId"":5,""timestamp"":977707,""type"":""WARD_KILL"",""wardType"":""SIGHT_WARD""},{""level"":10,""participantId"":7,""tim'"
2316,"b'estamp"":978707,""type"":""LEVEL_UP""},{""itemId"":1026,""participantId"":3,""timestamp"":980302,""type"":""ITEM_DESTROYED""},{""itemId"":3145,""p'"
2317,"b'articipantId"":3,""timestamp"":980302,""type"":""ITEM_DESTROYED""},{""itemId"":1052,""participantId"":3,""timestamp"":980302,""type"":""ITEM_DES'"
2318,"b'TROYED""},{""itemId"":3152,""participantId"":3,""timestamp"":980302,""type"":""ITEM_PURCHASED""},{""levelUpType"":""NORMAL"",""participantId"":7,'"
2319,"b'""skillSlot"":3,""timestamp"":981039,""type"":""SKILL_LEVEL_UP""},{""killerId"":2,""timestamp"":981206,""type"":""WARD_KILL"",""wardType"":""BLUE_T'"
2320,"b'RINKET""},{""itemId"":2055,""participantId"":5,""timestamp"":981239,""type"":""ITEM_DESTROYED""},{""creatorId"":5,""timestamp"":981239,""type"":""'"
2321,"b'WARD_PLACED"",""wardType"":""CONTROL_WARD""},{""itemId"":2055,""participantId"":4,""timestamp"":981507,""type"":""ITEM_DESTROYED""},{""creatorId'"
2322,"b'"":4,""timestamp"":981507,""type"":""WARD_PLACED"",""wardType"":""CONTROL_WARD""},{""itemId"":3023,""participantId"":5,""timestamp"":987874,""type'"
2323,"b'"":""ITEM_DESTROYED""},{""itemId"":1033,""participantId"":5,""timestamp"":987874,""type"":""ITEM_DESTROYED""},{""itemId"":3001,""participantId"":'"
2324,"b'5,""timestamp"":987874,""type"":""ITEM_PURCHASED""},{""level"":9,""participantId"":10,""timestamp"":988777,""type"":""LEVEL_UP""},{""levelUpType""'"
2325,"b':""NORMAL"",""participantId"":10,""skillSlot"":2,""timestamp"":990046,""type"":""SKILL_LEVEL_UP""},{""creatorId"":10,""timestamp"":993412,""type""'"
2326,"b':""WARD_PLACED"",""wardType"":""SIGHT_WARD""},{""level"":12,""participantId"":8,""timestamp"":997910,""type"":""LEVEL_UP""},{""itemId"":1103,""part'"
2327,"b'icipantId"":2,""timestamp"":998075,""type"":""ITEM_DESTROYED""},{""levelUpType"":""NORMAL"",""participantId"":8,""skillSlot"":3,""timestamp"":100'"
2328,"b'0945,""type"":""SKILL_LEVEL_UP""},{""creatorId"":10,""timestamp"":1002182,""type"":""WARD_PLACED"",""wardType"":""SIGHT_WARD""},{""creatorId"":9,""'"
2329,"b'timestamp"":1005444,""type"":""WARD_PLACED"",""wardType"":""BLUE_TRINKET""},{""itemId"":1001,""participantId"":10,""timestamp"":1005976,""type"":'"
2330,"b'""ITEM_DESTROYED""},{""itemId"":1033,""participantId"":10,""timestamp"":1005976,""type"":""ITEM_DESTROYED""},{""itemId"":3111,""participantId"":'"
2331,"b'10,""timestamp"":1005976,""type"":""ITEM_PURCHASED""},{""itemId"":2055,""participantId"":10,""timestamp"":1006844,""type"":""ITEM_PURCHASED""},{'"
2332,"b'""itemId"":2055,""participantId"":10,""timestamp"":1007010,""type"":""ITEM_PURCHASED""},{""creatorId"":5,""timestamp"":1007010,""type"":""WARD_PL'"
2333,"b'ACED"",""wardType"":""SIGHT_WARD""},{""level"":12,""participantId"":1,""timestamp"":1009279,""type"":""LEVEL_UP""},{""levelUpType"":""NORMAL"",""par'"
2334,"b'ticipantId"":1,""skillSlot"":1,""timestamp"":1010151,""type"":""SKILL_LEVEL_UP""},{""level"":10,""participantId"":9,""timestamp"":1012822,""type'"
2335,"b'"":""LEVEL_UP""},{""levelUpType"":""NORMAL"",""participantId"":9,""skillSlot"":3,""timestamp"":1019389,""type"":""SKILL_LEVEL_UP""},{""level"":10,""'"
2336,"b'participantId"":3,""timestamp"":1020055,""type"":""LEVEL_UP""}],""participantFrames"":{""1"":{""championStats"":{""abilityHaste"":0,""abilityPow'"
2337,"b'er"":0,""armor"":114,""armorPen"":0,""armorPenPercent"":0,""attackDamage"":199,""attackSpeed"":205,""bonusArmorPenPercent"":0,""bonusMagicPenP'"
2338,"b'ercent"":0,""ccReduction"":0,""cooldownReduction"":0,""health"":2181,""healthMax"":2181,""healthRegen"":344,""lifesteal"":0,""magicPen"":0,""mag'"
2339,"b'icPenPercent"":0,""magicResist"":76,""movementSpeed"":430,""omnivamp"":0,""physicalVamp"":0,""power"":0,""powerMax"":0,""powerRegen"":0,""spellV'"
2340,"b'amp"":0},""currentGold"":487,""damageStats"":{""magicDamageDone"":243,""magicDamageDoneToChampions"":243,""magicDamageTaken"":917,""physical'"
2341,"b'DamageDone"":73546,""physicalDamageDoneToChampions"":6421,""physicalDamageTaken"":10236,""totalDamageDone"":87716,""totalDamageDoneToCha'"
2342,"b'mpions"":7996,""totalDamageTaken"":11797,""trueDamageDone"":13927,""trueDamageDoneToChampions"":1332,""trueDamageTaken"":644},""goldPerSec'"
2343,"b'ond"":0,""jungleMinionsKilled"":4,""level"":12,""minionsKilled"":135,""participantId"":1,""position"":{""x"":6960,""y"":3910},""timeEnemySpentCo'"
2344,"b'ntrolled"":61846,""totalGold"":7257,""xp"":8587},""2"":{""championStats"":{""abilityHaste"":0,""abilityPower"":0,""armor"":72,""armorPen"":0,""arm'"
2345,"b'orPenPercent"":0,""attackDamage"":147,""attackSpeed"":151,""bonusArmorPenPercent"":0,""bonusMagicPenPercent"":0,""ccReduction"":0,""cooldown'"
2346,"b'Reduction"":0,""health"":1794,""healthMax"":1900,""healthRegen"":28,""lifesteal"":0,""magicPen"":0,""magicPenPercent"":0,""magicResist"":49,""mo'"
2347,"b'vementSpeed"":405,""omnivamp"":8,""physicalVamp"":0,""power"":611,""powerMax"":678,""powerRegen"":161,""spellVamp"":0},""currentGold"":2165,""da'"
2348,"b'mageStats"":{""magicDamageDone"":540,""magicDamageDoneToChampions"":540,""magicDamageTaken"":6719,""physicalDamageDone"":77852,""physicalD'"
2349,"b'amageDoneToChampions"":5488,""physicalDamageTaken"":12054,""totalDamageDone"":107883,""totalDamageDoneToChampions"":6323,""totalDamageTa'"
2350,"b'ken"":18989,""trueDamageDone"":29489,""trueDamageDoneToChampions"":294,""trueDamageTaken"":215},""goldPerSecond"":0,""jungleMinionsKilled""'"
2351,"b':97,""level"":11,""minionsKilled"":25,""participantId"":2,""position"":{""x"":7012,""y"":4079},""timeEnemySpentControlled"":117123,""totalGold""'"
2352,"b':6566,""xp"":8148},""3"":{""championStats"":{""abilityHaste"":0,""abilityPower"":114,""armor"":61,""armorPen"":0,""armorPenPercent"":0,""attackDa'"
2353,"b'mage"":67,""attackSpeed"":137,""bonusArmorPenPercent"":0,""bonusMagicPenPercent"":0,""ccReduction"":0,""cooldownReduction"":0,""health"":1786'"
2354,"b',""healthMax"":1786,""healthRegen"":26,""lifesteal"":0,""magicPen"":24,""magicPenPercent"":0,""magicResist"":40,""movementSpeed"":385,""omnivam'"
2355,"b'p"":0,""physicalVamp"":0,""power"":749,""powerMax"":1052,""powerRegen"":24,""spellVamp"":0},""currentGold"":454,""damageStats"":{""magicDamageDo'"
2356,"b'ne"":53349,""magicDamageDoneToChampions"":9842,""magicDamageTaken"":7857,""physicalDamageDone"":7880,""physicalDamageDoneToChampions"":26'"
2357,"b'95,""physicalDamageTaken"":4817,""totalDamageDone"":73944,""totalDamageDoneToChampions"":12537,""totalDamageTaken"":12791,""trueDamageDon'"
2358,"b'e"":12715,""trueDamageDoneToChampions"":0,""trueDamageTaken"":115},""goldPerSecond"":0,""jungleMinionsKilled"":0,""level"":10,""minionsKille'"
2359,"b'd"":112,""participantId"":3,""position"":{""x"":1466,""y"":8216},""timeEnemySpentControlled"":125251,""totalGold"":5769,""xp"":6305},""4"":{""cham'"
2360,"b'pionStats"":{""abilityHaste"":0,""abilityPower"":0,""armor"":66,""armorPen"":0,""armorPenPercent"":0,""attackDamage"":202,""attackSpeed"":188,""'"
2361,"b'bonusArmorPenPercent"":0,""bonusMagicPenPercent"":0,""ccReduction"":0,""cooldownReduction"":0,""health"":1509,""healthMax"":1509,""healthReg'"
2362,"b'en"":15,""lifesteal"":3,""magicPen"":0,""magicPenPercent"":0,""magicResist"":40,""movementSpeed"":390,""omnivamp"":2,""physicalVamp"":0,""power""'"
2363,"b':774,""powerMax"":774,""powerRegen"":27,""spellVamp"":0},""currentGold"":382,""damageStats"":{""magicDamageDone"":5914,""magicDamageDoneToCha'"
2364,"b'mpions"":2798,""magicDamageTaken"":1196,""physicalDamageDone"":65048,""physicalDamageDoneToChampions"":6646,""physicalDamageTaken"":5834,'"
2365,"b'""totalDamageDone"":70962,""totalDamageDoneToChampions"":9444,""totalDamageTaken"":7053,""trueDamageDone"":0,""trueDamageDoneToChampions""'"
2366,"b':0,""trueDamageTaken"":22},""goldPerSecond"":0,""jungleMinionsKilled"":0,""level"":10,""minionsKilled"":141,""participantId"":4,""position"":{'"
2367,"b'""x"":4544,""y"":9270},""timeEnemySpentControlled"":0,""totalGold"":8347,""xp"":6730},""5"":{""championStats"":{""abilityHaste"":0,""abilityPower'"
2368,"b'"":10,""armor"":113,""armorPen"":0,""armorPenPercent"":0,""attackDamage"":72,""attackSpeed"":108,""bonusArmorPenPercent"":0,""bonusMagicPenPer'"
2369,"b'cent"":0,""ccReduction"":33,""cooldownReduction"":0,""health"":1510,""healthMax"":1510,""healthRegen"":43,""lifesteal"":0,""magicPen"":0,""magic'"
2370,"b'PenPercent"":0,""magicResist"":106,""movementSpeed"":403,""omnivamp"":0,""physicalVamp"":0,""power"":514,""powerMax"":609,""powerRegen"":16,""sp'"
2371,"b'ellVamp"":0},""currentGold"":101,""damageStats"":{""magicDamageDone"":3140,""magicDamageDoneToChampions"":1849,""magicDamageTaken"":4950,""p'"
2372,"b'hysicalDamageDone"":3771,""physicalDamageDoneToChampions"":1171,""physicalDamageTaken"":2808,""totalDamageDone"":18062,""totalDamageDone'"
2373,"b'ToChampions"":3418,""totalDamageTaken"":8068,""trueDamageDone"":11151,""trueDamageDoneToChampions"":397,""trueDamageTaken"":309},""goldPer'"
2374,"b'Second"":30,""jungleMinionsKilled"":0,""level"":8,""minionsKilled"":24,""participantId"":5,""position"":{""x"":3896,""y"":9743},""timeEnemySpent'"
2375,"b'Controlled"":118489,""totalGold"":4456,""xp"":4617},""6"":{""championStats"":{""abilityHaste"":0,""abilityPower"":0,""armor"":82,""armorPen"":0,""'"
2376,"b'armorPenPercent"":0,""attackDamage"":192,""attackSpeed"":141,""bonusArmorPenPercent"":0,""bonusMagicPenPercent"":0,""ccReduction"":18,""cool'"
2377,"b'downReduction"":0,""health"":1994,""healthMax"":1994,""healthRegen"":26,""lifesteal"":0,""magicPen"":0,""magicPenPercent"":0,""magicResist"":52'"
2378,"b',""movementSpeed"":385,""omnivamp"":10,""physicalVamp"":0,""power"":0,""powerMax"":0,""powerRegen"":0,""spellVamp"":0},""currentGold"":713,""dama'"
2379,"b'geStats"":{""magicDamageDone"":0,""magicDamageDoneToChampions"":0,""magicDamageTaken"":389,""physicalDamageDone"":79281,""physicalDamageDo'"
2380,"b'neToChampions"":8562,""physicalDamageTaken"":7288,""totalDamageDone"":79987,""totalDamageDoneToChampions"":9074,""totalDamageTaken"":8619'"
2381,"b',""trueDamageDone"":705,""trueDamageDoneToChampions"":512,""trueDamageTaken"":942},""goldPerSecond"":0,""jungleMinionsKilled"":0,""level"":1'"
2382,"b'2,""minionsKilled"":153,""participantId"":6,""position"":{""x"":11202,""y"":1596},""timeEnemySpentControlled"":94952,""totalGold"":6628,""xp"":9'"
2383,"b'389},""7"":{""championStats"":{""abilityHaste"":0,""abilityPower"":0,""armor"":100,""armorPen"":0,""armorPenPercent"":0,""attackDamage"":242,""at'"
2384,"b'tackSpeed"":188,""bonusArmorPenPercent"":0,""bonusMagicPenPercent"":0,""ccReduction"":19,""cooldownReduction"":0,""health"":1847,""healthMax'"
2385,"b'"":1948,""healthRegen"":142,""lifesteal"":0,""magicPen"":0,""magicPenPercent"":0,""magicResist"":43,""movementSpeed"":506,""omnivamp"":0,""physi'"
2386,"b'calVamp"":0,""power"":268,""powerMax"":545,""powerRegen"":112,""spellVamp"":0},""currentGold"":527,""damageStats"":{""magicDamageDone"":2597,""m'"
2387,"b'agicDamageDoneToChampions"":621,""magicDamageTaken"":3206,""physicalDamageDone"":97401,""physicalDamageDoneToChampions"":7465,""physical'"
2388,"b'DamageTaken"":13613,""totalDamageDone"":123630,""totalDamageDoneToChampions"":8187,""totalDamageTaken"":17283,""trueDamageDone"":23632,""t'"
2389,"b'rueDamageDoneToChampions"":100,""trueDamageTaken"":463},""goldPerSecond"":0,""jungleMinionsKilled"":89,""level"":10,""minionsKilled"":15,""p'"
2390,"b'articipantId"":7,""position"":{""x"":11307,""y"":6427},""timeEnemySpentControlled"":317564,""totalGold"":7317,""xp"":7014},""8"":{""championStat'"
2391,"b's"":{""abilityHaste"":0,""abilityPower"":268,""armor"":78,""armorPen"":0,""armorPenPercent"":0,""attackDamage"":90,""attackSpeed"":141,""bonusAr'"
2392,"b'morPenPercent"":0,""bonusMagicPenPercent"":0,""ccReduction"":0,""cooldownReduction"":0,""health"":2258,""healthMax"":2494,""healthRegen"":35,'"
2393,"b'""lifesteal"":0,""magicPen"":0,""magicPenPercent"":0,""magicResist"":65,""movementSpeed"":395,""omnivamp"":0,""physicalVamp"":0,""power"":1379,""'"
2394,"b'powerMax"":1599,""powerRegen"":31,""spellVamp"":0},""currentGold"":699,""damageStats"":{""magicDamageDone"":76392,""magicDamageDoneToChampio'"
2395,"b'ns"":12676,""magicDamageTaken"":8069,""physicalDamageDone"":2649,""physicalDamageDoneToChampions"":454,""physicalDamageTaken"":9411,""tota'"
2396,"b'lDamageDone"":83300,""totalDamageDoneToChampions"":13495,""totalDamageTaken"":17712,""trueDamageDone"":4258,""trueDamageDoneToChampions""'"
2397,"b':365,""trueDamageTaken"":232},""goldPerSecond"":0,""jungleMinionsKilled"":0,""level"":12,""minionsKilled"":150,""participantId"":8,""position'"
2398,"b'"":{""x"":3858,""y"":10371},""timeEnemySpentControlled"":277328,""totalGold"":9039,""xp"":8713},""9"":{""championStats"":{""abilityHaste"":0,""abi'"
2399,"b'lityPower"":0,""armor"":62,""armorPen"":0,""armorPenPercent"":0,""attackDamage"":186,""attackSpeed"":215,""bonusArmorPenPercent"":0,""bonusMag'"
2400,"b'icPenPercent"":0,""ccReduction"":0,""cooldownReduction"":0,""health"":1477,""healthMax"":1561,""healthRegen"":17,""lifesteal"":0,""magicPen"":0'"
2401,"b',""magicPenPercent"":0,""magicResist"":40,""movementSpeed"":380,""omnivamp"":2,""physicalVamp"":0,""power"":475,""powerMax"":598,""powerRegen"":'"
2402,"b'24,""spellVamp"":0},""currentGold"":906,""damageStats"":{""magicDamageDone"":23761,""magicDamageDoneToChampions"":2537,""magicDamageTaken"":'"
2403,"b'2809,""physicalDamageDone"":37127,""physicalDamageDoneToChampions"":4459,""physicalDamageTaken"":6033,""totalDamageDone"":68415,""totalDa'"
2404,"b'mageDoneToChampions"":7043,""totalDamageTaken"":9144,""trueDamageDone"":7526,""trueDamageDoneToChampions"":46,""trueDamageTaken"":301},""g'"
2405,"b'oldPerSecond"":0,""jungleMinionsKilled"":5,""level"":10,""minionsKilled"":126,""participantId"":9,""position"":{""x"":9539,""y"":6528},""timeEne'"
2406,"b'mySpentControlled"":13475,""totalGold"":7781,""xp"":6204},""10"":{""championStats"":{""abilityHaste"":0,""abilityPower"":46,""armor"":99,""armor'"
2407,"b'Pen"":0,""armorPenPercent"":0,""attackDamage"":85,""attackSpeed"":127,""bonusArmorPenPercent"":0,""bonusMagicPenPercent"":0,""ccReduction"":3'"
2408,"b'0,""cooldownReduction"":0,""health"":1837,""healthMax"":1837,""healthRegen"":29,""lifesteal"":0,""magicPen"":0,""magicPenPercent"":0,""magicRes'"
2409,"b'ist"":100,""movementSpeed"":380,""omnivamp"":0,""physicalVamp"":0,""power"":591,""powerMax"":652,""powerRegen"":24,""spellVamp"":0},""currentGol'"
2410,"b'd"":36,""damageStats"":{""magicDamageDone"":5332,""magicDamageDoneToChampions"":2409,""magicDamageTaken"":2416,""physicalDamageDone"":4679,'"
2411,"b'""physicalDamageDoneToChampions"":1336,""physicalDamageTaken"":4066,""totalDamageDone"":16849,""totalDamageDoneToChampions"":4029,""total'"
2412,"b'DamageTaken"":6568,""trueDamageDone"":6837,""trueDamageDoneToChampions"":284,""trueDamageTaken"":85},""goldPerSecond"":30,""jungleMinionsK'"
2413,"b'illed"":0,""level"":9,""minionsKilled"":36,""participantId"":10,""position"":{""x"":8957,""y"":10943},""timeEnemySpentControlled"":36631,""total'"
2414,"b'Gold"":4796,""xp"":5197}},""timestamp"":1020313},{""events"":[{""levelUpType"":""NORMAL"",""participantId"":3,""skillSlot"":3,""timestamp"":10207'"
2415,"b'78,""type"":""SKILL_LEVEL_UP""},{""itemId"":1102,""participantId"":7,""timestamp"":1022609,""type"":""ITEM_DESTROYED""},{""creatorId"":6,""timest'"
2416,"b'amp"":1025439,""type"":""WARD_PLACED"",""wardType"":""BLUE_TRINKET""},{""itemId"":3133,""participantId"":2,""timestamp"":1026902,""type"":""ITEM_P'"
2417,"b'URCHASED""},{""itemId"":3067,""participantId"":2,""timestamp"":1027102,""type"":""ITEM_PURCHASED""},{""itemId"":1036,""participantId"":2,""times'"
2418,"b'tamp"":1027633,""type"":""ITEM_PURCHASED""},{""killerId"":8,""timestamp"":1028200,""type"":""WARD_KILL"",""wardType"":""CONTROL_WARD""},{""killerI'"
2419,"b'd"":10,""timestamp"":1031527,""type"":""WARD_KILL"",""wardType"":""SIGHT_WARD""},{""creatorId"":10,""timestamp"":1031527,""type"":""WARD_PLACED"",""'"
2420,"b'wardType"":""UNDEFINED""},{""creatorId"":3,""timestamp"":1031993,""type"":""WARD_PLACED"",""wardType"":""YELLOW_TRINKET""},{""level"":11,""partici'"
2421,"b'pantId"":7,""timestamp"":1033827,""type"":""LEVEL_UP""},{""levelUpType"":""NORMAL"",""participantId"":7,""skillSlot"":4,""timestamp"":1035026,""ty'"
2422,"b'pe"":""SKILL_LEVEL_UP""},{""killerId"":10,""timestamp"":1036289,""type"":""WARD_KILL"",""wardType"":""YELLOW_TRINKET""},{""creatorId"":10,""timest'"
2423,"b'amp"":1036289,""type"":""WARD_PLACED"",""wardType"":""UNDEFINED""},{""itemId"":2055,""participantId"":10,""timestamp"":1037056,""type"":""ITEM_DES'"
2424,"b'TROYED""},{""creatorId"":10,""timestamp"":1037056,""type"":""WARD_PLACED"",""wardType"":""CONTROL_WARD""},{""killerId"":10,""timestamp"":1043763,'"
2425,"b'""type"":""WARD_KILL"",""wardType"":""SIGHT_WARD""},{""creatorId"":10,""timestamp"":1043763,""type"":""WARD_PLACED"",""wardType"":""UNDEFINED""},{""a'"
2426,"b'ssistingParticipantIds"":[1],""bounty"":300,""killStreakLength"":1,""killerId"":2,""position"":{""x"":9914,""y"":1185},""shutdownBounty"":0,""ti'"
2427,"b'mestamp"":1048207,""type"":""CHAMPION_KILL"",""victimDamageDealt"":[{""basic"":false,""magicDamage"":0,""name"":""Riven"",""participantId"":1,""ph'"
2428,"b'ysicalDamage"":215,""spellName"":""rivenizunablade"",""spellSlot"":3,""trueDamage"":0,""type"":""OTHER""},{""basic"":false,""magicDamage"":0,""nam'"
2429,"b'e"":""Riven"",""participantId"":1,""physicalDamage"":52,""spellName"":""6630active"",""spellSlot"":7,""trueDamage"":0,""type"":""OTHER""},{""basic"":'"
2430,"b'false,""magicDamage"":0,""name"":""Riven"",""participantId"":1,""physicalDamage"":139,""spellName"":""rivenpassive"",""spellSlot"":63,""trueDamag'"
2431,"b'e"":0,""type"":""OTHER""},{""basic"":false,""magicDamage"":0,""name"":""Riven"",""participantId"":1,""physicalDamage"":193,""spellName"":""riventric'"
2432,"b'leave"",""spellSlot"":0,""trueDamage"":0,""type"":""OTHER""},{""basic"":false,""magicDamage"":0,""name"":""Riven"",""participantId"":1,""physicalDam'"
2433,"b'age"":0,""spellName"":""summonerdot"",""spellSlot"":5,""trueDamage"":232,""type"":""OTHER""},{""basic"":true,""magicDamage"":0,""name"":""Riven"",""pa'"
2434,"b'rticipantId"":1,""physicalDamage"":201,""spellName"":""rivenbasicattack"",""spellSlot"":64,""trueDamage"":0,""type"":""OTHER""},{""basic"":false,'"
2435,"b'""magicDamage"":0,""name"":""Riven"",""participantId"":1,""physicalDamage"":73,""spellName"":""rivenmartyr"",""spellSlot"":1,""trueDamage"":0,""typ'"
2436,"b'e"":""OTHER""},{""basic"":true,""magicDamage"":0,""name"":""Riven"",""participantId"":1,""physicalDamage"":79,""spellName"":""rivenbasicattack2"",""'"
2437,"b'spellSlot"":65,""trueDamage"":0,""type"":""OTHER""}],""victimDamageReceived"":[{""basic"":true,""magicDamage"":0,""name"":""Garen"",""participantI'"
2438,"b'd"":1,""physicalDamage"":191,""spellName"":""garencritattack"",""spellSlot"":73,""trueDamage"":0,""type"":""OTHER""},{""basic"":true,""magicDamage'"
2439,"b'"":0,""name"":""Garen"",""participantId"":1,""physicalDamage"":218,""spellName"":""garenbasicattack"",""spellSlot"":64,""trueDamage"":0,""type"":""O'"
2440,"b'THER""},{""basic"":false,""magicDamage"":50,""name"":""Garen"",""participantId"":1,""physicalDamage"":0,""spellName"":"""",""spellSlot"":-1,""trueDa'"
2441,"b'mage"":0,""type"":""OTHER""},{""basic"":false,""magicDamage"":0,""name"":""Garen"",""participantId"":1,""physicalDamage"":31,""spellName"":""garenq""'"
2442,"b',""spellSlot"":0,""trueDamage"":0,""type"":""OTHER""},{""basic"":false,""magicDamage"":0,""name"":""Garen"",""participantId"":1,""physicalDamage"":3'"
2443,"b'65,""spellName"":""garene"",""spellSlot"":2,""trueDamage"":0,""type"":""OTHER""},{""basic"":false,""magicDamage"":0,""name"":""Garen"",""participantI'"
2444,"b'd"":1,""physicalDamage"":108,""spellName"":""6631active"",""spellSlot"":6,""trueDamage"":0,""type"":""OTHER""},{""basic"":false,""magicDamage"":0,""'"
2445,"b'name"":""Garen"",""participantId"":1,""physicalDamage"":0,""spellName"":""garenr"",""spellSlot"":3,""trueDamage"":334,""type"":""OTHER""},{""basic"":'"
2446,"b'true,""magicDamage"":0,""name"":""Garen"",""participantId"":1,""physicalDamage"":109,""spellName"":""garenbasicattack2"",""spellSlot"":65,""trueD'"
2447,"b'amage"":0,""type"":""OTHER""},{""basic"":false,""magicDamage"":0,""name"":""Garen"",""participantId"":2,""physicalDamage"":131,""spellName"":""khazi'"
2448,"b'xwlong"",""spellSlot"":1,""trueDamage"":0,""type"":""OTHER""},{""basic"":false,""magicDamage"":0,""name"":""Garen"",""participantId"":2,""physicalDa'"
2449,"b'mage"":0,""spellName"":""burning"",""spellSlot"":-1,""trueDamage"":60,""type"":""OTHER""},{""basic"":false,""magicDamage"":0,""name"":""Garen"",""part'"
2450,"b'icipantId"":2,""physicalDamage"":83,""spellName"":""6630active"",""spellSlot"":7,""trueDamage"":0,""type"":""OTHER""},{""basic"":false,""magicDama'"
2451,"b'ge"":156,""name"":""Garen"",""participantId"":2,""physicalDamage"":0,""spellName"":""khazixpassive"",""spellSlot"":63,""trueDamage"":0,""type"":""OT'"
2452,"b'HER""},{""basic"":false,""magicDamage"":0,""name"":""Garen"",""participantId"":2,""physicalDamage"":0,""spellName"":""summonersmiteavatardefensi'"
2453,"b've"",""spellSlot"":5,""trueDamage"":102,""type"":""OTHER""},{""basic"":false,""magicDamage"":0,""name"":""Garen"",""participantId"":2,""physicalDama'"
2454,"b'ge"":158,""spellName"":""khazixq"",""spellSlot"":0,""trueDamage"":0,""type"":""OTHER""},{""basic"":true,""magicDamage"":0,""name"":""Garen"",""partici'"
2455,"b'pantId"":2,""physicalDamage"":107,""spellName"":""khazixbasicattack2"",""spellSlot"":65,""trueDamage"":0,""type"":""OTHER""}],""victimId"":6},{""l'"
2456,"b'evel"":12,""participantId"":2,""timestamp"":1048207,""type"":""LEVEL_UP""},{""levelUpType"":""NORMAL"",""participantId"":2,""skillSlot"":2,""times'"
2457,"b'tamp"":1048843,""type"":""SKILL_LEVEL_UP""},{""killerId"":10,""timestamp"":1049211,""type"":""WARD_KILL"",""wardType"":""CONTROL_WARD""},{""creato'"
2458,"b'rId"":10,""timestamp"":1049211,""type"":""WARD_PLACED"",""wardType"":""UNDEFINED""},{""assistingParticipantIds"":[6],""bounty"":300,""killStreak'"
2459,"b'Length"":0,""killerId"":7,""position"":{""x"":10431,""y"":1400},""shutdownBounty"":0,""timestamp"":1049677,""type"":""CHAMPION_KILL"",""victimDama'"
2460,"b'geDealt"":[{""basic"":false,""magicDamage"":0,""name"":""Garen"",""participantId"":7,""physicalDamage"":246,""spellName"":""garene"",""spellSlot"":'"
2461,"b'2,""trueDamage"":0,""type"":""OTHER""}],""victimDamageReceived"":[{""basic"":true,""magicDamage"":0,""name"":""SRU_ChaosMinionMelee"",""participa'"
2462,"b'ntId"":0,""physicalDamage"":13,""spellName"":""sru_chaosminionrangedbasicattack"",""spellSlot"":64,""trueDamage"":0,""type"":""MINION""},{""basi'"
2463,"b'c"":true,""magicDamage"":0,""name"":""SRU_ChaosMinionMelee"",""participantId"":0,""physicalDamage"":29,""spellName"":""sru_chaosminionmeleebas'"
2464,"b'icattack"",""spellSlot"":64,""trueDamage"":0,""type"":""MINION""},{""basic"":true,""magicDamage"":0,""name"":""SRU_ChaosMinionMelee"",""participan'"
2465,"b'tId"":0,""physicalDamage"":26,""spellName"":""sru_chaosminionrangedbasicattack2"",""spellSlot"":65,""trueDamage"":0,""type"":""MINION""},{""basi'"
2466,"b'c"":false,""magicDamage"":0,""name"":""Riven"",""participantId"":6,""physicalDamage"":215,""spellName"":""rivenizunablade"",""spellSlot"":3,""true'"
2467,"b'Damage"":0,""type"":""OTHER""},{""basic"":false,""magicDamage"":0,""name"":""Riven"",""participantId"":6,""physicalDamage"":52,""spellName"":""6630a'"
2468,"b'ctive"",""spellSlot"":7,""trueDamage"":0,""type"":""OTHER""},{""basic"":false,""magicDamage"":0,""name"":""Riven"",""participantId"":6,""physicalDam'"
2469,"b'age"":139,""spellName"":""rivenpassive"",""spellSlot"":63,""trueDamage"":0,""type"":""OTHER""},{""basic"":false,""magicDamage"":0,""name"":""Riven"",'"
2470,"b'""participantId"":6,""physicalDamage"":193,""spellName"":""riventricleave"",""spellSlot"":0,""trueDamage"":0,""type"":""OTHER""},{""basic"":false,'"
2471,"b'""magicDamage"":0,""name"":""Riven"",""participantId"":6,""physicalDamage"":0,""spellName"":""summonerdot"",""spellSlot"":5,""trueDamage"":290,""ty'"
2472,"b'pe"":""OTHER""},{""basic"":true,""magicDamage"":0,""name"":""Riven"",""participantId"":6,""physicalDamage"":201,""spellName"":""rivenbasicattack"",'"
2473,"b'""spellSlot"":64,""trueDamage"":0,""type"":""OTHER""},{""basic"":false,""magicDamage"":0,""name"":""Riven"",""participantId"":6,""physicalDamage"":7'"
2474,"b'3,""spellName"":""rivenmartyr"",""spellSlot"":1,""trueDamage"":0,""type"":""OTHER""},{""basic"":true,""magicDamage"":0,""name"":""Riven"",""participa'"
2475,"b'ntId"":6,""physicalDamage"":79,""spellName"":""rivenbasicattack2"",""spellSlot"":65,""trueDamage"":0,""type"":""OTHER""},{""basic"":false,""magicD'"
2476,"b'amage"":58,""name"":""Nocturne"",""participantId"":7,""physicalDamage"":0,""spellName"":""nocturneunspeakablehorror"",""spellSlot"":2,""trueDama'"
2477,"b'ge"":0,""type"":""OTHER""},{""basic"":true,""magicDamage"":0,""name"":""Nocturne"",""participantId"":7,""physicalDamage"":199,""spellName"":""noctur'"
2478,"b'nebasicattack2"",""spellSlot"":65,""trueDamage"":0,""type"":""OTHER""},{""basic"":false,""magicDamage"":0,""name"":""Nocturne"",""participantId"":7'"
2479,"b',""physicalDamage"":105,""spellName"":""nocturneduskbringer"",""spellSlot"":0,""trueDamage"":0,""type"":""OTHER""},{""basic"":false,""magicDamage'"
2480,"b'"":0,""name"":""Nocturne"",""participantId"":7,""physicalDamage"":72,""spellName"":""nocturneparanoia2"",""spellSlot"":3,""trueDamage"":0,""type"":'"
2481,"b'""OTHER""},{""basic"":false,""magicDamage"":0,""name"":""Nocturne"",""participantId"":7,""physicalDamage"":47,""spellName"":""6631active"",""spellS'"
2482,"b'lot"":7,""trueDamage"":0,""type"":""OTHER""},{""basic"":false,""magicDamage"":0,""name"":""Nocturne"",""participantId"":7,""physicalDamage"":0,""spe'"
2483,"b'llName"":""burning"",""spellSlot"":-1,""trueDamage"":40,""type"":""OTHER""},{""basic"":false,""magicDamage"":0,""name"":""Nocturne"",""participantId'"
2484,"b'"":7,""physicalDamage"":215,""spellName"":""nocturnep"",""spellSlot"":63,""trueDamage"":0,""type"":""OTHER""},{""basic"":true,""magicDamage"":0,""na'"
2485,"b'me"":""Nocturne"",""participantId"":7,""physicalDamage"":241,""spellName"":""nocturnebasicattack"",""spellSlot"":64,""trueDamage"":0,""type"":""OT'"
2486,"b'HER""},{""basic"":false,""magicDamage"":0,""name"":""Nocturne"",""participantId"":7,""physicalDamage"":0,""spellName"":""summonersmiteavatarutil'"
2487,"b'ity"",""spellSlot"":4,""trueDamage"":102,""type"":""OTHER""}],""victimId"":1},{""level"":13,""participantId"":6,""timestamp"":1049677,""type"":""LEV'"
2488,"b'EL_UP""},{""itemId"":2055,""participantId"":7,""timestamp"":1051779,""type"":""ITEM_DESTROYED""},{""creatorId"":7,""timestamp"":1051779,""type"":'"
2489,"b'""WARD_PLACED"",""wardType"":""CONTROL_WARD""},{""assistingParticipantIds"":[1],""bounty"":300,""killStreakLength"":2,""killerId"":2,""position'"
2490,"b'"":{""x"":9282,""y"":2280},""shutdownBounty"":0,""timestamp"":1055608,""type"":""CHAMPION_KILL"",""victimDamageDealt"":[{""basic"":false,""magicDa'"
2491,"b'mage"":0,""name"":""Nocturne"",""participantId"":2,""physicalDamage"":125,""spellName"":""nocturnep"",""spellSlot"":63,""trueDamage"":0,""type"":""O'"
2492,"b'THER""},{""basic"":false,""magicDamage"":0,""name"":""Nocturne"",""participantId"":2,""physicalDamage"":0,""spellName"":""burning"",""spellSlot"":-'"
2493,"b'1,""trueDamage"":53,""type"":""OTHER""},{""basic"":false,""magicDamage"":55,""name"":""Nocturne"",""participantId"":2,""physicalDamage"":0,""spellN'"
2494,"b'ame"":""nocturneunspeakablehorror"",""spellSlot"":2,""trueDamage"":0,""type"":""OTHER""},{""basic"":false,""magicDamage"":0,""name"":""Nocturne"",""'"
2495,"b'participantId"":2,""physicalDamage"":186,""spellName"":""nocturneduskbringer"",""spellSlot"":0,""trueDamage"":0,""type"":""OTHER""},{""basic"":tr'"
2496,"b'ue,""magicDamage"":0,""name"":""Nocturne"",""participantId"":2,""physicalDamage"":219,""spellName"":""nocturnebasicattack2"",""spellSlot"":65,""t'"
2497,"b'rueDamage"":0,""type"":""OTHER""}],""victimDamageReceived"":[{""basic"":false,""magicDamage"":0,""name"":""Garen"",""participantId"":1,""physicalD'"
2498,"b'amage"":246,""spellName"":""garene"",""spellSlot"":2,""trueDamage"":0,""type"":""OTHER""},{""basic"":false,""magicDamage"":0,""name"":""Khazix"",""par'"
2499,"b'ticipantId"":2,""physicalDamage"":0,""spellName"":""burning"",""spellSlot"":-1,""trueDamage"":90,""type"":""OTHER""},{""basic"":false,""magicDamag'"
2500,"b'e"":0,""name"":""Khazix"",""participantId"":2,""physicalDamage"":119,""spellName"":""khazixwlong"",""spellSlot"":1,""trueDamage"":0,""type"":""OTHER'"
2501,"b'""},{""basic"":false,""magicDamage"":0,""name"":""Khazix"",""participantId"":2,""physicalDamage"":43,""spellName"":""khazixe"",""spellSlot"":2,""tru'"
2502,"b'eDamage"":0,""type"":""OTHER""},{""basic"":false,""magicDamage"":88,""name"":""Khazix"",""participantId"":2,""physicalDamage"":0,""spellName"":""kha'"
2503,"b'zixpassive"",""spellSlot"":63,""trueDamage"":0,""type"":""OTHER""},{""basic"":false,""magicDamage"":0,""name"":""Khazix"",""participantId"":2,""phys'"
2504,"b'icalDamage"":74,""spellName"":""6630active"",""spellSlot"":7,""trueDamage"":0,""type"":""OTHER""},{""basic"":true,""magicDamage"":0,""name"":""Khazi'"
2505,"b'x"",""participantId"":2,""physicalDamage"":452,""spellName"":""khazixbasicattack"",""spellSlot"":64,""trueDamage"":0,""type"":""OTHER""},{""basic""'"
2506,"b':false,""magicDamage"":0,""name"":""Khazix"",""participantId"":2,""physicalDamage"":946,""spellName"":""khazixq"",""spellSlot"":0,""trueDamage"":0'"
2507,"b',""type"":""OTHER""},{""basic"":true,""magicDamage"":0,""name"":""SRU_OrderMinionMelee"",""participantId"":0,""physicalDamage"":48,""spellName"":""'"
2508,"b'sru_orderminionsiegebasicattack"",""spellSlot"":64,""trueDamage"":0,""type"":""MINION""},{""basic"":true,""magicDamage"":0,""name"":""SRU_OrderM'"
2509,"b'inionMelee"",""participantId"":0,""physicalDamage"":61,""spellName"":""sru_orderminionrangedbasicattack"",""spellSlot"":64,""trueDamage"":0,""'"
2510,"b'type"":""MINION""},{""basic"":true,""magicDamage"":0,""name"":""SRU_OrderMinionMelee"",""participantId"":0,""physicalDamage"":68,""spellName"":""s'"
2511,"b'ru_orderminionmeleebasicattack"",""spellSlot"":64,""trueDamage"":0,""type"":""MINION""},{""basic"":true,""magicDamage"":0,""name"":""SRU_OrderMi'"
2512,"b'nionMelee"",""participantId"":0,""physicalDamage"":48,""spellName"":""sru_orderminionrangedbasicattack2"",""spellSlot"":65,""trueDamage"":0,""'"
2513,"b'type"":""MINION""}],""victimId"":7},{""killType"":""KILL_MULTI"",""killerId"":2,""multiKillLength"":2,""position"":{""x"":9382,""y"":2166},""timesta'"
2514,"b'mp"":1055608,""type"":""CHAMPION_SPECIAL_KILL""},{""levelUpType"":""NORMAL"",""participantId"":6,""skillSlot"":3,""timestamp"":1057813,""type"":""'"
2515,"b'SKILL_LEVEL_UP""},{""killerId"":5,""timestamp"":1058179,""type"":""WARD_KILL"",""wardType"":""BLUE_TRINKET""},{""itemId"":2031,""participantId"":'"
2516,"b'1,""timestamp"":1058880,""type"":""ITEM_SOLD""},{""creatorId"":5,""timestamp"":1058946,""type"":""WARD_PLACED"",""wardType"":""SIGHT_WARD""},{""kil'"
2517,"b'lerId"":2,""timestamp"":1059479,""type"":""WARD_KILL"",""wardType"":""CONTROL_WARD""},{""creatorId"":10,""timestamp"":1059614,""type"":""WARD_PLAC'"
2518,"b'ED"",""wardType"":""SIGHT_WARD""},{""itemId"":1028,""participantId"":7,""timestamp"":1059949,""type"":""ITEM_DESTROYED""},{""itemId"":3067,""parti'"
2519,"b'cipantId"":7,""timestamp"":1059949,""type"":""ITEM_PURCHASED""},{""itemId"":1036,""participantId"":7,""timestamp"":1060116,""type"":""ITEM_PURCH'"
2520,"b'ASED""},{""itemId"":1037,""participantId"":1,""timestamp"":1062058,""type"":""ITEM_PURCHASED""},{""bounty"":219,""killStreakLength"":0,""killerI'"
2521,"b'd"":8,""position"":{""x"":1058,""y"":6870},""shutdownBounty"":0,""timestamp"":1063430,""type"":""CHAMPION_KILL"",""victimDamageReceived"":[{""basi'"
2522,"b'c"":true,""magicDamage"":0,""name"":""SRU_ChaosMinionRanged"",""participantId"":0,""physicalDamage"":17,""spellName"":""sru_chaosminionrangedb'"
2523,"b'asicattack"",""spellSlot"":64,""trueDamage"":0,""type"":""MINION""},{""basic"":false,""magicDamage"":224,""name"":""Sylas"",""participantId"":8,""ph'"
2524,"b'ysicalDamage"":0,""spellName"":"""",""spellSlot"":-1,""trueDamage"":0,""type"":""OTHER""},{""basic"":false,""magicDamage"":479,""name"":""Sylas"",""pa'"
2525,"b'rticipantId"":8,""physicalDamage"":0,""spellName"":""neekor"",""spellSlot"":3,""trueDamage"":0,""type"":""OTHER""},{""basic"":false,""magicDamage""'"
2526,"b':284,""name"":""Sylas"",""participantId"":8,""physicalDamage"":0,""spellName"":""sylase2"",""spellSlot"":2,""trueDamage"":110,""type"":""OTHER""},{""'"
2527,"b'basic"":false,""magicDamage"":263,""name"":""Sylas"",""participantId"":8,""physicalDamage"":0,""spellName"":""sylaspassive"",""spellSlot"":63,""tr'"
2528,"b'ueDamage"":0,""type"":""OTHER""},{""basic"":false,""magicDamage"":133,""name"":""Sylas"",""participantId"":8,""physicalDamage"":0,""spellName"":""sy'"
2529,"b'lasq"",""spellSlot"":0,""trueDamage"":0,""type"":""OTHER""},{""basic"":false,""magicDamage"":322,""name"":""Sylas"",""participantId"":8,""physicalDa'"
2530,"b'mage"":0,""spellName"":""sylasw"",""spellSlot"":1,""trueDamage"":0,""type"":""OTHER""}],""victimId"":3},{""afterId"":0,""beforeId"":1037,""goldGain""'"
2531,"b':875,""participantId"":1,""timestamp"":1064297,""type"":""ITEM_UNDO""},{""afterId"":2031,""beforeId"":0,""goldGain"":-60,""participantId"":1,""ti'"
2532,"b'mestamp"":1064431,""type"":""ITEM_UNDO""},{""itemId"":1037,""participantId"":1,""timestamp"":1065297,""type"":""ITEM_PURCHASED""},{""creatorId"":'"
2533,"b'5,""timestamp"":1067030,""type"":""WARD_PLACED"",""wardType"":""SIGHT_WARD""},{""itemId"":1038,""participantId"":9,""timestamp"":1071003,""type"":'"
2534,"b'""ITEM_DESTROYED""},{""itemId"":1037,""participantId"":9,""timestamp"":1071003,""type"":""ITEM_DESTROYED""},{""itemId"":3031,""participantId"":9'"
2535,"b',""timestamp"":1071003,""type"":""ITEM_PURCHASED""},{""itemId"":3067,""participantId"":6,""timestamp"":1071736,""type"":""ITEM_PURCHASED""},{""it'"
2536,"b'emId"":1052,""participantId"":3,""timestamp"":1076670,""type"":""ITEM_PURCHASED""},{""itemId"":3363,""participantId"":1,""timestamp"":1077467,""'"
2537,"b'type"":""ITEM_DESTROYED""},{""itemId"":3364,""participantId"":1,""timestamp"":1077467,""type"":""ITEM_PURCHASED""},{""level"":11,""participantId'"
2538,"b'"":4,""timestamp"":1077898,""type"":""LEVEL_UP""},{""levelUpType"":""NORMAL"",""participantId"":4,""skillSlot"":4,""timestamp"":1078796,""type"":""S'"
2539,"b'KILL_LEVEL_UP""},{""level"":9,""participantId"":5,""timestamp"":1078796,""type"":""LEVEL_UP""},{""levelUpType"":""NORMAL"",""participantId"":5,""s'"
2540,"b'killSlot"":3,""timestamp"":1079663,""type"":""SKILL_LEVEL_UP""}],""participantFrames"":{""1"":{""championStats"":{""abilityHaste"":0,""abilityPo'"
2541,"b'wer"":0,""armor"":118,""armorPen"":0,""armorPenPercent"":0,""attackDamage"":224,""attackSpeed"":205,""bonusArmorPenPercent"":0,""bonusMagicPen'"
2542,"b'Percent"":0,""ccReduction"":0,""cooldownReduction"":0,""health"":0,""healthMax"":2202,""healthRegen"":347,""lifesteal"":0,""magicPen"":0,""magic'"
2543,"b'PenPercent"":0,""magicResist"":80,""movementSpeed"":411,""omnivamp"":0,""physicalVamp"":0,""power"":0,""powerMax"":0,""powerRegen"":0,""spellVam'"
2544,"b'p"":0},""currentGold"":144,""damageStats"":{""magicDamageDone"":293,""magicDamageDoneToChampions"":293,""magicDamageTaken"":975,""physicalDa'"
2545,"b'mageDone"":78807,""physicalDamageDoneToChampions"":7692,""physicalDamageTaken"":12143,""totalDamageDone"":93423,""totalDamageDoneToChamp'"
2546,"b'ions"":9698,""totalDamageTaken"":14195,""trueDamageDone"":14322,""trueDamageDoneToChampions"":1712,""trueDamageTaken"":1076},""goldPerSeco'"
2547,"b'nd"":0,""jungleMinionsKilled"":4,""level"":12,""minionsKilled"":141,""participantId"":1,""position"":{""x"":10431,""y"":1400},""timeEnemySpentCo'"
2548,"b'ntrolled"":70994,""totalGold"":7789,""xp"":9528},""2"":{""championStats"":{""abilityHaste"":0,""abilityPower"":0,""armor"":77,""armorPen"":0,""arm'"
2549,"b'orPenPercent"":0,""attackDamage"":185,""attackSpeed"":154,""bonusArmorPenPercent"":0,""bonusMagicPenPercent"":0,""ccReduction"":19,""cooldow'"
2550,"b'nReduction"":0,""health"":2213,""healthMax"":2213,""healthRegen"":251,""lifesteal"":0,""magicPen"":0,""magicPenPercent"":0,""magicResist"":52,""'"
2551,"b'movementSpeed"":405,""omnivamp"":8,""physicalVamp"":0,""power"":708,""powerMax"":720,""powerRegen"":147,""spellVamp"":0},""currentGold"":946,""d'"
2552,"b'amageStats"":{""magicDamageDone"":784,""magicDamageDoneToChampions"":784,""magicDamageTaken"":6775,""physicalDamageDone"":85478,""physical'"
2553,"b'DamageDoneToChampions"":7717,""physicalDamageTaken"":12710,""totalDamageDone"":116069,""totalDamageDoneToChampions"":9004,""totalDamageT'"
2554,"b'aken"":19781,""trueDamageDone"":29805,""trueDamageDoneToChampions"":501,""trueDamageTaken"":295},""goldPerSecond"":0,""jungleMinionsKilled'"
2555,"b'"":101,""level"":12,""minionsKilled"":31,""participantId"":2,""position"":{""x"":13221,""y"":4512},""timeEnemySpentControlled"":150805,""totalGo'"
2556,"b'ld"":7601,""xp"":9440},""3"":{""championStats"":{""abilityHaste"":0,""abilityPower"":134,""armor"":61,""armorPen"":0,""armorPenPercent"":0,""attac'"
2557,"b'kDamage"":67,""attackSpeed"":137,""bonusArmorPenPercent"":0,""bonusMagicPenPercent"":0,""ccReduction"":0,""cooldownReduction"":0,""health"":0'"
2558,"b',""healthMax"":1786,""healthRegen"":26,""lifesteal"":0,""magicPen"":24,""magicPenPercent"":0,""magicResist"":40,""movementSpeed"":385,""omnivam'"
2559,"b'p"":0,""physicalVamp"":0,""power"":410,""powerMax"":1052,""powerRegen"":24,""spellVamp"":0},""currentGold"":225,""damageStats"":{""magicDamageDo'"
2560,"b'ne"":55960,""magicDamageDoneToChampions"":10266,""magicDamageTaken"":9565,""physicalDamageDone"":7880,""physicalDamageDoneToChampions"":2'"
2561,"b'695,""physicalDamageTaken"":4835,""totalDamageDone"":76555,""totalDamageDoneToChampions"":12962,""totalDamageTaken"":14627,""trueDamageDo'"
2562,"b'ne"":12715,""trueDamageDoneToChampions"":0,""trueDamageTaken"":226},""goldPerSecond"":0,""jungleMinionsKilled"":0,""level"":10,""minionsKill'"
2563,"b'ed"":117,""participantId"":3,""position"":{""x"":1058,""y"":6870},""timeEnemySpentControlled"":128297,""totalGold"":5975,""xp"":6581},""4"":{""cha'"
2564,"b'mpionStats"":{""abilityHaste"":0,""abilityPower"":0,""armor"":70,""armorPen"":0,""armorPenPercent"":0,""attackDamage"":205,""attackSpeed"":190,'"
2565,"b'""bonusArmorPenPercent"":0,""bonusMagicPenPercent"":0,""ccReduction"":0,""cooldownReduction"":0,""health"":1595,""healthMax"":1615,""healthRe'"
2566,"b'gen"":16,""lifesteal"":4,""magicPen"":0,""magicPenPercent"":0,""magicResist"":41,""movementSpeed"":390,""omnivamp"":2,""physicalVamp"":0,""power'"
2567,"b'"":660,""powerMax"":816,""powerRegen"":28,""spellVamp"":0},""currentGold"":888,""damageStats"":{""magicDamageDone"":6207,""magicDamageDoneToCh'"
2568,"b'ampions"":2798,""magicDamageTaken"":1196,""physicalDamageDone"":76230,""physicalDamageDoneToChampions"":6935,""physicalDamageTaken"":6115'"
2569,"b',""totalDamageDone"":82437,""totalDamageDoneToChampions"":9733,""totalDamageTaken"":7334,""trueDamageDone"":0,""trueDamageDoneToChampions'"
2570,"b'"":0,""trueDamageTaken"":22},""goldPerSecond"":0,""jungleMinionsKilled"":0,""level"":11,""minionsKilled"":159,""participantId"":4,""position"":'"
2571,"b'{""x"":8111,""y"":7638},""timeEnemySpentControlled"":0,""totalGold"":8853,""xp"":7401},""5"":{""championStats"":{""abilityHaste"":0,""abilityPowe'"
2572,"b'r"":10,""armor"":117,""armorPen"":0,""armorPenPercent"":0,""attackDamage"":75,""attackSpeed"":110,""bonusArmorPenPercent"":0,""bonusMagicPenPe'"
2573,"b'rcent"":0,""ccReduction"":33,""cooldownReduction"":0,""health"":1610,""healthMax"":1610,""healthRegen"":46,""lifesteal"":0,""magicPen"":0,""magi'"
2574,"b'cPenPercent"":0,""magicResist"":108,""movementSpeed"":391,""omnivamp"":0,""physicalVamp"":0,""power"":484,""powerMax"":653,""powerRegen"":16,""s'"
2575,"b'pellVamp"":0},""currentGold"":319,""damageStats"":{""magicDamageDone"":3309,""magicDamageDoneToChampions"":1849,""magicDamageTaken"":5049,""'"
2576,"b'physicalDamageDone"":4059,""physicalDamageDoneToChampions"":1171,""physicalDamageTaken"":2816,""totalDamageDone"":19644,""totalDamageDon'"
2577,"b'eToChampions"":3418,""totalDamageTaken"":8175,""trueDamageDone"":12275,""trueDamageDoneToChampions"":397,""trueDamageTaken"":309},""goldPe'"
2578,"b'rSecond"":30,""jungleMinionsKilled"":0,""level"":9,""minionsKilled"":28,""participantId"":5,""position"":{""x"":8152,""y"":7800},""timeEnemySpen'"
2579,"b'tControlled"":118489,""totalGold"":4674,""xp"":5099},""6"":{""championStats"":{""abilityHaste"":0,""abilityPower"":0,""armor"":87,""armorPen"":0,'"
2580,"b'""armorPenPercent"":0,""attackDamage"":195,""attackSpeed"":145,""bonusArmorPenPercent"":0,""bonusMagicPenPercent"":0,""ccReduction"":19,""coo'"
2581,"b'ldownReduction"":0,""health"":321,""healthMax"":2305,""healthRegen"":27,""lifesteal"":0,""magicPen"":0,""magicPenPercent"":0,""magicResist"":54'"
2582,"b',""movementSpeed"":385,""omnivamp"":10,""physicalVamp"":0,""power"":0,""powerMax"":0,""powerRegen"":0,""spellVamp"":0},""currentGold"":291,""dama'"
2583,"b'geStats"":{""magicDamageDone"":0,""magicDamageDoneToChampions"":0,""magicDamageTaken"":595,""physicalDamageDone"":84131,""physicalDamageDo'"
2584,"b'neToChampions"":9517,""physicalDamageTaken"":8956,""totalDamageDone"":85126,""totalDamageDoneToChampions"":10319,""totalDamageTaken"":109'"
2585,"b'91,""trueDamageDone"":995,""trueDamageDoneToChampions"":802,""trueDamageTaken"":1439},""goldPerSecond"":0,""jungleMinionsKilled"":0,""level'"
2586,"b'"":13,""minionsKilled"":159,""participantId"":6,""position"":{""x"":9914,""y"":1185},""timeEnemySpentControlled"":98187,""totalGold"":7006,""xp""'"
2587,"b':10010},""7"":{""championStats"":{""abilityHaste"":0,""abilityPower"":0,""armor"":105,""armorPen"":0,""armorPenPercent"":0,""attackDamage"":196,'"
2588,"b'""attackSpeed"":191,""bonusArmorPenPercent"":0,""bonusMagicPenPercent"":0,""ccReduction"":19,""cooldownReduction"":0,""health"":0,""healthMax'"
2589,"b'"":2111,""healthRegen"":27,""lifesteal"":0,""magicPen"":0,""magicPenPercent"":0,""magicResist"":45,""movementSpeed"":512,""omnivamp"":0,""physic'"
2590,"b'alVamp"":0,""power"":288,""powerMax"":582,""powerRegen"":114,""spellVamp"":0},""currentGold"":432,""damageStats"":{""magicDamageDone"":2881,""ma'"
2591,"b'gicDamageDoneToChampions"":735,""magicDamageTaken"":3584,""physicalDamageDone"":103825,""physicalDamageDoneToChampions"":8879,""physical'"
2592,"b'DamageTaken"":15823,""totalDamageDone"":132437,""totalDamageDoneToChampions"":9938,""totalDamageTaken"":19961,""trueDamageDone"":25731,""t'"
2593,"b'rueDamageDoneToChampions"":323,""trueDamageTaken"":553},""goldPerSecond"":0,""jungleMinionsKilled"":97,""level"":11,""minionsKilled"":17,""p'"
2594,"b'articipantId"":7,""position"":{""x"":9282,""y"":2280},""timeEnemySpentControlled"":399120,""totalGold"":7972,""xp"":7976},""8"":{""championStats'"
2595,"b'"":{""abilityHaste"":0,""abilityPower"":276,""armor"":78,""armorPen"":0,""armorPenPercent"":0,""attackDamage"":90,""attackSpeed"":141,""bonusArm'"
2596,"b'orPenPercent"":0,""bonusMagicPenPercent"":0,""ccReduction"":0,""cooldownReduction"":0,""health"":1213,""healthMax"":2497,""healthRegen"":119,'"
2597,"b'""lifesteal"":0,""magicPen"":0,""magicPenPercent"":0,""magicResist"":65,""movementSpeed"":395,""omnivamp"":0,""physicalVamp"":0,""power"":380,""p'"
2598,"b'owerMax"":1599,""powerRegen"":31,""spellVamp"":0},""currentGold"":1487,""damageStats"":{""magicDamageDone"":88485,""magicDamageDoneToChampio'"
2599,"b'ns"":14483,""magicDamageTaken"":8493,""physicalDamageDone"":2849,""physicalDamageDoneToChampions"":454,""physicalDamageTaken"":10665,""tot'"
2600,"b'alDamageDone"":95703,""totalDamageDoneToChampions"":15413,""totalDamageTaken"":19391,""trueDamageDone"":4369,""trueDamageDoneToChampions'"
2601,"b'"":475,""trueDamageTaken"":232},""goldPerSecond"":0,""jungleMinionsKilled"":0,""level"":12,""minionsKilled"":164,""participantId"":8,""positio'"
2602,"b'n"":{""x"":1296,""y"":6593},""timeEnemySpentControlled"":293112,""totalGold"":9832,""xp"":9556},""9"":{""championStats"":{""abilityHaste"":0,""abi'"
2603,"b'lityPower"":0,""armor"":62,""armorPen"":0,""armorPenPercent"":0,""attackDamage"":191,""attackSpeed"":215,""bonusArmorPenPercent"":0,""bonusMag'"
2604,"b'icPenPercent"":0,""ccReduction"":0,""cooldownReduction"":0,""health"":1561,""healthMax"":1561,""healthRegen"":17,""lifesteal"":0,""magicPen"":0'"
2605,"b',""magicPenPercent"":0,""magicResist"":40,""movementSpeed"":380,""omnivamp"":2,""physicalVamp"":0,""power"":598,""powerMax"":598,""powerRegen"":'"
2606,"b'24,""spellVamp"":0},""currentGold"":83,""damageStats"":{""magicDamageDone"":28345,""magicDamageDoneToChampions"":2537,""magicDamageTaken"":2'"
2607,"b'809,""physicalDamageDone"":40501,""physicalDamageDoneToChampions"":4459,""physicalDamageTaken"":6085,""totalDamageDone"":76412,""totalDam'"
2608,"b'ageDoneToChampions"":7043,""totalDamageTaken"":9196,""trueDamageDone"":7564,""trueDamageDoneToChampions"":46,""trueDamageTaken"":301},""go'"
2609,"b'ldPerSecond"":0,""jungleMinionsKilled"":5,""level"":10,""minionsKilled"":138,""participantId"":9,""position"":{""x"":11472,""y"":11243},""timeEn'"
2610,"b'emySpentControlled"":13475,""totalGold"":8183,""xp"":6813},""10"":{""championStats"":{""abilityHaste"":0,""abilityPower"":58,""armor"":99,""armo'"
2611,"b'rPen"":0,""armorPenPercent"":0,""attackDamage"":85,""attackSpeed"":127,""bonusArmorPenPercent"":0,""bonusMagicPenPercent"":0,""ccReduction"":'"
2612,"b'30,""cooldownReduction"":0,""health"":1238,""healthMax"":1837,""healthRegen"":29,""lifesteal"":0,""magicPen"":0,""magicPenPercent"":0,""magicRe'"
2613,"b'sist"":100,""movementSpeed"":380,""omnivamp"":0,""physicalVamp"":0,""power"":421,""powerMax"":652,""powerRegen"":24,""spellVamp"":0},""currentGo'"
2614,"b'ld"":261,""damageStats"":{""magicDamageDone"":5826,""magicDamageDoneToChampions"":2409,""magicDamageTaken"":2416,""physicalDamageDone"":476'"
2615,"b'8,""physicalDamageDoneToChampions"":1336,""physicalDamageTaken"":4782,""totalDamageDone"":17439,""totalDamageDoneToChampions"":4029,""tot'"
2616,"b'alDamageTaken"":7283,""trueDamageDone"":6844,""trueDamageDoneToChampions"":284,""trueDamageTaken"":85},""goldPerSecond"":30,""jungleMinion'"
2617,"b'sKilled"":0,""level"":9,""minionsKilled"":40,""participantId"":10,""position"":{""x"":2676,""y"":7016},""timeEnemySpentControlled"":36631,""tota'"
2618,"b'lGold"":5041,""xp"":5805}},""timestamp"":1080331},{""events"":[{""itemId"":3859,""participantId"":10,""timestamp"":1083429,""type"":""ITEM_DESTR'"
2619,"b'OYED""},{""assistingParticipantIds"":[10],""bounty"":0,""buildingType"":""TOWER_BUILDING"",""killerId"":8,""laneType"":""TOP_LANE"",""position"":'"
2620,"b'{""x"":1512,""y"":6699},""teamId"":100,""timestamp"":1085068,""towerType"":""INNER_TURRET"",""type"":""BUILDING_KILL""},{""itemId"":1036,""particip'"
2621,"b'antId"":6,""timestamp"":1088203,""type"":""ITEM_PURCHASED""},{""itemId"":3513,""participantId"":2,""timestamp"":1088504,""type"":""ITEM_DESTROYE'"
2622,"b'D""},{""itemId"":2055,""participantId"":7,""timestamp"":1090240,""type"":""ITEM_PURCHASED""},{""itemId"":3108,""participantId"":8,""timestamp"":1'"
2623,"b'094908,""type"":""ITEM_DESTROYED""},{""itemId"":3157,""participantId"":8,""timestamp"":1094908,""type"":""ITEM_PURCHASED""},{""bounty"":0,""build'"
2624,"b'ingType"":""TOWER_BUILDING"",""killerId"":2,""laneType"":""BOT_LANE"",""position"":{""x"":13327,""y"":8226},""teamId"":200,""timestamp"":1101370,""t'"
2625,"b'owerType"":""INNER_TURRET"",""type"":""BUILDING_KILL""},{""assistingParticipantIds"":[5],""bounty"":300,""killStreakLength"":1,""killerId"":4,""'"
2626,"b'position"":{""x"":8734,""y"":8227},""shutdownBounty"":200,""timestamp"":1101768,""type"":""CHAMPION_KILL"",""victimDamageDealt"":[{""basic"":fals'"
2627,"b'e,""magicDamage"":200,""name"":""Zeri"",""participantId"":4,""physicalDamage"":124,""spellName"":""zerir"",""spellSlot"":3,""trueDamage"":0,""type""'"
2628,"b':""OTHER""},{""basic"":false,""magicDamage"":409,""name"":""Zeri"",""participantId"":4,""physicalDamage"":0,""spellName"":"""",""spellSlot"":63,""tru'"
2629,"b'eDamage"":0,""type"":""OTHER""},{""basic"":false,""magicDamage"":37,""name"":""Zeri"",""participantId"":4,""physicalDamage"":0,""spellName"":""zerie'"
2630,"b'"",""spellSlot"":2,""trueDamage"":0,""type"":""OTHER""},{""basic"":false,""magicDamage"":0,""name"":""Zeri"",""participantId"":4,""physicalDamage"":5'"
2631,"b'38,""spellName"":""zeriq"",""spellSlot"":0,""trueDamage"":0,""type"":""OTHER""},{""basic"":false,""magicDamage"":0,""name"":""Zeri"",""participantId""'"
2632,"b':4,""physicalDamage"":0,""spellName"":"""",""spellSlot"":-1,""trueDamage"":0,""type"":""OTHER""},{""basic"":false,""magicDamage"":127,""name"":""Zeri'"
2633,"b'"",""participantId"":5,""physicalDamage"":0,""spellName"":"""",""spellSlot"":-1,""trueDamage"":0,""type"":""OTHER""},{""basic"":false,""magicDamage""'"
2634,"b':0,""name"":""Zeri"",""participantId"":5,""physicalDamage"":530,""spellName"":""zeriq"",""spellSlot"":0,""trueDamage"":0,""type"":""OTHER""},{""basic'"
2635,"b'"":false,""magicDamage"":0,""name"":""Zeri"",""participantId"":5,""physicalDamage"":63,""spellName"":""zerir"",""spellSlot"":3,""trueDamage"":0,""ty'"
2636,"b'pe"":""OTHER""}],""victimDamageReceived"":[{""basic"":true,""magicDamage"":0,""name"":""Rell"",""participantId"":5,""physicalDamage"":51,""spellNa'"
2637,"b'me"":""rellbasicattack2"",""spellSlot"":65,""trueDamage"":0,""type"":""OTHER""},{""basic"":false,""magicDamage"":78,""name"":""Rell"",""participantI'"
2638,"b'd"":5,""physicalDamage"":0,""spellName"":""rellr"",""spellSlot"":3,""trueDamage"":0,""type"":""OTHER""},{""basic"":true,""magicDamage"":0,""name"":""R'"
2639,"b'ell"",""participantId"":5,""physicalDamage"":51,""spellName"":""rellbasicattack"",""spellSlot"":64,""trueDamage"":0,""type"":""OTHER""},{""basic"":'"
2640,"b'true,""magicDamage"":0,""name"":""Kaisa"",""participantId"":4,""physicalDamage"":142,""spellName"":""kaisaeattack4"",""spellSlot"":70,""trueDamag'"
2641,"b'e"":0,""type"":""OTHER""},{""basic"":false,""magicDamage"":0,""name"":""Kaisa"",""participantId"":4,""physicalDamage"":72,""spellName"":"""",""spellSl'"
2642,"b'ot"":-1,""trueDamage"":0,""type"":""OTHER""},{""basic"":true,""magicDamage"":0,""name"":""Kaisa"",""participantId"":4,""physicalDamage"":249,""spell'"
2643,"b'Name"":"""",""spellSlot"":63,""trueDamage"":0,""type"":""OTHER""},{""basic"":false,""magicDamage"":276,""name"":""Kaisa"",""participantId"":4,""physic'"
2644,"b'alDamage"":0,""spellName"":""kaisapassive"",""spellSlot"":63,""trueDamage"":0,""type"":""OTHER""},{""basic"":true,""magicDamage"":0,""name"":""Kaisa'"
2645,"b'"",""participantId"":4,""physicalDamage"":140,""spellName"":""kaisabasicattack"",""spellSlot"":64,""trueDamage"":0,""type"":""OTHER""},{""basic"":t'"
2646,"b'rue,""magicDamage"":0,""name"":""Kaisa"",""participantId"":4,""physicalDamage"":142,""spellName"":""kaisaeattack2"",""spellSlot"":68,""trueDamage'"
2647,"b'"":0,""type"":""OTHER""},{""basic"":true,""magicDamage"":0,""name"":""Kaisa"",""participantId"":4,""physicalDamage"":141,""spellName"":""kaisabasica'"
2648,"b'ttack2"",""spellSlot"":65,""trueDamage"":0,""type"":""OTHER""},{""basic"":false,""magicDamage"":0,""name"":""Kaisa"",""participantId"":4,""physicalD'"
2649,"b'amage"":454,""spellName"":""kaisaq"",""spellSlot"":0,""trueDamage"":0,""type"":""OTHER""}],""victimId"":9},{""assistingParticipantIds"":[9,10],""b'"
2650,"b'ounty"":300,""killStreakLength"":1,""killerId"":8,""position"":{""x"":8599,""y"":7543},""shutdownBounty"":0,""timestamp"":1103398,""type"":""CHAMP'"
2651,"b'ION_KILL"",""victimDamageDealt"":[{""basic"":false,""magicDamage"":0,""name"":""Kaisa"",""participantId"":10,""physicalDamage"":110,""spellName""'"
2652,"b':"""",""spellSlot"":-1,""trueDamage"":0,""type"":""OTHER""},{""basic"":false,""magicDamage"":247,""name"":""Kaisa"",""participantId"":10,""physicalDa'"
2653,"b'mage"":0,""spellName"":""kaisapassive"",""spellSlot"":63,""trueDamage"":0,""type"":""OTHER""},{""basic"":true,""magicDamage"":0,""name"":""Kaisa"",""p'"
2654,"b'articipantId"":10,""physicalDamage"":128,""spellName"":""kaisabasicattack3"",""spellSlot"":66,""trueDamage"":0,""type"":""OTHER""},{""basic"":tru'"
2655,"b'e,""magicDamage"":0,""name"":""Kaisa"",""participantId"":10,""physicalDamage"":216,""spellName"":""kaisacritattack"",""spellSlot"":73,""trueDamag'"
2656,"b'e"":0,""type"":""OTHER""},{""basic"":false,""magicDamage"":0,""name"":""Kaisa"",""participantId"":10,""physicalDamage"":399,""spellName"":""kaisaq"",'"
2657,"b'""spellSlot"":0,""trueDamage"":0,""type"":""OTHER""},{""basic"":false,""magicDamage"":193,""name"":""Kaisa"",""participantId"":10,""physicalDamage""'"
2658,"b':0,""spellName"":""kaisaw"",""spellSlot"":1,""trueDamage"":0,""type"":""OTHER""},{""basic"":true,""magicDamage"":0,""name"":""Kaisa"",""participantId'"
2659,"b'"":10,""physicalDamage"":127,""spellName"":""kaisabasicattack2"",""spellSlot"":65,""trueDamage"":0,""type"":""OTHER""}],""victimDamageReceived"":'"
2660,"b'[{""basic"":false,""magicDamage"":200,""name"":""Zeri"",""participantId"":9,""physicalDamage"":124,""spellName"":""zerir"",""spellSlot"":3,""trueDa'"
2661,"b'mage"":0,""type"":""OTHER""},{""basic"":false,""magicDamage"":409,""name"":""Zeri"",""participantId"":9,""physicalDamage"":0,""spellName"":"""",""spel'"
2662,"b'lSlot"":63,""trueDamage"":0,""type"":""OTHER""},{""basic"":false,""magicDamage"":37,""name"":""Zeri"",""participantId"":9,""physicalDamage"":0,""spe'"
2663,"b'llName"":""zerie"",""spellSlot"":2,""trueDamage"":0,""type"":""OTHER""},{""basic"":false,""magicDamage"":0,""name"":""Zeri"",""participantId"":9,""phy'"
2664,"b'sicalDamage"":538,""spellName"":""zeriq"",""spellSlot"":0,""trueDamage"":0,""type"":""OTHER""},{""basic"":false,""magicDamage"":0,""name"":""Zeri"",""'"
2665,"b'participantId"":9,""physicalDamage"":0,""spellName"":"""",""spellSlot"":-1,""trueDamage"":0,""type"":""OTHER""},{""basic"":false,""magicDamage"":0,'"
2666,"b'""name"":""Rakan"",""participantId"":10,""physicalDamage"":0,""spellName"":""rakanr"",""spellSlot"":3,""trueDamage"":0,""type"":""OTHER""},{""basic"":'"
2667,"b'false,""magicDamage"":0,""name"":""Rakan"",""participantId"":10,""physicalDamage"":0,""spellName"":""summonerdot"",""spellSlot"":4,""trueDamage"":'"
2668,"b'184,""type"":""OTHER""},{""basic"":true,""magicDamage"":0,""name"":""Turret"",""participantId"":0,""physicalDamage"":250,""spellName"":""turretbasi'"
2669,"b'cattack"",""spellSlot"":64,""trueDamage"":0,""type"":""TOWER""},{""basic"":false,""magicDamage"":59,""name"":""Sylas"",""participantId"":8,""physica'"
2670,"b'lDamage"":0,""spellName"":"""",""spellSlot"":-1,""trueDamage"":0,""type"":""OTHER""},{""basic"":false,""magicDamage"":359,""name"":""Sylas"",""partici'"
2671,"b'pantId"":8,""physicalDamage"":0,""spellName"":""sylasw"",""spellSlot"":1,""trueDamage"":0,""type"":""OTHER""}],""victimId"":4},{""itemId"":1042,""pa'"
2672,"b'rticipantId"":4,""timestamp"":1109137,""type"":""ITEM_PURCHASED""},{""itemId"":1042,""participantId"":4,""timestamp"":1109270,""type"":""ITEM_PU'"
2673,"b'RCHASED""},{""itemId"":3859,""participantId"":5,""timestamp"":1109571,""type"":""ITEM_DESTROYED""},{""level"":13,""participantId"":8,""timestamp'"
2674,"b'"":1111033,""type"":""LEVEL_UP""},{""itemId"":1042,""participantId"":4,""timestamp"":1112372,""type"":""ITEM_DESTROYED""},{""itemId"":3086,""parti'"
2675,"b'cipantId"":4,""timestamp"":1112372,""type"":""ITEM_PURCHASED""},{""assistingParticipantIds"":[6],""bounty"":300,""killStreakLength"":0,""kille'"
2676,"b'rId"":7,""position"":{""x"":12096,""y"":9025},""shutdownBounty"":150,""timestamp"":1113643,""type"":""CHAMPION_KILL"",""victimDamageDealt"":[{""ba'"
2677,"b'sic"":false,""magicDamage"":76,""name"":""Khazix"",""participantId"":6,""physicalDamage"":0,""spellName"":""khazixpassive"",""spellSlot"":63,""tru'"
2678,"b'eDamage"":0,""type"":""OTHER""},{""basic"":false,""magicDamage"":0,""name"":""Khazix"",""participantId"":6,""physicalDamage"":157,""spellName"":""kh'"
2679,"b'azixwlong"",""spellSlot"":1,""trueDamage"":0,""type"":""OTHER""},{""basic"":false,""magicDamage"":0,""name"":""Khazix"",""participantId"":6,""physic'"
2680,"b'alDamage"":0,""spellName"":""burning"",""spellSlot"":-1,""trueDamage"":45,""type"":""OTHER""},{""basic"":true,""magicDamage"":0,""name"":""Khazix"",""'"
2681,"b'participantId"":6,""physicalDamage"":99,""spellName"":""khazixbasicattack2"",""spellSlot"":65,""trueDamage"":0,""type"":""OTHER""},{""basic"":fal'"
2682,"b'se,""magicDamage"":0,""name"":""Khazix"",""participantId"":6,""physicalDamage"":319,""spellName"":""khazixq"",""spellSlot"":0,""trueDamage"":0,""ty'"
2683,"b'pe"":""OTHER""},{""basic"":false,""magicDamage"":0,""name"":""Khazix"",""participantId"":7,""physicalDamage"":144,""spellName"":""khazixwlong"",""sp'"
2684,"b'ellSlot"":1,""trueDamage"":0,""type"":""OTHER""}],""victimDamageReceived"":[{""basic"":true,""magicDamage"":0,""name"":""Riven"",""participantId"":'"
2685,"b'6,""physicalDamage"":272,""spellName"":""rivenbasicattack"",""spellSlot"":64,""trueDamage"":0,""type"":""OTHER""},{""basic"":false,""magicDamage""'"
2686,"b':0,""name"":""Riven"",""participantId"":6,""physicalDamage"":604,""spellName"":""riventricleave"",""spellSlot"":0,""trueDamage"":0,""type"":""OTHER'"
2687,"b'""},{""basic"":false,""magicDamage"":0,""name"":""Riven"",""participantId"":6,""physicalDamage"":95,""spellName"":""6630active"",""spellSlot"":7,""t'"
2688,"b'rueDamage"":0,""type"":""OTHER""},{""basic"":false,""magicDamage"":0,""name"":""Riven"",""participantId"":6,""physicalDamage"":284,""spellName"":""r'"
2689,"b'ivenpassive"",""spellSlot"":63,""trueDamage"":0,""type"":""OTHER""},{""basic"":false,""magicDamage"":0,""name"":""Riven"",""participantId"":6,""phys'"
2690,"b'icalDamage"":105,""spellName"":""rivenmartyr"",""spellSlot"":1,""trueDamage"":0,""type"":""OTHER""},{""basic"":true,""magicDamage"":0,""name"":""Riv'"
2691,"b'en"",""participantId"":6,""physicalDamage"":275,""spellName"":""rivenbasicattack2"",""spellSlot"":65,""trueDamage"":0,""type"":""OTHER""},{""basic'"
2692,"b'"":true,""magicDamage"":0,""name"":""SRU_ChaosMinionMelee"",""participantId"":0,""physicalDamage"":34,""spellName"":""sru_chaosminionrangedbas'"
2693,"b'icattack"",""spellSlot"":64,""trueDamage"":0,""type"":""MINION""},{""basic"":true,""magicDamage"":0,""name"":""SRU_ChaosMinionMelee"",""participan'"
2694,"b'tId"":0,""physicalDamage"":65,""spellName"":""sru_chaosminionsiegebasicattack"",""spellSlot"":64,""trueDamage"":0,""type"":""MINION""},{""basic""'"
2695,"b':true,""magicDamage"":0,""name"":""SRU_ChaosMinionMelee"",""participantId"":0,""physicalDamage"":62,""spellName"":""sru_chaosminionmeleebasic'"
2696,"b'attack"",""spellSlot"":64,""trueDamage"":0,""type"":""MINION""},{""basic"":true,""magicDamage"":0,""name"":""SRU_ChaosMinionMelee"",""participantI'"
2697,"b'd"":0,""physicalDamage"":69,""spellName"":""sru_chaosminionrangedbasicattack2"",""spellSlot"":65,""trueDamage"":0,""type"":""MINION""},{""basic""'"
2698,"b':false,""magicDamage"":113,""name"":""Nocturne"",""participantId"":7,""physicalDamage"":0,""spellName"":""nocturneunspeakablehorror"",""spellSl'"
2699,"b'ot"":2,""trueDamage"":0,""type"":""OTHER""},{""basic"":false,""magicDamage"":0,""name"":""Nocturne"",""participantId"":7,""physicalDamage"":398,""sp'"
2700,"b'ellName"":""nocturneduskbringer"",""spellSlot"":0,""trueDamage"":0,""type"":""OTHER""},{""basic"":false,""magicDamage"":0,""name"":""Nocturne"",""pa'"
2701,"b'rticipantId"":7,""physicalDamage"":83,""spellName"":""6631active"",""spellSlot"":7,""trueDamage"":0,""type"":""OTHER""},{""basic"":false,""magicDa'"
2702,"b'mage"":0,""name"":""Nocturne"",""participantId"":7,""physicalDamage"":187,""spellName"":""nocturnep"",""spellSlot"":63,""trueDamage"":0,""type"":""O'"
2703,"b'THER""}],""victimId"":2},{""itemId"":3133,""participantId"":2,""timestamp"":1115215,""type"":""ITEM_DESTROYED""},{""itemId"":3067,""participantI'"
2704,"b'd"":2,""timestamp"":1115215,""type"":""ITEM_DESTROYED""},{""itemId"":1036,""participantId"":2,""timestamp"":1115215,""type"":""ITEM_DESTROYED""},'"
2705,"b'{""itemId"":3071,""participantId"":2,""timestamp"":1115215,""type"":""ITEM_PURCHASED""},{""levelUpType"":""NORMAL"",""participantId"":8,""skillSl'"
2706,"b'ot"":1,""timestamp"":1115815,""type"":""SKILL_LEVEL_UP""},{""itemId"":2055,""participantId"":9,""timestamp"":1116887,""type"":""ITEM_PURCHASED""}'"
2707,"b',{""creatorId"":10,""timestamp"":1117153,""type"":""WARD_PLACED"",""wardType"":""SIGHT_WARD""},{""level"":13,""participantId"":1,""timestamp"":111'"
2708,"b'7153,""type"":""LEVEL_UP""},{""levelUpType"":""NORMAL"",""participantId"":1,""skillSlot"":1,""timestamp"":1118287,""type"":""SKILL_LEVEL_UP""},{""k'"
2709,"b'illerId"":10,""timestamp"":1120851,""type"":""WARD_KILL"",""wardType"":""SIGHT_WARD""},{""level"":10,""participantId"":10,""timestamp"":1120851,""'"
2710,"b'type"":""LEVEL_UP""},{""creatorId"":10,""timestamp"":1120851,""type"":""WARD_PLACED"",""wardType"":""UNDEFINED""},{""levelUpType"":""NORMAL"",""part'"
2711,"b'icipantId"":10,""skillSlot"":3,""timestamp"":1121550,""type"":""SKILL_LEVEL_UP""},{""itemId"":1037,""participantId"":2,""timestamp"":1126697,""t'"
2712,"b'ype"":""ITEM_PURCHASED""},{""level"":12,""participantId"":7,""timestamp"":1126697,""type"":""LEVEL_UP""},{""creatorId"":10,""timestamp"":1126830,'"
2713,"b'""type"":""WARD_PLACED"",""wardType"":""SIGHT_WARD""},{""levelUpType"":""NORMAL"",""participantId"":7,""skillSlot"":3,""timestamp"":1128264,""type""'"
2714,"b':""SKILL_LEVEL_UP""},{""killerId"":10,""timestamp"":1131604,""type"":""WARD_KILL"",""wardType"":""CONTROL_WARD""},{""creatorId"":10,""timestamp"":'"
2715,"b'1131604,""type"":""WARD_PLACED"",""wardType"":""UNDEFINED""},{""itemId"":3133,""participantId"":7,""timestamp"":1137275,""type"":""ITEM_DESTROYED'"
2716,"b'""},{""itemId"":3067,""participantId"":7,""timestamp"":1137275,""type"":""ITEM_DESTROYED""},{""itemId"":1036,""participantId"":7,""timestamp"":11'"
2717,"b'37275,""type"":""ITEM_DESTROYED""},{""itemId"":3071,""participantId"":7,""timestamp"":1137275,""type"":""ITEM_PURCHASED""},{""itemId"":2055,""par'"
2718,"b'ticipantId"":7,""timestamp"":1138009,""type"":""ITEM_PURCHASED""}],""participantFrames"":{""1"":{""championStats"":{""abilityHaste"":0,""ability'"
2719,"b'Power"":0,""armor"":123,""armorPen"":0,""armorPenPercent"":0,""attackDamage"":229,""attackSpeed"":209,""bonusArmorPenPercent"":0,""bonusMagicP'"
2720,"b'enPercent"":0,""ccReduction"":0,""cooldownReduction"":0,""health"":2323,""healthMax"":2323,""healthRegen"":403,""lifesteal"":0,""magicPen"":0,""'"
2721,"b'magicPenPercent"":0,""magicResist"":81,""movementSpeed"":430,""omnivamp"":0,""physicalVamp"":0,""power"":0,""powerMax"":0,""powerRegen"":0,""spe'"
2722,"b'llVamp"":0},""currentGold"":774,""damageStats"":{""magicDamageDone"":293,""magicDamageDoneToChampions"":293,""magicDamageTaken"":975,""physi'"
2723,"b'calDamageDone"":95554,""physicalDamageDoneToChampions"":7692,""physicalDamageTaken"":12534,""totalDamageDone"":110170,""totalDamageDoneT'"
2724,"b'oChampions"":9698,""totalDamageTaken"":14586,""trueDamageDone"":14322,""trueDamageDoneToChampions"":1712,""trueDamageTaken"":1076},""goldP'"
2725,"b'erSecond"":0,""jungleMinionsKilled"":8,""level"":13,""minionsKilled"":157,""participantId"":1,""position"":{""x"":6425,""y"":13643},""timeEnemyS'"
2726,"b'pentControlled"":99357,""totalGold"":8419,""xp"":10617},""2"":{""championStats"":{""abilityHaste"":0,""abilityPower"":0,""armor"":77,""armorPen""'"
2727,"b':0,""armorPenPercent"":0,""attackDamage"":225,""attackSpeed"":154,""bonusArmorPenPercent"":0,""bonusMagicPenPercent"":0,""ccReduction"":19,""'"
2728,"b'cooldownReduction"":0,""health"":0,""healthMax"":2488,""healthRegen"":29,""lifesteal"":0,""magicPen"":0,""magicPenPercent"":0,""magicResist"":5'"
2729,"b'2,""movementSpeed"":405,""omnivamp"":8,""physicalVamp"":0,""power"":592,""powerMax"":720,""powerRegen"":59,""spellVamp"":0},""currentGold"":27,""'"
2730,"b'damageStats"":{""magicDamageDone"":861,""magicDamageDoneToChampions"":861,""magicDamageTaken"":6889,""physicalDamageDone"":90879,""physica'"
2731,"b'lDamageDoneToChampions"":8438,""physicalDamageTaken"":15250,""totalDamageDone"":121681,""totalDamageDoneToChampions"":9846,""totalDamage'"
2732,"b'Taken"":22435,""trueDamageDone"":29940,""trueDamageDoneToChampions"":546,""trueDamageTaken"":295},""goldPerSecond"":0,""jungleMinionsKille'"
2733,"b'd"":101,""level"":12,""minionsKilled"":36,""participantId"":2,""position"":{""x"":12096,""y"":9025},""timeEnemySpentControlled"":181185,""totalG'"
2734,"b'old"":8407,""xp"":9716},""3"":{""championStats"":{""abilityHaste"":0,""abilityPower"":134,""armor"":61,""armorPen"":0,""armorPenPercent"":0,""atta'"
2735,"b'ckDamage"":67,""attackSpeed"":137,""bonusArmorPenPercent"":0,""bonusMagicPenPercent"":0,""ccReduction"":0,""cooldownReduction"":0,""health"":'"
2736,"b'35,""healthMax"":1786,""healthRegen"":109,""lifesteal"":0,""magicPen"":24,""magicPenPercent"":0,""magicResist"":40,""movementSpeed"":269,""omni'"
2737,"b'vamp"":0,""physicalVamp"":0,""power"":660,""powerMax"":1052,""powerRegen"":87,""spellVamp"":0},""currentGold"":593,""damageStats"":{""magicDamag'"
2738,"b'eDone"":62739,""magicDamageDoneToChampions"":11780,""magicDamageTaken"":11464,""physicalDamageDone"":8265,""physicalDamageDoneToChampion'"
2739,"b's"":3014,""physicalDamageTaken"":4886,""totalDamageDone"":83719,""totalDamageDoneToChampions"":14794,""totalDamageTaken"":16577,""trueDama'"
2740,"b'geDone"":12715,""trueDamageDoneToChampions"":0,""trueDamageTaken"":226},""goldPerSecond"":0,""jungleMinionsKilled"":0,""level"":10,""minions'"
2741,"b'Killed"":124,""participantId"":3,""position"":{""x"":5523,""y"":5257},""timeEnemySpentControlled"":140416,""totalGold"":6343,""xp"":6904},""4"":{'"
2742,"b'""championStats"":{""abilityHaste"":0,""abilityPower"":0,""armor"":70,""armorPen"":0,""armorPenPercent"":0,""attackDamage"":205,""attackSpeed"":'"
2743,"b'217,""bonusArmorPenPercent"":0,""bonusMagicPenPercent"":0,""ccReduction"":0,""cooldownReduction"":0,""health"":1615,""healthMax"":1615,""heal'"
2744,"b'thRegen"":16,""lifesteal"":4,""magicPen"":0,""magicPenPercent"":0,""magicResist"":41,""movementSpeed"":609,""omnivamp"":2,""physicalVamp"":0,""p'"
2745,"b'ower"":816,""powerMax"":816,""powerRegen"":28,""spellVamp"":0},""currentGold"":160,""damageStats"":{""magicDamageDone"":6942,""magicDamageDone'"
2746,"b'ToChampions"":3516,""magicDamageTaken"":2263,""physicalDamageDone"":81102,""physicalDamageDoneToChampions"":9260,""physicalDamageTaken"":'"
2747,"b'7028,""totalDamageDone"":88044,""totalDamageDoneToChampions"":12777,""totalDamageTaken"":9498,""trueDamageDone"":0,""trueDamageDoneToCham'"
2748,"b'pions"":0,""trueDamageTaken"":206},""goldPerSecond"":0,""jungleMinionsKilled"":0,""level"":11,""minionsKilled"":159,""participantId"":4,""posi'"
2749,"b'tion"":{""x"":848,""y"":751},""timeEnemySpentControlled"":0,""totalGold"":9525,""xp"":7696},""5"":{""championStats"":{""abilityHaste"":0,""ability'"
2750,"b'Power"":20,""armor"":122,""armorPen"":0,""armorPenPercent"":0,""attackDamage"":75,""attackSpeed"":110,""bonusArmorPenPercent"":0,""bonusMagicP'"
2751,"b'enPercent"":0,""ccReduction"":47,""cooldownReduction"":0,""health"":393,""healthMax"":1760,""healthRegen"":52,""lifesteal"":0,""magicPen"":0,""m'"
2752,"b'agicPenPercent"":0,""magicResist"":113,""movementSpeed"":303,""omnivamp"":0,""physicalVamp"":0,""power"":44,""powerMax"":653,""powerRegen"":16,'"
2753,"b'""spellVamp"":0},""currentGold"":659,""damageStats"":{""magicDamageDone"":4442,""magicDamageDoneToChampions"":2369,""magicDamageTaken"":6145'"
2754,"b',""physicalDamageDone"":4398,""physicalDamageDoneToChampions"":1426,""physicalDamageTaken"":3750,""totalDamageDone"":21365,""totalDamageD'"
2755,"b'oneToChampions"":4442,""totalDamageTaken"":10205,""trueDamageDone"":12524,""trueDamageDoneToChampions"":646,""trueDamageTaken"":309},""gol'"
2756,"b'dPerSecond"":30,""jungleMinionsKilled"":0,""level"":9,""minionsKilled"":28,""participantId"":5,""position"":{""x"":5482,""y"":5068},""timeEnemyS'"
2757,"b'pentControlled"":145813,""totalGold"":5014,""xp"":5537},""6"":{""championStats"":{""abilityHaste"":0,""abilityPower"":0,""armor"":87,""armorPen""'"
2758,"b':0,""armorPenPercent"":0,""attackDamage"":205,""attackSpeed"":145,""bonusArmorPenPercent"":0,""bonusMagicPenPercent"":0,""ccReduction"":19,""'"
2759,"b'cooldownReduction"":0,""health"":2305,""healthMax"":2305,""healthRegen"":27,""lifesteal"":0,""magicPen"":0,""magicPenPercent"":0,""magicResist'"
2760,"b'"":54,""movementSpeed"":385,""omnivamp"":10,""physicalVamp"":0,""power"":0,""powerMax"":0,""powerRegen"":0,""spellVamp"":0},""currentGold"":329,""'"
2761,"b'damageStats"":{""magicDamageDone"":0,""magicDamageDoneToChampions"":0,""magicDamageTaken"":672,""physicalDamageDone"":88072,""physicalDama'"
2762,"b'geDoneToChampions"":11156,""physicalDamageTaken"":9933,""totalDamageDone"":93148,""totalDamageDoneToChampions"":11958,""totalDamageTaken'"
2763,"b'"":12090,""trueDamageDone"":5076,""trueDamageDoneToChampions"":802,""trueDamageTaken"":1484},""goldPerSecond"":0,""jungleMinionsKilled"":0,'"
2764,"b'""level"":13,""minionsKilled"":164,""participantId"":6,""position"":{""x"":8062,""y"":13560},""timeEnemySpentControlled"":101917,""totalGold"":7'"
2765,"b'394,""xp"":10720},""7"":{""championStats"":{""abilityHaste"":0,""abilityPower"":0,""armor"":110,""armorPen"":0,""armorPenPercent"":0,""attackDama'"
2766,"b'ge"":220,""attackSpeed"":194,""bonusArmorPenPercent"":0,""bonusMagicPenPercent"":0,""ccReduction"":19,""cooldownReduction"":0,""health"":2428'"
2767,"b',""healthMax"":2428,""healthRegen"":271,""lifesteal"":0,""magicPen"":0,""magicPenPercent"":0,""magicResist"":47,""movementSpeed"":512,""omnivam'"
2768,"b'p"":0,""physicalVamp"":0,""power"":619,""powerMax"":619,""powerRegen"":134,""spellVamp"":0},""currentGold"":179,""damageStats"":{""magicDamageDo'"
2769,"b'ne"":3165,""magicDamageDoneToChampions"":849,""magicDamageTaken"":3584,""physicalDamageDone"":109953,""physicalDamageDoneToChampions"":95'"
2770,"b'48,""physicalDamageTaken"":16178,""totalDamageDone"":139703,""totalDamageDoneToChampions"":10721,""totalDamageTaken"":20316,""trueDamageD'"
2771,"b'one"":26584,""trueDamageDoneToChampions"":323,""trueDamageTaken"":553},""goldPerSecond"":0,""jungleMinionsKilled"":101,""level"":12,""minion'"
2772,"b'sKilled"":17,""participantId"":7,""position"":{""x"":12873,""y"":13289},""timeEnemySpentControlled"":424684,""totalGold"":8719,""xp"":8626},""8""'"
2773,"b':{""championStats"":{""abilityHaste"":0,""abilityPower"":339,""armor"":126,""armorPen"":0,""armorPenPercent"":0,""attackDamage"":93,""attackSpe'"
2774,"b'ed"":270,""bonusArmorPenPercent"":0,""bonusMagicPenPercent"":0,""ccReduction"":0,""cooldownReduction"":0,""health"":1502,""healthMax"":2648,""'"
2775,"b'healthRegen"":168,""lifesteal"":0,""magicPen"":0,""magicPenPercent"":0,""magicResist"":66,""movementSpeed"":395,""omnivamp"":0,""physicalVamp""'"
2776,"b':0,""power"":585,""powerMax"":1676,""powerRegen"":33,""spellVamp"":0},""currentGold"":623,""damageStats"":{""magicDamageDone"":100606,""magicDa'"
2777,"b'mageDoneToChampions"":17685,""magicDamageTaken"":10362,""physicalDamageDone"":2949,""physicalDamageDoneToChampions"":454,""physicalDamag'"
2778,"b'eTaken"":11666,""totalDamageDone"":107925,""totalDamageDoneToChampions"":18614,""totalDamageTaken"":22261,""trueDamageDone"":4369,""trueDa'"
2779,"b'mageDoneToChampions"":475,""trueDamageTaken"":232},""goldPerSecond"":0,""jungleMinionsKilled"":0,""level"":13,""minionsKilled"":172,""partic'"
2780,"b'ipantId"":8,""position"":{""x"":5905,""y"":5156},""timeEnemySpentControlled"":314424,""totalGold"":11068,""xp"":10141},""9"":{""championStats"":{'"
2781,"b'""abilityHaste"":0,""abilityPower"":0,""armor"":62,""armorPen"":0,""armorPenPercent"":0,""attackDamage"":191,""attackSpeed"":215,""bonusArmorPe'"
2782,"b'nPercent"":0,""bonusMagicPenPercent"":0,""ccReduction"":0,""cooldownReduction"":0,""health"":1561,""healthMax"":1561,""healthRegen"":17,""life'"
2783,"b'steal"":0,""magicPen"":0,""magicPenPercent"":0,""magicResist"":40,""movementSpeed"":516,""omnivamp"":2,""physicalVamp"":0,""power"":598,""powerM'"
2784,"b'ax"":598,""powerRegen"":24,""spellVamp"":0},""currentGold"":304,""damageStats"":{""magicDamageDone"":30201,""magicDamageDoneToChampions"":331'"
2785,"b'3,""magicDamageTaken"":3165,""physicalDamageDone"":42561,""physicalDamageDoneToChampions"":5717,""physicalDamageTaken"":7531,""totalDamag'"
2786,"b'eDone"":80327,""totalDamageDoneToChampions"":9076,""totalDamageTaken"":10998,""trueDamageDone"":7564,""trueDamageDoneToChampions"":46,""tr'"
2787,"b'ueDamageTaken"":301},""goldPerSecond"":0,""jungleMinionsKilled"":5,""level"":10,""minionsKilled"":141,""participantId"":9,""position"":{""x"":1'"
2788,"b'2685,""y"":12829},""timeEnemySpentControlled"":16776,""totalGold"":8479,""xp"":7230},""10"":{""championStats"":{""abilityHaste"":0,""abilityPow'"
2789,"b'er"":68,""armor"":103,""armorPen"":0,""armorPenPercent"":0,""attackDamage"":89,""attackSpeed"":130,""bonusArmorPenPercent"":0,""bonusMagicPenP'"
2790,"b'ercent"":0,""ccReduction"":30,""cooldownReduction"":0,""health"":752,""healthMax"":2175,""healthRegen"":35,""lifesteal"":0,""magicPen"":0,""magi'"
2791,"b'cPenPercent"":0,""magicResist"":102,""movementSpeed"":380,""omnivamp"":0,""physicalVamp"":0,""power"":63,""powerMax"":702,""powerRegen"":25,""sp'"
2792,"b'ellVamp"":0},""currentGold"":587,""damageStats"":{""magicDamageDone"":5910,""magicDamageDoneToChampions"":2493,""magicDamageTaken"":2943,""p'"
2793,"b'hysicalDamageDone"":4775,""physicalDamageDoneToChampions"":1336,""physicalDamageTaken"":5850,""totalDamageDone"":17714,""totalDamageDone'"
2794,"b'ToChampions"":4297,""totalDamageTaken"":9127,""trueDamageDone"":7028,""trueDamageDoneToChampions"":468,""trueDamageTaken"":333},""goldPerS'"
2795,"b'econd"":30,""jungleMinionsKilled"":0,""level"":10,""minionsKilled"":42,""participantId"":10,""position"":{""x"":6912,""y"":6415},""timeEnemySpen'"
2796,"b'tControlled"":39032,""totalGold"":5377,""xp"":6179}},""timestamp"":1140373},{""events"":[{""levelUpType"":""EVOLVE"",""participantId"":4,""skill'"
2797,"b'Slot"":3,""timestamp"":1141947,""type"":""SKILL_LEVEL_UP""},{""itemId"":1028,""participantId"":10,""timestamp"":1149697,""type"":""ITEM_PURCHASE'"
2798,"b'D""},{""itemId"":2055,""participantId"":10,""timestamp"":1150665,""type"":""ITEM_PURCHASED""},{""itemId"":1029,""participantId"":5,""timestamp"":'"
2799,"b'1153396,""type"":""ITEM_PURCHASED""},{""itemId"":1029,""participantId"":5,""timestamp"":1153496,""type"":""ITEM_PURCHASED""},{""itemId"":2055,""p'"
2800,"b'articipantId"":5,""timestamp"":1154164,""type"":""ITEM_PURCHASED""},{""level"":11,""participantId"":9,""timestamp"":1159507,""type"":""LEVEL_UP""'"
2801,"b'},{""levelUpType"":""NORMAL"",""participantId"":9,""skillSlot"":4,""timestamp"":1160175,""type"":""SKILL_LEVEL_UP""},{""itemId"":1052,""participa'"
2802,"b'ntId"":3,""timestamp"":1161505,""type"":""ITEM_DESTROYED""},{""itemId"":3145,""participantId"":3,""timestamp"":1161505,""type"":""ITEM_PURCHASED'"
2803,"b'""},{""itemId"":2055,""participantId"":3,""timestamp"":1165107,""type"":""ITEM_PURCHASED""},{""itemId"":2031,""participantId"":8,""timestamp"":11'"
2804,"b'66242,""type"":""ITEM_SOLD""},{""itemId"":2055,""participantId"":9,""timestamp"":1166476,""type"":""ITEM_DESTROYED""},{""creatorId"":9,""timestam'"
2805,"b'p"":1166476,""type"":""WARD_PLACED"",""wardType"":""CONTROL_WARD""},{""afterId"":2031,""beforeId"":0,""goldGain"":-60,""participantId"":8,""timest'"
2806,"b'amp"":1167708,""type"":""ITEM_UNDO""},{""creatorId"":6,""timestamp"":1170376,""type"":""WARD_PLACED"",""wardType"":""BLUE_TRINKET""},{""creatorId""'"
2807,"b':2,""timestamp"":1172682,""type"":""WARD_PLACED"",""wardType"":""YELLOW_TRINKET""},{""killerId"":4,""timestamp"":1178648,""type"":""WARD_KILL"",""w'"
2808,"b'ardType"":""CONTROL_WARD""},{""creatorId"":5,""timestamp"":1178949,""type"":""WARD_PLACED"",""wardType"":""SIGHT_WARD""},{""itemId"":2055,""partic'"
2809,"b'ipantId"":5,""timestamp"":1180849,""type"":""ITEM_DESTROYED""},{""creatorId"":5,""timestamp"":1180849,""type"":""WARD_PLACED"",""wardType"":""CONT'"
2810,"b'ROL_WARD""},{""itemId"":2055,""participantId"":10,""timestamp"":1180918,""type"":""ITEM_DESTROYED""},{""creatorId"":10,""timestamp"":1180918,""t'"
2811,"b'ype"":""WARD_PLACED"",""wardType"":""CONTROL_WARD""},{""killerId"":4,""timestamp"":1182649,""type"":""WARD_KILL"",""wardType"":""UNDEFINED""},{""kil'"
2812,"b'lerId"":4,""timestamp"":1184148,""type"":""WARD_KILL"",""wardType"":""SIGHT_WARD""},{""killerId"":9,""timestamp"":1184447,""type"":""WARD_KILL"",""w'"
2813,"b'ardType"":""SIGHT_WARD""},{""creatorId"":10,""timestamp"":1184447,""type"":""WARD_PLACED"",""wardType"":""UNDEFINED""},{""itemId"":2055,""particip'"
2814,"b'antId"":3,""timestamp"":1188784,""type"":""ITEM_DESTROYED""},{""creatorId"":3,""timestamp"":1188784,""type"":""WARD_PLACED"",""wardType"":""CONTRO'"
2815,"b'L_WARD""},{""creatorId"":5,""timestamp"":1190819,""type"":""WARD_PLACED"",""wardType"":""SIGHT_WARD""},{""creatorId"":10,""timestamp"":1191116,""t'"
2816,"b'ype"":""WARD_PLACED"",""wardType"":""SIGHT_WARD""},{""assistingParticipantIds"":[7,8,10],""bounty"":300,""killStreakLength"":0,""killerId"":9,""'"
2817,"b'position"":{""x"":9497,""y"":6096},""shutdownBounty"":0,""timestamp"":1196514,""type"":""CHAMPION_KILL"",""victimDamageDealt"":[{""basic"":false,'"
2818,"b'""magicDamage"":0,""name"":""Khazix"",""participantId"":7,""physicalDamage"":83,""spellName"":""6630active"",""spellSlot"":7,""trueDamage"":0,""typ'"
2819,"b'e"":""OTHER""},{""basic"":false,""magicDamage"":0,""name"":""Khazix"",""participantId"":8,""physicalDamage"":76,""spellName"":""6630active"",""spell'"
2820,"b'Slot"":7,""trueDamage"":0,""type"":""OTHER""},{""basic"":false,""magicDamage"":0,""name"":""Khazix"",""participantId"":10,""physicalDamage"":0,""spe'"
2821,"b'llName"":""khazixwlong"",""spellSlot"":1,""trueDamage"":0,""type"":""OTHER""},{""basic"":false,""magicDamage"":0,""name"":""Khazix"",""participantId'"
2822,"b'"":10,""physicalDamage"":303,""spellName"":""khazixq"",""spellSlot"":0,""trueDamage"":0,""type"":""OTHER""}],""victimDamageReceived"":[{""basic"":f'"
2823,"b'alse,""magicDamage"":10,""name"":""Rakan"",""participantId"":10,""physicalDamage"":0,""spellName"":""rakanw"",""spellSlot"":1,""trueDamage"":0,""ty'"
2824,"b'pe"":""OTHER""},{""basic"":true,""magicDamage"":0,""name"":""Rakan"",""participantId"":10,""physicalDamage"":50,""spellName"":""rakanbasicattacksh'"
2825,"b'ort"",""spellSlot"":49,""trueDamage"":0,""type"":""OTHER""},{""basic"":false,""magicDamage"":74,""name"":""Rakan"",""participantId"":10,""physicalDa'"
2826,"b'mage"":0,""spellName"":""rakanr"",""spellSlot"":3,""trueDamage"":0,""type"":""OTHER""},{""basic"":false,""magicDamage"":95,""name"":""Zeri"",""partici'"
2827,"b'pantId"":9,""physicalDamage"":0,""spellName"":"""",""spellSlot"":-1,""trueDamage"":0,""type"":""OTHER""},{""basic"":false,""magicDamage"":0,""name"":'"
2828,"b'""Zeri"",""participantId"":9,""physicalDamage"":735,""spellName"":""zeriq"",""spellSlot"":0,""trueDamage"":0,""type"":""OTHER""},{""basic"":false,""m'"
2829,"b'agicDamage"":254,""name"":""Zeri"",""participantId"":9,""physicalDamage"":0,""spellName"":"""",""spellSlot"":63,""trueDamage"":0,""type"":""OTHER""},'"
2830,"b'{""basic"":false,""magicDamage"":112,""name"":""Sylas"",""participantId"":8,""physicalDamage"":0,""spellName"":""6656cast"",""spellSlot"":6,""trueD'"
2831,"b'amage"":0,""type"":""OTHER""},{""basic"":false,""magicDamage"":155,""name"":""Sylas"",""participantId"":8,""physicalDamage"":0,""spellName"":"""",""sp'"
2832,"b'ellSlot"":-1,""trueDamage"":0,""type"":""OTHER""},{""basic"":false,""magicDamage"":261,""name"":""Sylas"",""participantId"":8,""physicalDamage"":0,'"
2833,"b'""spellName"":""sylase2"",""spellSlot"":2,""trueDamage"":123,""type"":""OTHER""},{""basic"":false,""magicDamage"":433,""name"":""Sylas"",""participan'"
2834,"b'tId"":8,""physicalDamage"":0,""spellName"":""sylasq"",""spellSlot"":0,""trueDamage"":0,""type"":""OTHER""},{""basic"":false,""magicDamage"":287,""na'"
2835,"b'me"":""Sylas"",""participantId"":8,""physicalDamage"":0,""spellName"":""sylasw"",""spellSlot"":1,""trueDamage"":0,""type"":""OTHER""},{""basic"":fals'"
2836,"b'e,""magicDamage"":115,""name"":""Sylas"",""participantId"":8,""physicalDamage"":0,""spellName"":""sylaspassive"",""spellSlot"":63,""trueDamage"":0'"
2837,"b',""type"":""OTHER""},{""basic"":false,""magicDamage"":76,""name"":""Nocturne"",""participantId"":7,""physicalDamage"":0,""spellName"":""nocturneuns'"
2838,"b'peakablehorror"",""spellSlot"":2,""trueDamage"":0,""type"":""OTHER""},{""basic"":false,""magicDamage"":0,""name"":""Nocturne"",""participantId"":7,'"
2839,"b'""physicalDamage"":0,""spellName"":""burning"",""spellSlot"":-1,""trueDamage"":15,""type"":""OTHER""},{""basic"":false,""magicDamage"":0,""name"":""N'"
2840,"b'octurne"",""participantId"":7,""physicalDamage"":161,""spellName"":""nocturnep"",""spellSlot"":63,""trueDamage"":0,""type"":""OTHER""},{""basic"":f'"
2841,"b'alse,""magicDamage"":0,""name"":""Nocturne"",""participantId"":7,""physicalDamage"":95,""spellName"":""6631active"",""spellSlot"":7,""trueDamage""'"
2842,"b':0,""type"":""OTHER""}],""victimId"":2},{""creatorId"":5,""timestamp"":1198114,""type"":""WARD_PLACED"",""wardType"":""SIGHT_WARD""},{""killerId"":8'"
2843,"b',""timestamp"":1199249,""type"":""WARD_KILL"",""wardType"":""CONTROL_WARD""}],""participantFrames"":{""1"":{""championStats"":{""abilityHaste"":0,'"
2844,"b'""abilityPower"":0,""armor"":123,""armorPen"":0,""armorPenPercent"":0,""attackDamage"":229,""attackSpeed"":209,""bonusArmorPenPercent"":0,""bon'"
2845,"b'usMagicPenPercent"":0,""ccReduction"":0,""cooldownReduction"":0,""health"":2341,""healthMax"":2341,""healthRegen"":406,""lifesteal"":0,""magic'"
2846,"b'Pen"":0,""magicPenPercent"":0,""magicResist"":81,""movementSpeed"":509,""omnivamp"":0,""physicalVamp"":0,""power"":0,""powerMax"":0,""powerRegen'"
2847,"b'"":0,""spellVamp"":0},""currentGold"":1203,""damageStats"":{""magicDamageDone"":346,""magicDamageDoneToChampions"":346,""magicDamageTaken"":9'"
2848,"b'75,""physicalDamageDone"":104497,""physicalDamageDoneToChampions"":8189,""physicalDamageTaken"":13619,""totalDamageDone"":119166,""totalD'"
2849,"b'amageDoneToChampions"":10247,""totalDamageTaken"":15671,""trueDamageDone"":14322,""trueDamageDoneToChampions"":1712,""trueDamageTaken"":1'"
2850,"b'076},""goldPerSecond"":0,""jungleMinionsKilled"":12,""level"":13,""minionsKilled"":164,""participantId"":1,""position"":{""x"":6917,""y"":7113},'"
2851,"b'""timeEnemySpentControlled"":112000,""totalGold"":8848,""xp"":11230},""2"":{""championStats"":{""abilityHaste"":0,""abilityPower"":0,""armor"":7'"
2852,"b'7,""armorPen"":0,""armorPenPercent"":0,""attackDamage"":238,""attackSpeed"":154,""bonusArmorPenPercent"":0,""bonusMagicPenPercent"":0,""ccRed'"
2853,"b'uction"":0,""cooldownReduction"":0,""health"":0,""healthMax"":2488,""healthRegen"":29,""lifesteal"":0,""magicPen"":0,""magicPenPercent"":0,""mag'"
2854,"b'icResist"":52,""movementSpeed"":405,""omnivamp"":8,""physicalVamp"":0,""power"":465,""powerMax"":720,""powerRegen"":93,""spellVamp"":0},""curren'"
2855,"b'tGold"":155,""damageStats"":{""magicDamageDone"":861,""magicDamageDoneToChampions"":861,""magicDamageTaken"":8766,""physicalDamageDone"":91'"
2856,"b'346,""physicalDamageDoneToChampions"":8902,""physicalDamageTaken"":16293,""totalDamageDone"":122148,""totalDamageDoneToChampions"":10310'"
2857,"b',""totalDamageTaken"":25494,""trueDamageDone"":29940,""trueDamageDoneToChampions"":546,""trueDamageTaken"":433},""goldPerSecond"":0,""jungl'"
2858,"b'eMinionsKilled"":101,""level"":12,""minionsKilled"":36,""participantId"":2,""position"":{""x"":9497,""y"":6096},""timeEnemySpentControlled"":18'"
2859,"b'4413,""totalGold"":8535,""xp"":9747},""3"":{""championStats"":{""abilityHaste"":0,""abilityPower"":139,""armor"":58,""armorPen"":0,""armorPenPerc'"
2860,"b'ent"":0,""attackDamage"":67,""attackSpeed"":137,""bonusArmorPenPercent"":0,""bonusMagicPenPercent"":0,""ccReduction"":0,""cooldownReduction""'"
2861,"b':0,""health"":1622,""healthMax"":1936,""healthRegen"":109,""lifesteal"":0,""magicPen"":24,""magicPenPercent"":0,""magicResist"":40,""movementSp'"
2862,"b'eed"":385,""omnivamp"":0,""physicalVamp"":0,""power"":820,""powerMax"":1052,""powerRegen"":87,""spellVamp"":0},""currentGold"":88,""damageStats""'"
2863,"b':{""magicDamageDone"":65861,""magicDamageDoneToChampions"":12049,""magicDamageTaken"":11560,""physicalDamageDone"":8562,""physicalDamageD'"
2864,"b'oneToChampions"":3047,""physicalDamageTaken"":5157,""totalDamageDone"":87139,""totalDamageDoneToChampions"":15096,""totalDamageTaken"":16'"
2865,"b'944,""trueDamageDone"":12715,""trueDamageDoneToChampions"":0,""trueDamageTaken"":226},""goldPerSecond"":0,""jungleMinionsKilled"":0,""level'"
2866,"b'"":10,""minionsKilled"":128,""participantId"":3,""position"":{""x"":7988,""y"":6533},""timeEnemySpentControlled"":151792,""totalGold"":6528,""xp'"
2867,"b'"":7071},""4"":{""championStats"":{""abilityHaste"":0,""abilityPower"":0,""armor"":60,""armorPen"":0,""armorPenPercent"":0,""attackDamage"":205,""'"
2868,"b'attackSpeed"":284,""bonusArmorPenPercent"":0,""bonusMagicPenPercent"":0,""ccReduction"":0,""cooldownReduction"":0,""health"":126,""healthMax'"
2869,"b'"":1615,""healthRegen"":16,""lifesteal"":4,""magicPen"":0,""magicPenPercent"":0,""magicResist"":41,""movementSpeed"":327,""omnivamp"":2,""physic'"
2870,"b'alVamp"":0,""power"":607,""powerMax"":816,""powerRegen"":68,""spellVamp"":0},""currentGold"":520,""damageStats"":{""magicDamageDone"":7409,""mag'"
2871,"b'icDamageDoneToChampions"":3778,""magicDamageTaken"":2365,""physicalDamageDone"":87223,""physicalDamageDoneToChampions"":9581,""physicalD'"
2872,"b'amageTaken"":8443,""totalDamageDone"":94633,""totalDamageDoneToChampions"":13359,""totalDamageTaken"":11156,""trueDamageDone"":0,""trueDam'"
2873,"b'ageDoneToChampions"":0,""trueDamageTaken"":347},""goldPerSecond"":0,""jungleMinionsKilled"":0,""level"":11,""minionsKilled"":168,""participa'"
2874,"b'ntId"":4,""position"":{""x"":7818,""y"":6324},""timeEnemySpentControlled"":0,""totalGold"":9895,""xp"":8137},""5"":{""championStats"":{""abilityHa'"
2875,"b'ste"":0,""abilityPower"":20,""armor"":153,""armorPen"":0,""armorPenPercent"":0,""attackDamage"":75,""attackSpeed"":110,""bonusArmorPenPercent""'"
2876,"b':0,""bonusMagicPenPercent"":0,""ccReduction"":34,""cooldownReduction"":0,""health"":1670,""healthMax"":1760,""healthRegen"":52,""lifesteal"":0'"
2877,"b',""magicPen"":0,""magicPenPercent"":0,""magicResist"":113,""movementSpeed"":391,""omnivamp"":0,""physicalVamp"":0,""power"":563,""powerMax"":653'"
2878,"b',""powerRegen"":16,""spellVamp"":0},""currentGold"":155,""damageStats"":{""magicDamageDone"":4557,""magicDamageDoneToChampions"":2484,""magic'"
2879,"b'DamageTaken"":6281,""physicalDamageDone"":4398,""physicalDamageDoneToChampions"":1426,""physicalDamageTaken"":3750,""totalDamageDone"":21'"
2880,"b'480,""totalDamageDoneToChampions"":4557,""totalDamageTaken"":10364,""trueDamageDone"":12524,""trueDamageDoneToChampions"":646,""trueDamag'"
2881,"b'eTaken"":333},""goldPerSecond"":30,""jungleMinionsKilled"":0,""level"":9,""minionsKilled"":28,""participantId"":5,""position"":{""x"":7428,""y"":'"
2882,"b'6211},""timeEnemySpentControlled"":152216,""totalGold"":5185,""xp"":5730},""6"":{""championStats"":{""abilityHaste"":0,""abilityPower"":0,""arm'"
2883,"b'or"":87,""armorPen"":0,""armorPenPercent"":0,""attackDamage"":269,""attackSpeed"":145,""bonusArmorPenPercent"":0,""bonusMagicPenPercent"":0,""'"
2884,"b'ccReduction"":19,""cooldownReduction"":0,""health"":2214,""healthMax"":2305,""healthRegen"":27,""lifesteal"":0,""magicPen"":0,""magicPenPercen'"
2885,"b't"":0,""magicResist"":54,""movementSpeed"":385,""omnivamp"":10,""physicalVamp"":0,""power"":0,""powerMax"":0,""powerRegen"":0,""spellVamp"":0},""c'"
2886,"b'urrentGold"":717,""damageStats"":{""magicDamageDone"":0,""magicDamageDoneToChampions"":0,""magicDamageTaken"":724,""physicalDamageDone"":96'"
2887,"b'570,""physicalDamageDoneToChampions"":12584,""physicalDamageTaken"":10586,""totalDamageDone"":101646,""totalDamageDoneToChampions"":1338'"
2888,"b'6,""totalDamageTaken"":12795,""trueDamageDone"":5076,""trueDamageDoneToChampions"":802,""trueDamageTaken"":1484},""goldPerSecond"":0,""jung'"
2889,"b'leMinionsKilled"":0,""level"":13,""minionsKilled"":175,""participantId"":6,""position"":{""x"":7600,""y"":6604},""timeEnemySpentControlled"":10'"
2890,"b'8651,""totalGold"":7782,""xp"":11368},""7"":{""championStats"":{""abilityHaste"":0,""abilityPower"":0,""armor"":104,""armorPen"":0,""armorPenPerc'"
2891,"b'ent"":0,""attackDamage"":280,""attackSpeed"":222,""bonusArmorPenPercent"":0,""bonusMagicPenPercent"":0,""ccReduction"":19,""cooldownReductio'"
2892,"b'n"":0,""health"":2428,""healthMax"":2428,""healthRegen"":28,""lifesteal"":0,""magicPen"":0,""magicPenPercent"":0,""magicResist"":47,""movementSp'"
2893,"b'eed"":518,""omnivamp"":0,""physicalVamp"":0,""power"":427,""powerMax"":619,""powerRegen"":134,""spellVamp"":0},""currentGold"":381,""damageStats'"
2894,"b'"":{""magicDamageDone"":3241,""magicDamageDoneToChampions"":926,""magicDamageTaken"":3584,""physicalDamageDone"":111370,""physicalDamageDo'"
2895,"b'neToChampions"":10414,""physicalDamageTaken"":16290,""totalDamageDone"":141674,""totalDamageDoneToChampions"":11819,""totalDamageTaken"":'"
2896,"b'20428,""trueDamageDone"":27063,""trueDamageDoneToChampions"":478,""trueDamageTaken"":553},""goldPerSecond"":0,""jungleMinionsKilled"":101,'"
2897,"b'""level"":12,""minionsKilled"":17,""participantId"":7,""position"":{""x"":7224,""y"":6579},""timeEnemySpentControlled"":428183,""totalGold"":892'"
2898,"b'1,""xp"":8799},""8"":{""championStats"":{""abilityHaste"":0,""abilityPower"":343,""armor"":122,""armorPen"":0,""armorPenPercent"":0,""attackDamag'"
2899,"b'e"":93,""attackSpeed"":145,""bonusArmorPenPercent"":0,""bonusMagicPenPercent"":0,""ccReduction"":0,""cooldownReduction"":0,""health"":2195,""h'"
2900,"b'ealthMax"":2654,""healthRegen"":59,""lifesteal"":0,""magicPen"":0,""magicPenPercent"":0,""magicResist"":67,""movementSpeed"":395,""omnivamp"":0'"
2901,"b',""physicalVamp"":0,""power"":1491,""powerMax"":1676,""powerRegen"":33,""spellVamp"":0},""currentGold"":1129,""damageStats"":{""magicDamageDone'"
2902,"b'"":111796,""magicDamageDoneToChampions"":19059,""magicDamageTaken"":10651,""physicalDamageDone"":2950,""physicalDamageDoneToChampions"":4'"
2903,"b'54,""physicalDamageTaken"":12633,""totalDamageDone"":119262,""totalDamageDoneToChampions"":20135,""totalDamageTaken"":23516,""trueDamageD'"
2904,"b'one"":4515,""trueDamageDoneToChampions"":621,""trueDamageTaken"":232},""goldPerSecond"":0,""jungleMinionsKilled"":4,""level"":13,""minionsKi'"
2905,"b'lled"":177,""participantId"":8,""position"":{""x"":8754,""y"":5875},""timeEnemySpentControlled"":334636,""totalGold"":11579,""xp"":10632},""9"":{'"
2906,"b'""championStats"":{""abilityHaste"":0,""abilityPower"":0,""armor"":66,""armorPen"":0,""armorPenPercent"":0,""attackDamage"":205,""attackSpeed"":'"
2907,"b'253,""bonusArmorPenPercent"":0,""bonusMagicPenPercent"":0,""ccReduction"":0,""cooldownReduction"":0,""health"":1675,""healthMax"":1675,""heal'"
2908,"b'thRegen"":18,""lifesteal"":0,""magicPen"":0,""magicPenPercent"":0,""magicResist"":41,""movementSpeed"":380,""omnivamp"":2,""physicalVamp"":0,""p'"
2909,"b'ower"":508,""powerMax"":644,""powerRegen"":26,""spellVamp"":0},""currentGold"":952,""damageStats"":{""magicDamageDone"":35235,""magicDamageDon'"
2910,"b'eToChampions"":3831,""magicDamageTaken"":3165,""physicalDamageDone"":51670,""physicalDamageDoneToChampions"":6453,""physicalDamageTaken""'"
2911,"b':7621,""totalDamageDone"":94471,""totalDamageDoneToChampions"":10330,""totalDamageTaken"":11087,""trueDamageDone"":7564,""trueDamageDoneT'"
2912,"b'oChampions"":46,""trueDamageTaken"":301},""goldPerSecond"":0,""jungleMinionsKilled"":9,""level"":11,""minionsKilled"":148,""participantId"":9'"
2913,"b',""position"":{""x"":8380,""y"":5781},""timeEnemySpentControlled"":23304,""totalGold"":9132,""xp"":7898},""10"":{""championStats"":{""abilityHast'"
2914,"b'e"":0,""abilityPower"":68,""armor"":103,""armorPen"":0,""armorPenPercent"":0,""attackDamage"":89,""attackSpeed"":130,""bonusArmorPenPercent"":0'"
2915,"b',""bonusMagicPenPercent"":0,""ccReduction"":30,""cooldownReduction"":0,""health"":1977,""healthMax"":2632,""healthRegen"":62,""lifesteal"":0,""'"
2916,"b'magicPen"":0,""magicPenPercent"":0,""magicResist"":102,""movementSpeed"":380,""omnivamp"":0,""physicalVamp"":0,""power"":473,""powerMax"":702,""'"
2917,"b'powerRegen"":25,""spellVamp"":0},""currentGold"":337,""damageStats"":{""magicDamageDone"":6152,""magicDamageDoneToChampions"":2735,""magicDa'"
2918,"b'mageTaken"":3301,""physicalDamageDone"":4882,""physicalDamageDoneToChampions"":1441,""physicalDamageTaken"":6384,""totalDamageDone"":1806'"
2919,"b'3,""totalDamageDoneToChampions"":4645,""totalDamageTaken"":10019,""trueDamageDone"":7028,""trueDamageDoneToChampions"":468,""trueDamageTa'"
2920,"b'ken"":333},""goldPerSecond"":30,""jungleMinionsKilled"":0,""level"":10,""minionsKilled"":42,""participantId"":10,""position"":{""x"":7773,""y"":6'"
2921,"b'611},""timeEnemySpentControlled"":44857,""totalGold"":5602,""xp"":6565}},""timestamp"":1200383},{""events"":[{""assistingParticipantIds"":[6'"
2922,"b',7,10],""bounty"":300,""killStreakLength"":1,""killerId"":9,""position"":{""x"":7879,""y"":6295},""shutdownBounty"":0,""timestamp"":1200761,""typ'"
2923,"b'e"":""CHAMPION_KILL"",""victimDamageDealt"":[{""basic"":false,""magicDamage"":0,""name"":""Kaisa"",""participantId"":6,""physicalDamage"":195,""sp'"
2924,"b'ellName"":""kaisaq"",""spellSlot"":0,""trueDamage"":0,""type"":""OTHER""},{""basic"":false,""magicDamage"":217,""name"":""Kaisa"",""participantId"":8'"
2925,"b',""physicalDamage"":0,""spellName"":""kaisaw"",""spellSlot"":1,""trueDamage"":0,""type"":""OTHER""},{""basic"":false,""magicDamage"":28,""name"":""Ka'"
2926,"b'isa"",""participantId"":8,""physicalDamage"":0,""spellName"":""kaisapassive"",""spellSlot"":63,""trueDamage"":0,""type"":""OTHER""},{""basic"":fals'"
2927,"b'e,""magicDamage"":38,""name"":""Kaisa"",""participantId"":10,""physicalDamage"":0,""spellName"":""kaisapassive"",""spellSlot"":63,""trueDamage"":0'"
2928,"b',""type"":""OTHER""},{""basic"":true,""magicDamage"":0,""name"":""Kaisa"",""participantId"":10,""physicalDamage"":122,""spellName"":""kaisaeattack""'"
2929,"b',""spellSlot"":67,""trueDamage"":0,""type"":""OTHER""},{""basic"":false,""magicDamage"":0,""name"":""Kaisa"",""participantId"":10,""physicalDamage""'"
2930,"b':209,""spellName"":""kaisaq"",""spellSlot"":0,""trueDamage"":0,""type"":""OTHER""},{""basic"":true,""magicDamage"":0,""name"":""Kaisa"",""participant'"
2931,"b'Id"":10,""physicalDamage"":111,""spellName"":""kaisaeattack2"",""spellSlot"":68,""trueDamage"":0,""type"":""OTHER""}],""victimDamageReceived"":[{'"
2932,"b'""basic"":false,""magicDamage"":0,""name"":""Riven"",""participantId"":6,""physicalDamage"":255,""spellName"":""rivenizunablade"",""spellSlot"":3,'"
2933,"b'""trueDamage"":0,""type"":""OTHER""},{""basic"":false,""magicDamage"":0,""name"":""Riven"",""participantId"":6,""physicalDamage"":79,""spellName"":""'"
2934,"b'rivenpassive"",""spellSlot"":63,""trueDamage"":0,""type"":""OTHER""},{""basic"":false,""magicDamage"":0,""name"":""Riven"",""participantId"":6,""phy'"
2935,"b'sicalDamage"":300,""spellName"":""riventricleave"",""spellSlot"":0,""trueDamage"":0,""type"":""OTHER""},{""basic"":false,""magicDamage"":0,""name""'"
2936,"b':""Riven"",""participantId"":6,""physicalDamage"":131,""spellName"":""rivenmartyr"",""spellSlot"":1,""trueDamage"":0,""type"":""OTHER""},{""basic"":'"
2937,"b'true,""magicDamage"":0,""name"":""Riven"",""participantId"":6,""physicalDamage"":152,""spellName"":""rivenbasicattack"",""spellSlot"":64,""trueDa'"
2938,"b'mage"":0,""type"":""OTHER""},{""basic"":false,""magicDamage"":0,""name"":""Nocturne"",""participantId"":7,""physicalDamage"":0,""spellName"":""noctu'"
2939,"b'rneduskbringer"",""spellSlot"":0,""trueDamage"":0,""type"":""OTHER""},{""basic"":false,""magicDamage"":0,""name"":""Nocturne"",""participantId"":7,'"
2940,"b'""physicalDamage"":254,""spellName"":""nocturneparanoia2"",""spellSlot"":3,""trueDamage"":0,""type"":""OTHER""},{""basic"":false,""magicDamage"":0'"
2941,"b',""name"":""Nocturne"",""participantId"":7,""physicalDamage"":0,""spellName"":""summonersmiteavatarutility"",""spellSlot"":4,""trueDamage"":110,'"
2942,"b'""type"":""OTHER""},{""basic"":true,""magicDamage"":0,""name"":""Nocturne"",""participantId"":7,""physicalDamage"":132,""spellName"":""nocturnebasi'"
2943,"b'cattack"",""spellSlot"":64,""trueDamage"":0,""type"":""OTHER""},{""basic"":true,""magicDamage"":0,""name"":""Rakan"",""participantId"":10,""physical'"
2944,"b'Damage"":55,""spellName"":""rakanbasicattackshort2"",""spellSlot"":49,""trueDamage"":0,""type"":""OTHER""},{""basic"":false,""magicDamage"":0,""na'"
2945,"b'me"":""Nocturne"",""participantId"":2,""physicalDamage"":0,""spellName"":""burning"",""spellSlot"":-1,""trueDamage"":30,""type"":""OTHER""},{""basic'"
2946,"b'"":false,""magicDamage"":279,""name"":""Zeri"",""participantId"":9,""physicalDamage"":0,""spellName"":""zerir"",""spellSlot"":3,""trueDamage"":0,""t'"
2947,"b'ype"":""OTHER""}],""victimId"":4},{""killType"":""KILL_MULTI"",""killerId"":9,""multiKillLength"":2,""position"":{""x"":8151,""y"":5834},""timestamp'"
2948,"b'"":1200761,""type"":""CHAMPION_SPECIAL_KILL""},{""level"":14,""participantId"":6,""timestamp"":1200761,""type"":""LEVEL_UP""},{""levelUpType"":""N'"
2949,"b'ORMAL"",""participantId"":6,""skillSlot"":2,""timestamp"":1204624,""type"":""SKILL_LEVEL_UP""},{""creatorId"":3,""timestamp"":1210799,""type"":""W'"
2950,"b'ARD_PLACED"",""wardType"":""YELLOW_TRINKET""},{""killerId"":5,""timestamp"":1212935,""type"":""WARD_KILL"",""wardType"":""SIGHT_WARD""},{""killerI'"
2951,"b'd"":5,""timestamp"":1213606,""type"":""WARD_KILL"",""wardType"":""UNDEFINED""},{""bounty"":175,""killStreakLength"":1,""killerId"":7,""position"":{'"
2952,"b'""x"":1422,""y"":7477},""shutdownBounty"":0,""timestamp"":1219910,""type"":""CHAMPION_KILL"",""victimDamageDealt"":[{""basic"":false,""magicDamag'"
2953,"b'e"":810,""name"":""Neeko"",""participantId"":7,""physicalDamage"":0,""spellName"":""neekoq"",""spellSlot"":0,""trueDamage"":0,""type"":""OTHER""},{""b'"
2954,"b'asic"":false,""magicDamage"":32,""name"":""Neeko"",""participantId"":7,""physicalDamage"":0,""spellName"":"""",""spellSlot"":-1,""trueDamage"":0,""t'"
2955,"b'ype"":""OTHER""},{""basic"":false,""magicDamage"":12,""name"":""Neeko"",""participantId"":7,""physicalDamage"":0,""spellName"":""itemdarkcrystalfl'"
2956,"b'ask"",""spellSlot"":6,""trueDamage"":0,""type"":""OTHER""},{""basic"":false,""magicDamage"":186,""name"":""Neeko"",""participantId"":7,""physicalDam'"
2957,"b'age"":0,""spellName"":""neekoe"",""spellSlot"":2,""trueDamage"":0,""type"":""OTHER""},{""basic"":false,""magicDamage"":228,""name"":""Neeko"",""partic'"
2958,"b'ipantId"":8,""physicalDamage"":0,""spellName"":""neekoq"",""spellSlot"":0,""trueDamage"":0,""type"":""OTHER""},{""basic"":false,""magicDamage"":48,'"
2959,"b'""name"":""Neeko"",""participantId"":8,""physicalDamage"":0,""spellName"":"""",""spellSlot"":-1,""trueDamage"":0,""type"":""OTHER""},{""basic"":false,'"
2960,"b'""magicDamage"":10,""name"":""Neeko"",""participantId"":8,""physicalDamage"":0,""spellName"":""itemdarkcrystalflask"",""spellSlot"":6,""trueDamag'"
2961,"b'e"":0,""type"":""OTHER""},{""basic"":false,""magicDamage"":160,""name"":""Neeko"",""participantId"":8,""physicalDamage"":0,""spellName"":""neekoe"",""'"
2962,"b'spellSlot"":2,""trueDamage"":0,""type"":""OTHER""}],""victimDamageReceived"":[{""basic"":false,""magicDamage"":0,""name"":""Nocturne"",""participa'"
2963,"b'ntId"":2,""physicalDamage"":0,""spellName"":""burning"",""spellSlot"":-1,""trueDamage"":30,""type"":""OTHER""},{""basic"":false,""magicDamage"":95,'"
2964,"b'""name"":""Rakan"",""participantId"":10,""physicalDamage"":0,""spellName"":""rakanr"",""spellSlot"":3,""trueDamage"":0,""type"":""OTHER""},{""basic"":'"
2965,"b'true,""magicDamage"":0,""name"":""Nocturne"",""participantId"":7,""physicalDamage"":212,""spellName"":""nocturnebasicattack2"",""spellSlot"":65,'"
2966,"b'""trueDamage"":0,""type"":""OTHER""},{""basic"":false,""magicDamage"":159,""name"":""Nocturne"",""participantId"":7,""physicalDamage"":0,""spellNam'"
2967,"b'e"":""nocturneunspeakablehorror"",""spellSlot"":2,""trueDamage"":0,""type"":""OTHER""},{""basic"":false,""magicDamage"":0,""name"":""Nocturne"",""pa'"
2968,"b'rticipantId"":7,""physicalDamage"":950,""spellName"":""nocturneduskbringer"",""spellSlot"":0,""trueDamage"":0,""type"":""OTHER""},{""basic"":fals'"
2969,"b'e,""magicDamage"":0,""name"":""Nocturne"",""participantId"":7,""physicalDamage"":0,""spellName"":""summonersmiteavatarutility"",""spellSlot"":4,'"
2970,"b'""trueDamage"":110,""type"":""OTHER""},{""basic"":false,""magicDamage"":0,""name"":""Nocturne"",""participantId"":7,""physicalDamage"":100,""spellN'"
2971,"b'ame"":""6631active"",""spellSlot"":7,""trueDamage"":0,""type"":""OTHER""},{""basic"":false,""magicDamage"":0,""name"":""Nocturne"",""participantId"":'"
2972,"b'7,""physicalDamage"":226,""spellName"":""nocturnep"",""spellSlot"":63,""trueDamage"":0,""type"":""OTHER""},{""basic"":true,""magicDamage"":0,""name'"
2973,"b'"":""Nocturne"",""participantId"":7,""physicalDamage"":375,""spellName"":""nocturnebasicattack"",""spellSlot"":64,""trueDamage"":0,""type"":""OTHE'"
2974,"b'R""},{""basic"":true,""magicDamage"":0,""name"":""SRU_ChaosMinionMelee"",""participantId"":0,""physicalDamage"":20,""spellName"":""sru_chaosmini'"
2975,"b'onrangedbasicattack"",""spellSlot"":64,""trueDamage"":0,""type"":""MINION""},{""basic"":true,""magicDamage"":0,""name"":""SRU_ChaosMinionMelee"",'"
2976,"b'""participantId"":0,""physicalDamage"":12,""spellName"":""sru_chaosminionmeleebasicattack"",""spellSlot"":64,""trueDamage"":0,""type"":""MINION'"
2977,"b'""},{""basic"":true,""magicDamage"":0,""name"":""SRU_ChaosMinionMelee"",""participantId"":0,""physicalDamage"":84,""spellName"":""sru_chaosminio'"
2978,"b'nrangedbasicattack2"",""spellSlot"":65,""trueDamage"":0,""type"":""MINION""}],""victimId"":3},{""creatorId"":10,""timestamp"":1223912,""type"":""W'"
2979,"b'ARD_PLACED"",""wardType"":""SIGHT_WARD""},{""itemId"":2055,""participantId"":2,""timestamp"":1229212,""type"":""ITEM_PURCHASED""},{""itemId"":205'"
2980,"b'5,""participantId"":7,""timestamp"":1230315,""type"":""ITEM_DESTROYED""},{""creatorId"":7,""timestamp"":1230315,""type"":""WARD_PLACED"",""wardTy'"
2981,"b'pe"":""CONTROL_WARD""},{""itemId"":1029,""participantId"":5,""timestamp"":1233250,""type"":""ITEM_DESTROYED""},{""itemId"":1029,""participantId""'"
2982,"b':5,""timestamp"":1233250,""type"":""ITEM_DESTROYED""},{""itemId"":3076,""participantId"":5,""timestamp"":1233250,""type"":""ITEM_PURCHASED""},{""'"
2983,"b'level"":14,""participantId"":1,""timestamp"":1237878,""type"":""LEVEL_UP""},{""itemId"":2055,""participantId"":5,""timestamp"":1238778,""type"":""'"
2984,"b'ITEM_PURCHASED""},{""levelUpType"":""NORMAL"",""participantId"":1,""skillSlot"":2,""timestamp"":1240377,""type"":""SKILL_LEVEL_UP""},{""creatorI'"
2985,"b'd"":10,""timestamp"":1241245,""type"":""WARD_PLACED"",""wardType"":""SIGHT_WARD""},{""assistingParticipantIds"":[6,7,8,10],""bounty"":0,""killer'"
2986,"b'Id"":9,""killerTeamId"":200,""monsterType"":""BARON_NASHOR"",""position"":{""x"":5007,""y"":10471},""timestamp"":1248529,""type"":""ELITE_MONSTER_'"
2987,"b'KILL""},{""level"":13,""participantId"":7,""timestamp"":1248529,""type"":""LEVEL_UP""},{""level"":14,""participantId"":8,""timestamp"":1248529,""t'"
2988,"b'ype"":""LEVEL_UP""},{""level"":12,""participantId"":9,""timestamp"":1248529,""type"":""LEVEL_UP""},{""level"":11,""participantId"":10,""timestamp""'"
2989,"b':1248529,""type"":""LEVEL_UP""},{""levelUpType"":""NORMAL"",""participantId"":10,""skillSlot"":4,""timestamp"":1249427,""type"":""SKILL_LEVEL_UP""'"
2990,"b'},{""levelUpType"":""NORMAL"",""participantId"":7,""skillSlot"":3,""timestamp"":1250495,""type"":""SKILL_LEVEL_UP""},{""levelUpType"":""NORMAL"",""'"
2991,"b'participantId"":8,""skillSlot"":1,""timestamp"":1251858,""type"":""SKILL_LEVEL_UP""},{""itemId"":2055,""participantId"":10,""timestamp"":125185'"
2992,"b'8,""type"":""ITEM_DESTROYED""},{""creatorId"":10,""timestamp"":1251858,""type"":""WARD_PLACED"",""wardType"":""CONTROL_WARD""},{""itemId"":1038,""p'"
2993,"b'articipantId"":9,""timestamp"":1253624,""type"":""ITEM_PURCHASED""},{""itemId"":3133,""participantId"":6,""timestamp"":1254189,""type"":""ITEM_D'"
2994,"b'ESTROYED""},{""itemId"":3067,""participantId"":6,""timestamp"":1254189,""type"":""ITEM_DESTROYED""},{""itemId"":1036,""participantId"":6,""times'"
2995,"b'tamp"":1254189,""type"":""ITEM_DESTROYED""},{""itemId"":3071,""participantId"":6,""timestamp"":1254189,""type"":""ITEM_PURCHASED""},{""itemId"":1'"
2996,"b'036,""participantId"":9,""timestamp"":1254788,""type"":""ITEM_PURCHASED""},{""itemId"":1036,""participantId"":6,""timestamp"":1254988,""type"":""'"
2997,"b'ITEM_PURCHASED""},{""creatorId"":10,""timestamp"":1256325,""type"":""WARD_PLACED"",""wardType"":""SIGHT_WARD""},{""levelUpType"":""NORMAL"",""part'"
2998,"b'icipantId"":9,""skillSlot"":3,""timestamp"":1256724,""type"":""SKILL_LEVEL_UP""},{""itemId"":2055,""participantId"":5,""timestamp"":1256926,""ty'"
2999,"b'pe"":""ITEM_DESTROYED""},{""creatorId"":5,""timestamp"":1256926,""type"":""WARD_PLACED"",""wardType"":""CONTROL_WARD""},{""killerId"":1,""timestam'"
3000,"b'p"":1258328,""type"":""WARD_KILL"",""wardType"":""BLUE_TRINKET""},{""itemId"":2055,""participantId"":2,""timestamp"":1258694,""type"":""ITEM_DESTR'"
3001,"b'OYED""},{""creatorId"":2,""timestamp"":1258694,""type"":""WARD_PLACED"",""wardType"":""CONTROL_WARD""}],""participantFrames"":{""1"":{""championSt'"
3002,"b'ats"":{""abilityHaste"":0,""abilityPower"":0,""armor"":128,""armorPen"":0,""armorPenPercent"":0,""attackDamage"":234,""attackSpeed"":214,""bonus'"
3003,"b'ArmorPenPercent"":0,""bonusMagicPenPercent"":0,""ccReduction"":0,""cooldownReduction"":0,""health"":2460,""healthMax"":2460,""healthRegen"":4'"
3004,"b'46,""lifesteal"":0,""magicPen"":0,""magicPenPercent"":0,""magicResist"":83,""movementSpeed"":430,""omnivamp"":0,""physicalVamp"":0,""power"":0,""'"
3005,"b'powerMax"":0,""powerRegen"":0,""spellVamp"":0},""currentGold"":1535,""damageStats"":{""magicDamageDone"":346,""magicDamageDoneToChampions"":3'"
3006,"b'46,""magicDamageTaken"":1142,""physicalDamageDone"":112638,""physicalDamageDoneToChampions"":9059,""physicalDamageTaken"":13995,""totalDa'"
3007,"b'mageDone"":127866,""totalDamageDoneToChampions"":11677,""totalDamageTaken"":16215,""trueDamageDone"":14880,""trueDamageDoneToChampions"":'"
3008,"b'2270,""trueDamageTaken"":1076},""goldPerSecond"":0,""jungleMinionsKilled"":12,""level"":14,""minionsKilled"":172,""participantId"":1,""positi'"
3009,"b'on"":{""x"":10846,""y"":3638},""timeEnemySpentControlled"":132481,""totalGold"":9185,""xp"":11651},""2"":{""championStats"":{""abilityHaste"":0,""'"
3010,"b'abilityPower"":0,""armor"":77,""armorPen"":0,""armorPenPercent"":0,""attackDamage"":225,""attackSpeed"":154,""bonusArmorPenPercent"":0,""bonus'"
3011,"b'MagicPenPercent"":0,""ccReduction"":19,""cooldownReduction"":0,""health"":2488,""healthMax"":2488,""healthRegen"":29,""lifesteal"":0,""magicPe'"
3012,"b'n"":0,""magicPenPercent"":0,""magicResist"":52,""movementSpeed"":405,""omnivamp"":8,""physicalVamp"":0,""power"":720,""powerMax"":720,""powerReg'"
3013,"b'en"":25,""spellVamp"":0},""currentGold"":202,""damageStats"":{""magicDamageDone"":861,""magicDamageDoneToChampions"":861,""magicDamageTaken""'"
3014,"b':8766,""physicalDamageDone"":91346,""physicalDamageDoneToChampions"":8902,""physicalDamageTaken"":16293,""totalDamageDone"":122148,""tota'"
3015,"b'lDamageDoneToChampions"":10310,""totalDamageTaken"":25494,""trueDamageDone"":29940,""trueDamageDoneToChampions"":546,""trueDamageTaken"":'"
3016,"b'433},""goldPerSecond"":0,""jungleMinionsKilled"":101,""level"":12,""minionsKilled"":36,""participantId"":2,""position"":{""x"":9436,""y"":4234},'"
3017,"b'""timeEnemySpentControlled"":184413,""totalGold"":8657,""xp"":9759},""3"":{""championStats"":{""abilityHaste"":0,""abilityPower"":139,""armor"":'"
3018,"b'61,""armorPen"":0,""armorPenPercent"":0,""attackDamage"":67,""attackSpeed"":137,""bonusArmorPenPercent"":0,""bonusMagicPenPercent"":0,""ccRed'"
3019,"b'uction"":0,""cooldownReduction"":0,""health"":1936,""healthMax"":1936,""healthRegen"":26,""lifesteal"":0,""magicPen"":24,""magicPenPercent"":0,'"
3020,"b'""magicResist"":40,""movementSpeed"":518,""omnivamp"":0,""physicalVamp"":0,""power"":985,""powerMax"":1052,""powerRegen"":24,""spellVamp"":0},""c'"
3021,"b'urrentGold"":246,""damageStats"":{""magicDamageDone"":70415,""magicDamageDoneToChampions"":14360,""magicDamageTaken"":11720,""physicalDama'"
3022,"b'geDone"":8665,""physicalDamageDoneToChampions"":3082,""physicalDamageTaken"":6919,""totalDamageDone"":91795,""totalDamageDoneToChampions'"
3023,"b'"":17442,""totalDamageTaken"":19006,""trueDamageDone"":12715,""trueDamageDoneToChampions"":0,""trueDamageTaken"":367},""goldPerSecond"":0,""'"
3024,"b'jungleMinionsKilled"":0,""level"":10,""minionsKilled"":130,""participantId"":3,""position"":{""x"":9787,""y"":1396},""timeEnemySpentControlled'"
3025,"b'"":165098,""totalGold"":6686,""xp"":7291},""4"":{""championStats"":{""abilityHaste"":0,""abilityPower"":0,""armor"":70,""armorPen"":0,""armorPenPe'"
3026,"b'rcent"":0,""attackDamage"":205,""attackSpeed"":217,""bonusArmorPenPercent"":0,""bonusMagicPenPercent"":0,""ccReduction"":0,""cooldownReducti'"
3027,"b'on"":0,""health"":1615,""healthMax"":1615,""healthRegen"":16,""lifesteal"":4,""magicPen"":0,""magicPenPercent"":0,""magicResist"":41,""movementS'"
3028,"b'peed"":507,""omnivamp"":2,""physicalVamp"":0,""power"":763,""powerMax"":816,""powerRegen"":68,""spellVamp"":0},""currentGold"":642,""damageStats'"
3029,"b'"":{""magicDamageDone"":7708,""magicDamageDoneToChampions"":4076,""magicDamageTaken"":2644,""physicalDamageDone"":87592,""physicalDamageDo'"
3030,"b'neToChampions"":9950,""physicalDamageTaken"":8443,""totalDamageDone"":95301,""totalDamageDoneToChampions"":14027,""totalDamageTaken"":114'"
3031,"b'35,""trueDamageDone"":0,""trueDamageDoneToChampions"":0,""trueDamageTaken"":347},""goldPerSecond"":0,""jungleMinionsKilled"":0,""level"":11,'"
3032,"b'""minionsKilled"":168,""participantId"":4,""position"":{""x"":8181,""y"":5360},""timeEnemySpentControlled"":0,""totalGold"":10017,""xp"":8137},""'"
3033,"b'5"":{""championStats"":{""abilityHaste"":0,""abilityPower"":20,""armor"":153,""armorPen"":0,""armorPenPercent"":0,""attackDamage"":75,""attackSp'"
3034,"b'eed"":110,""bonusArmorPenPercent"":0,""bonusMagicPenPercent"":0,""ccReduction"":33,""cooldownReduction"":0,""health"":1760,""healthMax"":1760'"
3035,"b',""healthRegen"":52,""lifesteal"":0,""magicPen"":0,""magicPenPercent"":0,""magicResist"":113,""movementSpeed"":509,""omnivamp"":0,""physicalVam'"
3036,"b'p"":0,""power"":613,""powerMax"":653,""powerRegen"":16,""spellVamp"":0},""currentGold"":51,""damageStats"":{""magicDamageDone"":4644,""magicDama'"
3037,"b'geDoneToChampions"":2484,""magicDamageTaken"":6424,""physicalDamageDone"":4508,""physicalDamageDoneToChampions"":1458,""physicalDamageTa'"
3038,"b'ken"":4311,""totalDamageDone"":21678,""totalDamageDoneToChampions"":4589,""totalDamageTaken"":11129,""trueDamageDone"":12525,""trueDamageD'"
3039,"b'oneToChampions"":646,""trueDamageTaken"":393},""goldPerSecond"":30,""jungleMinionsKilled"":0,""level"":9,""minionsKilled"":30,""participantI'"
3040,"b'd"":5,""position"":{""x"":7968,""y"":5560},""timeEnemySpentControlled"":152216,""totalGold"":5361,""xp"":6035},""6"":{""championStats"":{""ability'"
3041,"b'Haste"":0,""abilityPower"":20,""armor"":92,""armorPen"":0,""armorPenPercent"":0,""attackDamage"":246,""attackSpeed"":149,""bonusArmorPenPercen'"
3042,"b't"":0,""bonusMagicPenPercent"":0,""ccReduction"":19,""cooldownReduction"":0,""health"":2445,""healthMax"":2694,""healthRegen"":29,""lifesteal""'"
3043,"b':0,""magicPen"":0,""magicPenPercent"":0,""magicResist"":56,""movementSpeed"":483,""omnivamp"":10,""physicalVamp"":0,""power"":0,""powerMax"":0,""'"
3044,"b'powerRegen"":0,""spellVamp"":0},""currentGold"":209,""damageStats"":{""magicDamageDone"":0,""magicDamageDoneToChampions"":0,""magicDamageTak'"
3045,"b'en"":1238,""physicalDamageDone"":103525,""physicalDamageDoneToChampions"":12584,""physicalDamageTaken"":11613,""totalDamageDone"":108601,'"
3046,"b'""totalDamageDoneToChampions"":13386,""totalDamageTaken"":14895,""trueDamageDone"":5076,""trueDamageDoneToChampions"":802,""trueDamageTak'"
3047,"b'en"":2043},""goldPerSecond"":0,""jungleMinionsKilled"":0,""level"":14,""minionsKilled"":182,""participantId"":6,""position"":{""x"":12650,""y"":1'"
3048,"b'1341},""timeEnemySpentControlled"":112150,""totalGold"":8474,""xp"":12685},""7"":{""championStats"":{""abilityHaste"":0,""abilityPower"":20,""a'"
3049,"b'rmor"":115,""armorPen"":0,""armorPenPercent"":0,""attackDamage"":236,""attackSpeed"":197,""bonusArmorPenPercent"":0,""bonusMagicPenPercent"":'"
3050,"b'0,""ccReduction"":19,""cooldownReduction"":0,""health"":1424,""healthMax"":2548,""healthRegen"":30,""lifesteal"":0,""magicPen"":0,""magicPenPer'"
3051,"b'cent"":0,""magicResist"":48,""movementSpeed"":417,""omnivamp"":0,""physicalVamp"":0,""power"":550,""powerMax"":658,""powerRegen"":172,""spellVam'"
3052,"b'p"":0},""currentGold"":1130,""damageStats"":{""magicDamageDone"":3631,""magicDamageDoneToChampions"":1110,""magicDamageTaken"":5041,""physic'"
3053,"b'alDamageDone"":117080,""physicalDamageDoneToChampions"":12353,""physicalDamageTaken"":17860,""totalDamageDone"":149306,""totalDamageDone'"
3054,"b'ToChampions"":14143,""totalDamageTaken"":23455,""trueDamageDone"":28595,""trueDamageDoneToChampions"":679,""trueDamageTaken"":553},""goldP'"
3055,"b'erSecond"":0,""jungleMinionsKilled"":101,""level"":13,""minionsKilled"":18,""participantId"":7,""position"":{""x"":8215,""y"":6692},""timeEnemyS'"
3056,"b'pentControlled"":476279,""totalGold"":9670,""xp"":10339},""8"":{""championStats"":{""abilityHaste"":0,""abilityPower"":363,""armor"":134,""armor'"
3057,"b'Pen"":0,""armorPenPercent"":0,""attackDamage"":109,""attackSpeed"":274,""bonusArmorPenPercent"":0,""bonusMagicPenPercent"":0,""ccReduction"":'"
3058,"b'0,""cooldownReduction"":0,""health"":2120,""healthMax"":2812,""healthRegen"":39,""lifesteal"":0,""magicPen"":0,""magicPenPercent"":0,""magicRes'"
3059,"b'ist"":70,""movementSpeed"":395,""omnivamp"":0,""physicalVamp"":0,""power"":755,""powerMax"":1756,""powerRegen"":35,""spellVamp"":0},""currentGol'"
3060,"b'd"":1835,""damageStats"":{""magicDamageDone"":123469,""magicDamageDoneToChampions"":19162,""magicDamageTaken"":11392,""physicalDamageDone""'"
3061,"b':3093,""physicalDamageDoneToChampions"":454,""physicalDamageTaken"":12758,""totalDamageDone"":131078,""totalDamageDoneToChampions"":2023'"
3062,"b'8,""totalDamageTaken"":24383,""trueDamageDone"":4515,""trueDamageDoneToChampions"":621,""trueDamageTaken"":232},""goldPerSecond"":0,""jungl'"
3063,"b'eMinionsKilled"":4,""level"":14,""minionsKilled"":189,""participantId"":8,""position"":{""x"":7825,""y"":6940},""timeEnemySpentControlled"":356'"
3064,"b'014,""totalGold"":12285,""xp"":12139},""9"":{""championStats"":{""abilityHaste"":0,""abilityPower"":20,""armor"":71,""armorPen"":0,""armorPenPerc'"
3065,"b'ent"":0,""attackDamage"":256,""attackSpeed"":220,""bonusArmorPenPercent"":0,""bonusMagicPenPercent"":0,""ccReduction"":0,""cooldownReduction'"
3066,"b'"":0,""health"":1792,""healthMax"":1792,""healthRegen"":20,""lifesteal"":0,""magicPen"":0,""magicPenPercent"":0,""magicResist"":42,""movementSpe'"
3067,"b'ed"":469,""omnivamp"":2,""physicalVamp"":0,""power"":693,""powerMax"":693,""powerRegen"":27,""spellVamp"":0},""currentGold"":132,""damageStats"":'"
3068,"b'{""magicDamageDone"":37771,""magicDamageDoneToChampions"":4229,""magicDamageTaken"":3536,""physicalDamageDone"":57711,""physicalDamageDon'"
3069,"b'eToChampions"":6782,""physicalDamageTaken"":7621,""totalDamageDone"":103047,""totalDamageDoneToChampions"":11058,""totalDamageTaken"":114'"
3070,"b'58,""trueDamageDone"":7564,""trueDamageDoneToChampions"":46,""trueDamageTaken"":301},""goldPerSecond"":0,""jungleMinionsKilled"":13,""level'"
3071,"b'"":12,""minionsKilled"":152,""participantId"":9,""position"":{""x"":12797,""y"":11350},""timeEnemySpentControlled"":23304,""totalGold"":9962,""x'"
3072,"b'p"":8886},""10"":{""championStats"":{""abilityHaste"":0,""abilityPower"":88,""armor"":108,""armorPen"":0,""armorPenPercent"":0,""attackDamage"":1'"
3073,"b'05,""attackSpeed"":133,""bonusArmorPenPercent"":0,""bonusMagicPenPercent"":0,""ccReduction"":30,""cooldownReduction"":0,""health"":2440,""hea'"
3074,"b'lthMax"":2440,""healthRegen"":37,""lifesteal"":0,""magicPen"":0,""magicPenPercent"":0,""magicResist"":104,""movementSpeed"":380,""omnivamp"":0,'"
3075,"b'""physicalVamp"":0,""power"":429,""powerMax"":753,""powerRegen"":26,""spellVamp"":0},""currentGold"":849,""damageStats"":{""magicDamageDone"":68'"
3076,"b'70,""magicDamageDoneToChampions"":2800,""magicDamageTaken"":3671,""physicalDamageDone"":5145,""physicalDamageDoneToChampions"":1441,""phy'"
3077,"b'sicalDamageTaken"":6622,""totalDamageDone"":19045,""totalDamageDoneToChampions"":4710,""totalDamageTaken"":10627,""trueDamageDone"":7028,'"
3078,"b'""trueDamageDoneToChampions"":468,""trueDamageTaken"":333},""goldPerSecond"":30,""jungleMinionsKilled"":0,""level"":11,""minionsKilled"":43,'"
3079,"b'""participantId"":10,""position"":{""x"":10658,""y"":4740},""timeEnemySpentControlled"":44857,""totalGold"":6113,""xp"":7655}},""timestamp"":126'"
3080,"b'0395},{""events"":[{""level"":11,""participantId"":3,""timestamp"":1260835,""type"":""LEVEL_UP""},{""levelUpType"":""NORMAL"",""participantId"":3,'"
3081,"b'""skillSlot"":4,""timestamp"":1262631,""type"":""SKILL_LEVEL_UP""},{""creatorId"":5,""timestamp"":1264232,""type"":""WARD_PLACED"",""wardType"":""S'"
3082,"b'IGHT_WARD""},{""assistingParticipantIds"":[5],""bounty"":300,""killStreakLength"":0,""killerId"":4,""position"":{""x"":8514,""y"":6024},""shutdo'"
3083,"b'wnBounty"":200,""timestamp"":1266465,""type"":""CHAMPION_KILL"",""victimDamageDealt"":[{""basic"":false,""magicDamage"":48,""name"":""Sylas"",""pa'"
3084,"b'rticipantId"":4,""physicalDamage"":0,""spellName"":"""",""spellSlot"":-1,""trueDamage"":0,""type"":""OTHER""},{""basic"":false,""magicDamage"":323,'"
3085,"b'""name"":""Sylas"",""participantId"":4,""physicalDamage"":0,""spellName"":""sylasw"",""spellSlot"":1,""trueDamage"":0,""type"":""OTHER""},{""basic"":f'"
3086,"b'alse,""magicDamage"":0,""name"":""Sylas"",""participantId"":4,""physicalDamage"":0,""spellName"":""garenr"",""spellSlot"":3,""trueDamage"":567,""ty'"
3087,"b'pe"":""OTHER""},{""basic"":false,""magicDamage"":0,""name"":""Sylas"",""participantId"":5,""physicalDamage"":0,""spellName"":"""",""spellSlot"":-1,""t'"
3088,"b'rueDamage"":0,""type"":""OTHER""},{""basic"":false,""magicDamage"":0,""name"":""Sylas"",""participantId"":5,""physicalDamage"":0,""spellName"":""syl'"
3089,"b'ase2"",""spellSlot"":2,""trueDamage"":0,""type"":""OTHER""}],""victimDamageReceived"":[{""basic"":true,""magicDamage"":0,""name"":""Rell"",""partici'"
3090,"b'pantId"":5,""physicalDamage"":37,""spellName"":""rellbasicattack2"",""spellSlot"":65,""trueDamage"":0,""type"":""OTHER""},{""basic"":false,""magic'"
3091,"b'Damage"":70,""name"":""Rell"",""participantId"":5,""physicalDamage"":0,""spellName"":""rellr"",""spellSlot"":3,""trueDamage"":0,""type"":""OTHER""},{'"
3092,"b'""basic"":false,""magicDamage"":0,""name"":""Rell"",""participantId"":5,""physicalDamage"":0,""spellName"":""summonerdot"",""spellSlot"":5,""trueDa'"
3093,"b'mage"":151,""type"":""OTHER""},{""basic"":false,""magicDamage"":113,""name"":""Rell"",""participantId"":5,""physicalDamage"":0,""spellName"":""rellw'"
3094,"b'_dismount"",""spellSlot"":1,""trueDamage"":0,""type"":""OTHER""},{""basic"":false,""magicDamage"":104,""name"":""Rell"",""participantId"":5,""physic'"
3095,"b'alDamage"":0,""spellName"":""relle"",""spellSlot"":2,""trueDamage"":0,""type"":""OTHER""},{""basic"":true,""magicDamage"":0,""name"":""Rell"",""partic'"
3096,"b'ipantId"":5,""physicalDamage"":36,""spellName"":""rellbasicattack"",""spellSlot"":64,""trueDamage"":0,""type"":""OTHER""},{""basic"":false,""magic'"
3097,"b'Damage"":0,""name"":""Kaisa"",""participantId"":4,""physicalDamage"":364,""spellName"":""kaisaq"",""spellSlot"":0,""trueDamage"":0,""type"":""OTHER""'"
3098,"b'},{""basic"":true,""magicDamage"":0,""name"":""Kaisa"",""participantId"":4,""physicalDamage"":114,""spellName"":"""",""spellSlot"":63,""trueDamage""'"
3099,"b':0,""type"":""OTHER""},{""basic"":false,""magicDamage"":398,""name"":""Kaisa"",""participantId"":4,""physicalDamage"":0,""spellName"":""kaisapassiv'"
3100,"b'e"",""spellSlot"":63,""trueDamage"":0,""type"":""OTHER""},{""basic"":true,""magicDamage"":0,""name"":""Kaisa"",""participantId"":4,""physicalDamage""'"
3101,"b':114,""spellName"":""kaisaeattack"",""spellSlot"":67,""trueDamage"":0,""type"":""OTHER""},{""basic"":true,""magicDamage"":0,""name"":""Kaisa"",""part'"
3102,"b'icipantId"":4,""physicalDamage"":193,""spellName"":""kaisaecritattack"",""spellSlot"":74,""trueDamage"":0,""type"":""OTHER""},{""basic"":true,""ma'"
3103,"b'gicDamage"":0,""name"":""Kaisa"",""participantId"":4,""physicalDamage"":112,""spellName"":""kaisaeattack2"",""spellSlot"":68,""trueDamage"":0,""ty'"
3104,"b'pe"":""OTHER""},{""basic"":true,""magicDamage"":0,""name"":""Kaisa"",""participantId"":4,""physicalDamage"":200,""spellName"":""kaisaecritattack4""'"
3105,"b',""spellSlot"":77,""trueDamage"":0,""type"":""OTHER""},{""basic"":false,""magicDamage"":0,""name"":""Kaisa"",""participantId"":4,""physicalDamage"":'"
3106,"b'255,""spellName"":"""",""spellSlot"":-1,""trueDamage"":0,""type"":""OTHER""},{""basic"":true,""magicDamage"":0,""name"":""Kaisa"",""participantId"":4,'"
3107,"b'""physicalDamage"":200,""spellName"":""kaisaecritattack2"",""spellSlot"":75,""trueDamage"":0,""type"":""OTHER""}],""victimId"":8},{""level"":13,""p'"
3108,"b'articipantId"":2,""timestamp"":1266465,""type"":""LEVEL_UP""},{""level"":10,""participantId"":5,""timestamp"":1266465,""type"":""LEVEL_UP""},{""as'"
3109,"b'sistingParticipantIds"":[8],""bounty"":300,""killStreakLength"":2,""killerId"":7,""position"":{""x"":8271,""y"":6226},""shutdownBounty"":0,""tim'"
3110,"b'estamp"":1266764,""type"":""CHAMPION_KILL"",""victimDamageDealt"":[{""basic"":false,""magicDamage"":243,""name"":""Kaisa"",""participantId"":7,""p'"
3111,"b'hysicalDamage"":0,""spellName"":""kaisaw"",""spellSlot"":1,""trueDamage"":0,""type"":""OTHER""},{""basic"":false,""magicDamage"":31,""name"":""Kaisa'"
3112,"b'"",""participantId"":7,""physicalDamage"":0,""spellName"":""kaisapassive"",""spellSlot"":63,""trueDamage"":0,""type"":""OTHER""}],""victimDamageRe'"
3113,"b'ceived"":[{""basic"":false,""magicDamage"":0,""name"":""Nocturne"",""participantId"":7,""physicalDamage"":248,""spellName"":""nocturneduskbringe'"
3114,"b'r"",""spellSlot"":0,""trueDamage"":0,""type"":""OTHER""},{""basic"":true,""magicDamage"":0,""name"":""Nocturne"",""participantId"":7,""physicalDamag'"
3115,"b'e"":141,""spellName"":""nocturnebasicattack2"",""spellSlot"":65,""trueDamage"":0,""type"":""OTHER""},{""basic"":false,""magicDamage"":152,""name"":'"
3116,"b'""Nocturne"",""participantId"":7,""physicalDamage"":0,""spellName"":""nocturneunspeakablehorror"",""spellSlot"":2,""trueDamage"":0,""type"":""OTH'"
3117,"b'ER""},{""basic"":false,""magicDamage"":0,""name"":""Nocturne"",""participantId"":7,""physicalDamage"":223,""spellName"":""nocturneparanoia2"",""sp'"
3118,"b'ellSlot"":3,""trueDamage"":0,""type"":""OTHER""},{""basic"":false,""magicDamage"":0,""name"":""Nocturne"",""participantId"":7,""physicalDamage"":96'"
3119,"b',""spellName"":""6631active"",""spellSlot"":7,""trueDamage"":0,""type"":""OTHER""},{""basic"":false,""magicDamage"":48,""name"":""Sylas"",""participa'"
3120,"b'ntId"":8,""physicalDamage"":0,""spellName"":"""",""spellSlot"":-1,""trueDamage"":0,""type"":""OTHER""},{""basic"":false,""magicDamage"":323,""name"":'"
3121,"b'""Sylas"",""participantId"":8,""physicalDamage"":0,""spellName"":""sylasw"",""spellSlot"":1,""trueDamage"":0,""type"":""OTHER""},{""basic"":false,""m'"
3122,"b'agicDamage"":0,""name"":""Sylas"",""participantId"":8,""physicalDamage"":0,""spellName"":""garenr"",""spellSlot"":3,""trueDamage"":567,""type"":""OT'"
3123,"b'HER""}],""victimId"":4},{""levelUpType"":""NORMAL"",""participantId"":2,""skillSlot"":2,""timestamp"":1267298,""type"":""SKILL_LEVEL_UP""},{""leve'"
3124,"b'lUpType"":""NORMAL"",""participantId"":5,""skillSlot"":2,""timestamp"":1268197,""type"":""SKILL_LEVEL_UP""},{""assistingParticipantIds"":[4,5],'"
3125,"b'""bounty"":300,""killStreakLength"":0,""killerId"":2,""position"":{""x"":8164,""y"":7948},""shutdownBounty"":300,""timestamp"":1273538,""type"":""C'"
3126,"b'HAMPION_KILL"",""victimDamageDealt"":[{""basic"":false,""magicDamage"":0,""name"":""Nocturne"",""participantId"":5,""physicalDamage"":95,""spell'"
3127,"b'Name"":""nocturneduskbringer"",""spellSlot"":0,""trueDamage"":0,""type"":""OTHER""},{""basic"":false,""magicDamage"":0,""name"":""Nocturne"",""parti'"
3128,"b'cipantId"":5,""physicalDamage"":125,""spellName"":""nocturnep"",""spellSlot"":63,""trueDamage"":0,""type"":""OTHER""}],""victimDamageReceived"":['"
3129,"b'{""basic"":false,""magicDamage"":25,""name"":""Rell"",""participantId"":5,""physicalDamage"":0,""spellName"":""rellr"",""spellSlot"":3,""trueDamage'"
3130,"b'"":0,""type"":""OTHER""},{""basic"":false,""magicDamage"":4,""name"":""Rell"",""participantId"":5,""physicalDamage"":0,""spellName"":"""",""spellSlot""'"
3131,"b':-1,""trueDamage"":0,""type"":""OTHER""},{""basic"":false,""magicDamage"":48,""name"":""Rell"",""participantId"":5,""physicalDamage"":0,""spellName'"
3132,"b'"":""rellw_dismount"",""spellSlot"":1,""trueDamage"":0,""type"":""OTHER""},{""basic"":false,""magicDamage"":219,""name"":""Rell"",""participantId"":5'"
3133,"b',""physicalDamage"":0,""spellName"":""relle"",""spellSlot"":2,""trueDamage"":0,""type"":""OTHER""},{""basic"":true,""magicDamage"":0,""name"":""Rell""'"
3134,"b',""participantId"":5,""physicalDamage"":36,""spellName"":""rellbasicattack"",""spellSlot"":64,""trueDamage"":0,""type"":""OTHER""},{""basic"":fals'"
3135,"b'e,""magicDamage"":36,""name"":""Rell"",""participantId"":5,""physicalDamage"":0,""spellName"":""rellw_mountup"",""spellSlot"":1,""trueDamage"":0,""'"
3136,"b'type"":""OTHER""},{""basic"":false,""magicDamage"":0,""name"":""Rell"",""participantId"":5,""physicalDamage"":37,""spellName"":"""",""spellSlot"":1,""'"
3137,"b'trueDamage"":0,""type"":""OTHER""},{""basic"":false,""magicDamage"":55,""name"":""Rell"",""participantId"":5,""physicalDamage"":0,""spellName"":""re'"
3138,"b'llq"",""spellSlot"":0,""trueDamage"":0,""type"":""OTHER""},{""basic"":true,""magicDamage"":0,""name"":""SRU_Baron"",""participantId"":0,""physicalDa'"
3139,"b'mage"":1083,""spellName"":""baronbasicattack"",""spellSlot"":65,""trueDamage"":0,""type"":""MONSTER""},{""basic"":false,""magicDamage"":75,""name""'"
3140,"b':""SRU_Baron"",""participantId"":0,""physicalDamage"":0,""spellName"":""baronacidballchampion"",""spellSlot"":-1,""trueDamage"":0,""type"":""MONS'"
3141,"b'TER""},{""basic"":true,""magicDamage"":0,""name"":""SRU_Baron"",""participantId"":0,""physicalDamage"":237,""spellName"":""baronattackmelee"",""sp'"
3142,"b'ellSlot"":0,""trueDamage"":0,""type"":""MONSTER""},{""basic"":true,""magicDamage"":59,""name"":""SRU_Baron"",""participantId"":0,""physicalDamage""'"
3143,"b':0,""spellName"":""baronspellcaster"",""spellSlot"":2,""trueDamage"":0,""type"":""MONSTER""},{""basic"":true,""magicDamage"":0,""name"":""SRU_Order'"
3144,"b'MinionMelee"",""participantId"":0,""physicalDamage"":8,""spellName"":""sru_orderminionmeleebasicattack"",""spellSlot"":64,""trueDamage"":0,""t'"
3145,"b'ype"":""MINION""},{""basic"":true,""magicDamage"":0,""name"":""SRU_OrderMinionMelee"",""participantId"":0,""physicalDamage"":14,""spellName"":""sr'"
3146,"b'u_orderminionrangedbasicattack2"",""spellSlot"":65,""trueDamage"":0,""type"":""MINION""},{""basic"":false,""magicDamage"":243,""name"":""Kaisa"",'"
3147,"b'""participantId"":4,""physicalDamage"":0,""spellName"":""kaisaw"",""spellSlot"":1,""trueDamage"":0,""type"":""OTHER""},{""basic"":false,""magicDama'"
3148,"b'ge"":31,""name"":""Kaisa"",""participantId"":4,""physicalDamage"":0,""spellName"":""kaisapassive"",""spellSlot"":63,""trueDamage"":0,""type"":""OTHE'"
3149,"b'R""},{""basic"":false,""magicDamage"":228,""name"":""Khazix"",""participantId"":2,""physicalDamage"":0,""spellName"":""khazixpassive"",""spellSlot'"
3150,"b'"":63,""trueDamage"":0,""type"":""OTHER""},{""basic"":false,""magicDamage"":0,""name"":""Khazix"",""participantId"":2,""physicalDamage"":87,""spellN'"
3151,"b'ame"":""6630active"",""spellSlot"":7,""trueDamage"":0,""type"":""OTHER""},{""basic"":false,""magicDamage"":0,""name"":""Khazix"",""participantId"":2,'"
3152,"b'""physicalDamage"":191,""spellName"":""khazixwlong"",""spellSlot"":1,""trueDamage"":0,""type"":""OTHER""},{""basic"":true,""magicDamage"":0,""name""'"
3153,"b':""Khazix"",""participantId"":2,""physicalDamage"":256,""spellName"":""khazixbasicattack2"",""spellSlot"":65,""trueDamage"":0,""type"":""OTHER""},'"
3154,"b'{""basic"":false,""magicDamage"":0,""name"":""Khazix"",""participantId"":2,""physicalDamage"":382,""spellName"":""khazixq"",""spellSlot"":0,""trueD'"
3155,"b'amage"":0,""type"":""OTHER""}],""victimId"":7},{""level"":12,""participantId"":4,""timestamp"":1273538,""type"":""LEVEL_UP""},{""levelUpType"":""NOR'"
3156,"b'MAL"",""participantId"":4,""skillSlot"":3,""timestamp"":1274575,""type"":""SKILL_LEVEL_UP""},{""assistingParticipantIds"":[9,10],""bounty"":300'"
3157,"b',""killStreakLength"":0,""killerId"":6,""position"":{""x"":8180,""y"":7402},""shutdownBounty"":0,""timestamp"":1277639,""type"":""CHAMPION_KILL"",'"
3158,"b'""victimDamageDealt"":[{""basic"":false,""magicDamage"":0,""name"":""Garen"",""participantId"":6,""physicalDamage"":0,""spellName"":""garenq"",""sp'"
3159,"b'ellSlot"":0,""trueDamage"":0,""type"":""OTHER""},{""basic"":false,""magicDamage"":0,""name"":""Garen"",""participantId"":6,""physicalDamage"":836,""'"
3160,"b'spellName"":""garene"",""spellSlot"":2,""trueDamage"":0,""type"":""OTHER""},{""basic"":false,""magicDamage"":0,""name"":""Garen"",""participantId"":1'"
3161,"b'0,""physicalDamage"":0,""spellName"":""garene"",""spellSlot"":2,""trueDamage"":0,""type"":""OTHER""}],""victimDamageReceived"":[{""basic"":false,""'"
3162,"b'magicDamage"":0,""name"":""Riven"",""participantId"":6,""physicalDamage"":480,""spellName"":""rivenizunablade"",""spellSlot"":3,""trueDamage"":0,'"
3163,"b'""type"":""OTHER""},{""basic"":false,""magicDamage"":0,""name"":""Riven"",""participantId"":6,""physicalDamage"":66,""spellName"":""6630active"",""sp'"
3164,"b'ellSlot"":7,""trueDamage"":0,""type"":""OTHER""},{""basic"":false,""magicDamage"":0,""name"":""Riven"",""participantId"":6,""physicalDamage"":145,""'"
3165,"b'spellName"":""rivenpassive"",""spellSlot"":63,""trueDamage"":0,""type"":""OTHER""},{""basic"":false,""magicDamage"":0,""name"":""Riven"",""participa'"
3166,"b'ntId"":6,""physicalDamage"":279,""spellName"":""riventricleave"",""spellSlot"":0,""trueDamage"":0,""type"":""OTHER""},{""basic"":true,""magicDamag'"
3167,"b'e"":0,""name"":""Riven"",""participantId"":6,""physicalDamage"":96,""spellName"":""rivenbasicattack3"",""spellSlot"":66,""trueDamage"":0,""type"":""'"
3168,"b'OTHER""},{""basic"":false,""magicDamage"":0,""name"":""Riven"",""participantId"":6,""physicalDamage"":0,""spellName"":""summonerdot"",""spellSlot""'"
3169,"b':5,""trueDamage"":198,""type"":""OTHER""},{""basic"":true,""magicDamage"":0,""name"":""Riven"",""participantId"":6,""physicalDamage"":178,""spellNa'"
3170,"b'me"":""rivenbasicattack2"",""spellSlot"":65,""trueDamage"":0,""type"":""OTHER""},{""basic"":false,""magicDamage"":0,""name"":""Riven"",""participant'"
3171,"b'Id"":6,""physicalDamage"":117,""spellName"":""rivenmartyr"",""spellSlot"":1,""trueDamage"":0,""type"":""OTHER""},{""basic"":false,""magicDamage"":0'"
3172,"b',""name"":""Zeri"",""participantId"":9,""physicalDamage"":272,""spellName"":""zeriw"",""spellSlot"":1,""trueDamage"":0,""type"":""OTHER""},{""basic"":'"
3173,"b'false,""magicDamage"":85,""name"":""Zeri"",""participantId"":9,""physicalDamage"":0,""spellName"":"""",""spellSlot"":-1,""trueDamage"":0,""type"":""O'"
3174,"b'THER""},{""basic"":false,""magicDamage"":0,""name"":""Zeri"",""participantId"":9,""physicalDamage"":174,""spellName"":""zeriq"",""spellSlot"":0,""tr'"
3175,"b'ueDamage"":0,""type"":""OTHER""},{""basic"":false,""magicDamage"":218,""name"":""Zeri"",""participantId"":9,""physicalDamage"":0,""spellName"":"""",""'"
3176,"b'spellSlot"":63,""trueDamage"":0,""type"":""OTHER""},{""basic"":false,""magicDamage"":185,""name"":""Rakan"",""participantId"":10,""physicalDamage""'"
3177,"b':0,""spellName"":""rakanw"",""spellSlot"":1,""trueDamage"":0,""type"":""OTHER""},{""basic"":true,""magicDamage"":0,""name"":""Rakan"",""participantId'"
3178,"b'"":10,""physicalDamage"":53,""spellName"":""rakanbasicattackshort"",""spellSlot"":49,""trueDamage"":0,""type"":""OTHER""},{""basic"":false,""magic'"
3179,"b'Damage"":71,""name"":""Rakan"",""participantId"":10,""physicalDamage"":0,""spellName"":""rakanq"",""spellSlot"":0,""trueDamage"":0,""type"":""OTHER""'"
3180,"b'}],""victimId"":1},{""itemId"":2031,""participantId"":8,""timestamp"":1280940,""type"":""ITEM_SOLD""},{""creatorId"":10,""timestamp"":1281208,""t'"
3181,"b'ype"":""WARD_PLACED"",""wardType"":""UNDEFINED""},{""itemId"":1058,""participantId"":8,""timestamp"":1281808,""type"":""ITEM_PURCHASED""},{""assis'"
3182,"b'tingParticipantIds"":[6,7,10],""bounty"":300,""killStreakLength"":2,""killerId"":9,""position"":{""x"":7852,""y"":7702},""shutdownBounty"":0,""t'"
3183,"b'imestamp"":1282413,""type"":""CHAMPION_KILL"",""victimDamageDealt"":[{""basic"":false,""magicDamage"":45,""name"":""Rell"",""participantId"":6,""p'"
3184,"b'hysicalDamage"":0,""spellName"":""rellq"",""spellSlot"":0,""trueDamage"":0,""type"":""OTHER""},{""basic"":true,""magicDamage"":0,""name"":""Rell"",""p'"
3185,"b'articipantId"":6,""physicalDamage"":94,""spellName"":""rellbasicattack"",""spellSlot"":64,""trueDamage"":0,""type"":""OTHER""},{""basic"":false,""'"
3186,"b'magicDamage"":8,""name"":""Rell"",""participantId"":6,""physicalDamage"":0,""spellName"":"""",""spellSlot"":-1,""trueDamage"":0,""type"":""OTHER""},{'"
3187,"b'""basic"":false,""magicDamage"":12,""name"":""Rell"",""participantId"":9,""physicalDamage"":0,""spellName"":"""",""spellSlot"":-1,""trueDamage"":0,""'"
3188,"b'type"":""OTHER""},{""basic"":false,""magicDamage"":0,""name"":""Rell"",""participantId"":10,""physicalDamage"":0,""spellName"":"""",""spellSlot"":-1,'"
3189,"b'""trueDamage"":0,""type"":""OTHER""}],""victimDamageReceived"":[{""basic"":false,""magicDamage"":0,""name"":""Sylas"",""participantId"":8,""physica'"
3190,"b'lDamage"":0,""spellName"":"""",""spellSlot"":-1,""trueDamage"":0,""type"":""OTHER""},{""basic"":false,""magicDamage"":0,""name"":""Sylas"",""participa'"
3191,"b'ntId"":8,""physicalDamage"":0,""spellName"":""sylase2"",""spellSlot"":2,""trueDamage"":0,""type"":""OTHER""},{""basic"":false,""magicDamage"":0,""na'"
3192,"b'me"":""Nocturne"",""participantId"":7,""physicalDamage"":95,""spellName"":""nocturneduskbringer"",""spellSlot"":0,""trueDamage"":0,""type"":""OTHE'"
3193,"b'R""},{""basic"":false,""magicDamage"":0,""name"":""Nocturne"",""participantId"":7,""physicalDamage"":125,""spellName"":""nocturnep"",""spellSlot"":'"
3194,"b'63,""trueDamage"":0,""type"":""OTHER""},{""basic"":false,""magicDamage"":151,""name"":""Rakan"",""participantId"":10,""physicalDamage"":0,""spellNa'"
3195,"b'me"":""rakanw"",""spellSlot"":1,""trueDamage"":0,""type"":""OTHER""},{""basic"":true,""magicDamage"":0,""name"":""Rakan"",""participantId"":10,""physi'"
3196,"b'calDamage"":46,""spellName"":""rakanbasicattack"",""spellSlot"":49,""trueDamage"":0,""type"":""OTHER""},{""basic"":false,""magicDamage"":69,""name'"
3197,"b'"":""Zeri"",""participantId"":9,""physicalDamage"":0,""spellName"":"""",""spellSlot"":-1,""trueDamage"":0,""type"":""OTHER""},{""basic"":false,""magic'"
3198,"b'Damage"":0,""name"":""Zeri"",""participantId"":9,""physicalDamage"":512,""spellName"":""zeriq"",""spellSlot"":0,""trueDamage"":0,""type"":""OTHER""},'"
3199,"b'{""basic"":false,""magicDamage"":8,""name"":""Zeri"",""participantId"":9,""physicalDamage"":0,""spellName"":"""",""spellSlot"":63,""trueDamage"":0,""'"
3200,"b'type"":""OTHER""},{""basic"":false,""magicDamage"":0,""name"":""Riven"",""participantId"":6,""physicalDamage"":161,""spellName"":""rivenpassive"",""'"
3201,"b'spellSlot"":63,""trueDamage"":0,""type"":""OTHER""},{""basic"":false,""magicDamage"":0,""name"":""Riven"",""participantId"":6,""physicalDamage"":20'"
3202,"b'2,""spellName"":""riventricleave"",""spellSlot"":0,""trueDamage"":0,""type"":""OTHER""},{""basic"":false,""magicDamage"":0,""name"":""Riven"",""parti'"
3203,"b'cipantId"":6,""physicalDamage"":169,""spellName"":""rivenizunablade"",""spellSlot"":3,""trueDamage"":0,""type"":""OTHER""},{""basic"":true,""magic'"
3204,"b'Damage"":0,""name"":""Riven"",""participantId"":6,""physicalDamage"":145,""spellName"":""rivenbasicattack"",""spellSlot"":64,""trueDamage"":0,""ty'"
3205,"b'pe"":""OTHER""},{""basic"":false,""magicDamage"":0,""name"":""Riven"",""participantId"":6,""physicalDamage"":152,""spellName"":""rivenmartyr"",""spe'"
3206,"b'llSlot"":1,""trueDamage"":0,""type"":""OTHER""},{""basic"":true,""magicDamage"":0,""name"":""Riven"",""participantId"":6,""physicalDamage"":161,""sp'"
3207,"b'ellName"":""rivenbasicattack2"",""spellSlot"":65,""trueDamage"":0,""type"":""OTHER""}],""victimId"":5},{""itemId"":1042,""participantId"":4,""time'"
3208,"b'stamp"":1286512,""type"":""ITEM_DESTROYED""},{""itemId"":3051,""participantId"":4,""timestamp"":1286512,""type"":""ITEM_PURCHASED""},{""level"":1'"
3209,"b'5,""participantId"":6,""timestamp"":1292184,""type"":""LEVEL_UP""},{""assistingParticipantIds"":[6,10],""bounty"":300,""killStreakLength"":3,""'"
3210,"b'killerId"":9,""position"":{""x"":5580,""y"":6307},""shutdownBounty"":0,""timestamp"":1292453,""type"":""CHAMPION_KILL"",""victimDamageDealt"":[{""'"
3211,"b'basic"":false,""magicDamage"":0,""name"":""Khazix"",""participantId"":6,""physicalDamage"":1180,""spellName"":""khazixq"",""spellSlot"":0,""trueDa'"
3212,"b'mage"":0,""type"":""OTHER""},{""basic"":false,""magicDamage"":0,""name"":""Khazix"",""participantId"":6,""physicalDamage"":247,""spellName"":""khazi'"
3213,"b'xwlong"",""spellSlot"":1,""trueDamage"":0,""type"":""OTHER""},{""basic"":false,""magicDamage"":0,""name"":""Khazix"",""participantId"":10,""physical'"
3214,"b'Damage"":130,""spellName"":""khazixwlong"",""spellSlot"":1,""trueDamage"":0,""type"":""OTHER""}],""victimDamageReceived"":[{""basic"":false,""magi'"
3215,"b'cDamage"":0,""name"":""Riven"",""participantId"":6,""physicalDamage"":113,""spellName"":""6630active"",""spellSlot"":7,""trueDamage"":0,""type"":""O'"
3216,"b'THER""},{""basic"":false,""magicDamage"":0,""name"":""Riven"",""participantId"":6,""physicalDamage"":104,""spellName"":""rivenpassive"",""spellSlo'"
3217,"b't"":63,""trueDamage"":0,""type"":""OTHER""},{""basic"":false,""magicDamage"":0,""name"":""Riven"",""participantId"":6,""physicalDamage"":205,""spell'"
3218,"b'Name"":""riventricleave"",""spellSlot"":0,""trueDamage"":0,""type"":""OTHER""},{""basic"":true,""magicDamage"":0,""name"":""Riven"",""participantId""'"
3219,"b':6,""physicalDamage"":158,""spellName"":""rivenbasicattack"",""spellSlot"":64,""trueDamage"":0,""type"":""OTHER""},{""basic"":false,""magicDamage'"
3220,"b'"":0,""name"":""Riven"",""participantId"":6,""physicalDamage"":414,""spellName"":""rivenmartyr"",""spellSlot"":1,""trueDamage"":0,""type"":""OTHER""}'"
3221,"b',{""basic"":false,""magicDamage"":0,""name"":""Zeri"",""participantId"":9,""physicalDamage"":549,""spellName"":""zeriq"",""spellSlot"":0,""trueDama'"
3222,"b'ge"":0,""type"":""OTHER""},{""basic"":false,""magicDamage"":101,""name"":""Zeri"",""participantId"":9,""physicalDamage"":0,""spellName"":"""",""spellS'"
3223,"b'lot"":-1,""trueDamage"":0,""type"":""OTHER""},{""basic"":false,""magicDamage"":280,""name"":""Zeri"",""participantId"":9,""physicalDamage"":0,""spel'"
3224,"b'lName"":"""",""spellSlot"":63,""trueDamage"":0,""type"":""OTHER""},{""basic"":false,""magicDamage"":138,""name"":""Zeri"",""participantId"":9,""physic'"
3225,"b'alDamage"":0,""spellName"":""zerie"",""spellSlot"":2,""trueDamage"":0,""type"":""OTHER""},{""basic"":false,""magicDamage"":0,""name"":""Zeri"",""parti'"
3226,"b'cipantId"":9,""physicalDamage"":433,""spellName"":""zeriw"",""spellSlot"":1,""trueDamage"":0,""type"":""OTHER""},{""basic"":false,""magicDamage"":3'"
3227,"b'03,""name"":""Zeri"",""participantId"":9,""physicalDamage"":0,""spellName"":""zerir"",""spellSlot"":3,""trueDamage"":0,""type"":""OTHER""},{""basic"":'"
3228,"b'false,""magicDamage"":158,""name"":""Rakan"",""participantId"":10,""physicalDamage"":0,""spellName"":""rakanr"",""spellSlot"":3,""trueDamage"":0,""'"
3229,"b'type"":""OTHER""},{""basic"":true,""magicDamage"":0,""name"":""Rakan"",""participantId"":10,""physicalDamage"":66,""spellName"":""rakanbasicattack'"
3230,"b'2"",""spellSlot"":49,""trueDamage"":0,""type"":""OTHER""},{""basic"":false,""magicDamage"":220,""name"":""Rakan"",""participantId"":10,""physicalDam'"
3231,"b'age"":0,""spellName"":""rakanw"",""spellSlot"":1,""trueDamage"":0,""type"":""OTHER""},{""basic"":false,""magicDamage"":85,""name"":""Rakan"",""partici'"
3232,"b'pantId"":10,""physicalDamage"":0,""spellName"":""rakanq"",""spellSlot"":0,""trueDamage"":0,""type"":""OTHER""},{""basic"":true,""magicDamage"":0,""n'"
3233,"b'ame"":""Rakan"",""participantId"":10,""physicalDamage"":57,""spellName"":""rakanbasicattackshort"",""spellSlot"":49,""trueDamage"":0,""type"":""OT'"
3234,"b'HER""}],""victimId"":2},{""itemId"":2031,""participantId"":1,""timestamp"":1294021,""type"":""ITEM_SOLD""},{""levelUpType"":""NORMAL"",""participa'"
3235,"b'ntId"":6,""skillSlot"":2,""timestamp"":1295153,""type"":""SKILL_LEVEL_UP""},{""itemId"":2055,""participantId"":5,""timestamp"":1295554,""type"":""'"
3236,"b'ITEM_PURCHASED""},{""itemId"":1037,""participantId"":2,""timestamp"":1295654,""type"":""ITEM_DESTROYED""},{""itemId"":3077,""participantId"":2,'"
3237,"b'""timestamp"":1295654,""type"":""ITEM_PURCHASED""},{""itemId"":1036,""participantId"":2,""timestamp"":1295820,""type"":""ITEM_PURCHASED""},{""kil'"
3238,"b'lerId"":6,""timestamp"":1296118,""type"":""WARD_KILL"",""wardType"":""CONTROL_WARD""},{""creatorId"":10,""timestamp"":1296118,""type"":""WARD_PLAC'"
3239,"b'ED"",""wardType"":""UNDEFINED""},{""itemId"":3133,""participantId"":7,""timestamp"":1304325,""type"":""ITEM_PURCHASED""},{""assistingParticipant'"
3240,"b'Ids"":[6,10],""bounty"":140,""killStreakLength"":4,""killerId"":9,""position"":{""x"":4819,""y"":5411},""shutdownBounty"":0,""timestamp"":1305024'"
3241,"b',""type"":""CHAMPION_KILL"",""victimDamageDealt"":[{""basic"":false,""magicDamage"":79,""name"":""Neeko"",""participantId"":6,""physicalDamage"":0'"
3242,"b',""spellName"":"""",""spellSlot"":-1,""trueDamage"":0,""type"":""OTHER""},{""basic"":false,""magicDamage"":0,""name"":""Neeko"",""participantId"":6,""p'"
3243,"b'hysicalDamage"":0,""spellName"":""neekoe"",""spellSlot"":2,""trueDamage"":0,""type"":""OTHER""},{""basic"":false,""magicDamage"":123,""name"":""Neek'"
3244,"b'o"",""participantId"":6,""physicalDamage"":0,""spellName"":""3152active"",""spellSlot"":7,""trueDamage"":0,""type"":""OTHER""},{""basic"":true,""mag'"
3245,"b'icDamage"":0,""name"":""Neeko"",""participantId"":6,""physicalDamage"":44,""spellName"":""neekobasicattack"",""spellSlot"":64,""trueDamage"":0,""t'"
3246,"b'ype"":""OTHER""},{""basic"":false,""magicDamage"":95,""name"":""Neeko"",""participantId"":6,""physicalDamage"":0,""spellName"":"""",""spellSlot"":-1,'"
3247,"b'""trueDamage"":0,""type"":""OTHER""},{""basic"":false,""magicDamage"":272,""name"":""Neeko"",""participantId"":6,""physicalDamage"":0,""spellName"":'"
3248,"b'""neekoq"",""spellSlot"":0,""trueDamage"":0,""type"":""OTHER""},{""basic"":false,""magicDamage"":554,""name"":""Neeko"",""participantId"":9,""physica'"
3249,"b'lDamage"":0,""spellName"":""neekoq"",""spellSlot"":0,""trueDamage"":0,""type"":""OTHER""},{""basic"":false,""magicDamage"":2,""name"":""Neeko"",""part'"
3250,"b'icipantId"":9,""physicalDamage"":0,""spellName"":""itemdarkcrystalflask"",""spellSlot"":6,""trueDamage"":0,""type"":""OTHER""},{""basic"":false,""'"
3251,"b'magicDamage"":69,""name"":""Neeko"",""participantId"":9,""physicalDamage"":0,""spellName"":"""",""spellSlot"":-1,""trueDamage"":0,""type"":""OTHER""}'"
3252,"b',{""basic"":false,""magicDamage"":272,""name"":""Neeko"",""participantId"":9,""physicalDamage"":0,""spellName"":""neekor"",""spellSlot"":3,""trueDa'"
3253,"b'mage"":0,""type"":""OTHER""}],""victimDamageReceived"":[{""basic"":false,""magicDamage"":220,""name"":""Zeri"",""participantId"":9,""physicalDamag'"
3254,"b'e"":0,""spellName"":"""",""spellSlot"":-1,""trueDamage"":0,""type"":""OTHER""},{""basic"":false,""magicDamage"":0,""name"":""Zeri"",""participantId"":9'"
3255,"b',""physicalDamage"":918,""spellName"":""zeriq"",""spellSlot"":0,""trueDamage"":0,""type"":""OTHER""},{""basic"":false,""magicDamage"":280,""name"":""'"
3256,"b'Zeri"",""participantId"":9,""physicalDamage"":0,""spellName"":"""",""spellSlot"":63,""trueDamage"":0,""type"":""OTHER""},{""basic"":false,""magicDam'"
3257,"b'age"":161,""name"":""Zeri"",""participantId"":9,""physicalDamage"":0,""spellName"":""zerie"",""spellSlot"":2,""trueDamage"":0,""type"":""OTHER""},{""b'"
3258,"b'asic"":false,""magicDamage"":0,""name"":""Riven"",""participantId"":6,""physicalDamage"":100,""spellName"":""rivenpassive"",""spellSlot"":63,""tru'"
3259,"b'eDamage"":0,""type"":""OTHER""},{""basic"":false,""magicDamage"":0,""name"":""Riven"",""participantId"":6,""physicalDamage"":123,""spellName"":""663'"
3260,"b'0active"",""spellSlot"":7,""trueDamage"":0,""type"":""OTHER""},{""basic"":false,""magicDamage"":0,""name"":""Riven"",""participantId"":6,""physicalD'"
3261,"b'amage"":168,""spellName"":""riventricleave"",""spellSlot"":0,""trueDamage"":0,""type"":""OTHER""},{""basic"":false,""magicDamage"":0,""name"":""Rive'"
3262,"b'n"",""participantId"":6,""physicalDamage"":183,""spellName"":""rivenmartyr"",""spellSlot"":1,""trueDamage"":0,""type"":""OTHER""},{""basic"":true,""'"
3263,"b'magicDamage"":0,""name"":""Riven"",""participantId"":6,""physicalDamage"":181,""spellName"":""rivenbasicattack3"",""spellSlot"":66,""trueDamage""'"
3264,"b':0,""type"":""OTHER""}],""victimId"":3},{""level"":12,""participantId"":10,""timestamp"":1305024,""type"":""LEVEL_UP""},{""actualStartTime"":13200'"
3265,"b'00,""teamId"":100,""timestamp"":1305489,""type"":""OBJECTIVE_BOUNTY_PRESTART""},{""assistingParticipantIds"":[10],""bounty"":0,""buildingType'"
3266,"b'"":""TOWER_BUILDING"",""killerId"":9,""laneType"":""MID_LANE"",""position"":{""x"":5048,""y"":4812},""teamId"":100,""timestamp"":1305755,""towerType'"
3267,"b'"":""INNER_TURRET"",""type"":""BUILDING_KILL""},{""afterId"":0,""beforeId"":3133,""goldGain"":1100,""participantId"":7,""timestamp"":1306518,""typ'"
3268,"b'e"":""ITEM_UNDO""},{""levelUpType"":""NORMAL"",""participantId"":10,""skillSlot"":3,""timestamp"":1306820,""type"":""SKILL_LEVEL_UP""},{""itemId"":'"
3269,"b'2420,""participantId"":7,""timestamp"":1308320,""type"":""ITEM_PURCHASED""},{""itemId"":1031,""participantId"":7,""timestamp"":1308752,""type"":'"
3270,"b'""ITEM_PURCHASED""},{""itemId"":2055,""participantId"":7,""timestamp"":1309489,""type"":""ITEM_PURCHASED""},{""level"":13,""participantId"":9,""t'"
3271,"b'imestamp"":1310952,""type"":""LEVEL_UP""},{""itemId"":1028,""participantId"":10,""timestamp"":1313187,""type"":""ITEM_DESTROYED""},{""itemId"":30'"
3272,"b'12,""participantId"":10,""timestamp"":1313187,""type"":""ITEM_PURCHASED""},{""itemId"":1004,""participantId"":10,""timestamp"":1313554,""type"":'"
3273,"b'""ITEM_PURCHASED""},{""itemId"":1004,""participantId"":10,""timestamp"":1314153,""type"":""ITEM_DESTROYED""},{""itemId"":3114,""participantId"":'"
3274,"b'10,""timestamp"":1314153,""type"":""ITEM_PURCHASED""},{""itemId"":3086,""participantId"":1,""timestamp"":1318281,""type"":""ITEM_DESTROYED""},{""'"
3275,"b'itemId"":3046,""participantId"":1,""timestamp"":1318281,""type"":""ITEM_PURCHASED""}],""participantFrames"":{""1"":{""championStats"":{""ability'"
3276,"b'Haste"":0,""abilityPower"":0,""armor"":128,""armorPen"":0,""armorPenPercent"":0,""attackDamage"":254,""attackSpeed"":234,""bonusArmorPenPercen'"
3277,"b't"":0,""bonusMagicPenPercent"":0,""ccReduction"":0,""cooldownReduction"":0,""health"":0,""healthMax"":2460,""healthRegen"":446,""lifesteal"":0,'"
3278,"b'""magicPen"":0,""magicPenPercent"":0,""magicResist"":83,""movementSpeed"":426,""omnivamp"":0,""physicalVamp"":0,""power"":0,""powerMax"":0,""powe'"
3279,"b'rRegen"":0,""spellVamp"":0},""currentGold"":23,""damageStats"":{""magicDamageDone"":346,""magicDamageDoneToChampions"":346,""magicDamageTake'"
3280,"b'n"":1703,""physicalDamageDone"":113475,""physicalDamageDoneToChampions"":9896,""physicalDamageTaken"":15862,""totalDamageDone"":128702,""t'"
3281,"b'otalDamageDoneToChampions"":12513,""totalDamageTaken"":18840,""trueDamageDone"":14880,""trueDamageDoneToChampions"":2270,""trueDamageTak'"
3282,"b'en"":1274},""goldPerSecond"":0,""jungleMinionsKilled"":12,""level"":14,""minionsKilled"":172,""participantId"":1,""position"":{""x"":8180,""y"":7'"
3283,"b'402},""timeEnemySpentControlled"":133817,""totalGold"":9312,""xp"":12034},""2"":{""championStats"":{""abilityHaste"":0,""abilityPower"":0,""arm'"
3284,"b'or"":81,""armorPen"":0,""armorPenPercent"":0,""attackDamage"":239,""attackSpeed"":157,""bonusArmorPenPercent"":0,""bonusMagicPenPercent"":0,""'"
3285,"b'ccReduction"":19,""cooldownReduction"":0,""health"":0,""healthMax"":2605,""healthRegen"":31,""lifesteal"":0,""magicPen"":0,""magicPenPercent"":'"
3286,"b'0,""magicResist"":54,""movementSpeed"":405,""omnivamp"":8,""physicalVamp"":0,""power"":251,""powerMax"":765,""powerRegen"":26,""spellVamp"":0},""'"
3287,"b'currentGold"":269,""damageStats"":{""magicDamageDone"":1089,""magicDamageDoneToChampions"":1089,""magicDamageTaken"":10055,""physicalDamag'"
3288,"b'eDone"":94307,""physicalDamageDoneToChampions"":11713,""physicalDamageTaken"":18398,""totalDamageDone"":125337,""totalDamageDoneToChampi'"
3289,"b'ons"":13349,""totalDamageTaken"":28887,""trueDamageDone"":29940,""trueDamageDoneToChampions"":546,""trueDamageTaken"":433},""goldPerSecond'"
3290,"b'"":0,""jungleMinionsKilled"":101,""level"":13,""minionsKilled"":36,""participantId"":2,""position"":{""x"":5580,""y"":6307},""timeEnemySpentCont'"
3291,"b'rolled"":200399,""totalGold"":9399,""xp"":10165},""3"":{""championStats"":{""abilityHaste"":0,""abilityPower"":139,""armor"":66,""armorPen"":0,""a'"
3292,"b'rmorPenPercent"":0,""attackDamage"":69,""attackSpeed"":140,""bonusArmorPenPercent"":0,""bonusMagicPenPercent"":0,""ccReduction"":0,""cooldow'"
3293,"b'nReduction"":0,""health"":0,""healthMax"":2051,""healthRegen"":28,""lifesteal"":0,""magicPen"":24,""magicPenPercent"":0,""magicResist"":41,""mov'"
3294,"b'ementSpeed"":385,""omnivamp"":0,""physicalVamp"":0,""power"":624,""powerMax"":1083,""powerRegen"":26,""spellVamp"":0},""currentGold"":445,""dama'"
3295,"b'geStats"":{""magicDamageDone"":76527,""magicDamageDoneToChampions"":16554,""magicDamageTaken"":12382,""physicalDamageDone"":8814,""physica'"
3296,"b'lDamageDoneToChampions"":3162,""physicalDamageTaken"":8614,""totalDamageDone"":98057,""totalDamageDoneToChampions"":19717,""totalDamageT'"
3297,"b'aken"":21364,""trueDamageDone"":12715,""trueDamageDoneToChampions"":0,""trueDamageTaken"":367},""goldPerSecond"":0,""jungleMinionsKilled"":'"
3298,"b'0,""level"":11,""minionsKilled"":135,""participantId"":3,""position"":{""x"":4819,""y"":5411},""timeEnemySpentControlled"":183355,""totalGold"":'"
3299,"b'6885,""xp"":7637},""4"":{""championStats"":{""abilityHaste"":0,""abilityPower"":0,""armor"":75,""armorPen"":0,""armorPenPercent"":0,""attackDamag'"
3300,"b'e"":227,""attackSpeed"":222,""bonusArmorPenPercent"":0,""bonusMagicPenPercent"":0,""ccReduction"":0,""cooldownReduction"":0,""health"":1809,""'"
3301,"b'healthMax"":1809,""healthRegen"":17,""lifesteal"":5,""magicPen"":0,""magicPenPercent"":0,""magicResist"":42,""movementSpeed"":409,""omnivamp"":'"
3302,"b'2,""physicalVamp"":0,""power"":852,""powerMax"":858,""powerRegen"":30,""spellVamp"":0},""currentGold"":672,""damageStats"":{""magicDamageDone"":'"
3303,"b'8625,""magicDamageDoneToChampions"":4475,""magicDamageTaken"":3169,""physicalDamageDone"":92232,""physicalDamageDoneToChampions"":11505,'"
3304,"b'""physicalDamageTaken"":9174,""totalDamageDone"":100857,""totalDamageDoneToChampions"":15980,""totalDamageTaken"":13258,""trueDamageDone""'"
3305,"b':0,""trueDamageDoneToChampions"":0,""trueDamageTaken"":914},""goldPerSecond"":0,""jungleMinionsKilled"":0,""level"":12,""minionsKilled"":172'"
3306,"b',""participantId"":4,""position"":{""x"":5435,""y"":3663},""timeEnemySpentControlled"":0,""totalGold"":10846,""xp"":8860},""5"":{""championStats""'"
3307,"b':{""abilityHaste"":0,""abilityPower"":20,""armor"":158,""armorPen"":0,""armorPenPercent"":0,""attackDamage"":78,""attackSpeed"":111,""bonusArmo'"
3308,"b'rPenPercent"":0,""bonusMagicPenPercent"":0,""ccReduction"":33,""cooldownReduction"":0,""health"":1864,""healthMax"":1864,""healthRegen"":56,""'"
3309,"b'lifesteal"":0,""magicPen"":0,""magicPenPercent"":0,""magicResist"":115,""movementSpeed"":593,""omnivamp"":0,""physicalVamp"":0,""power"":698,""p'"
3310,"b'owerMax"":698,""powerRegen"":17,""spellVamp"":0},""currentGold"":342,""damageStats"":{""magicDamageDone"":5390,""magicDamageDoneToChampions""'"
3311,"b':3230,""magicDamageTaken"":6653,""physicalDamageDone"":4751,""physicalDamageDoneToChampions"":1701,""physicalDamageTaken"":6085,""totalDa'"
3312,"b'mageDone"":22818,""totalDamageDoneToChampions"":5729,""totalDamageTaken"":13132,""trueDamageDone"":12677,""trueDamageDoneToChampions"":79'"
3313,"b'7,""trueDamageTaken"":393},""goldPerSecond"":30,""jungleMinionsKilled"":0,""level"":10,""minionsKilled"":30,""participantId"":5,""position"":{'"
3314,"b'""x"":1900,""y"":794},""timeEnemySpentControlled"":160383,""totalGold"":5727,""xp"":6640},""6"":{""championStats"":{""abilityHaste"":0,""abilityP'"
3315,"b'ower"":20,""armor"":97,""armorPen"":0,""armorPenPercent"":0,""attackDamage"":250,""attackSpeed"":153,""bonusArmorPenPercent"":0,""bonusMagicPe'"
3316,"b'nPercent"":0,""ccReduction"":19,""cooldownReduction"":0,""health"":1712,""healthMax"":2811,""healthRegen"":30,""lifesteal"":0,""magicPen"":0,""m'"
3317,"b'agicPenPercent"":0,""magicResist"":59,""movementSpeed"":499,""omnivamp"":10,""physicalVamp"":0,""power"":0,""powerMax"":0,""powerRegen"":0,""spe'"
3318,"b'llVamp"":0},""currentGold"":1173,""damageStats"":{""magicDamageDone"":0,""magicDamageDoneToChampions"":0,""magicDamageTaken"":1865,""physica'"
3319,"b'lDamageDone"":117963,""physicalDamageDoneToChampions"":16698,""physicalDamageTaken"":14394,""totalDamageDone"":123239,""totalDamageDoneT'"
3320,"b'oChampions"":17698,""totalDamageTaken"":18303,""trueDamageDone"":5276,""trueDamageDoneToChampions"":1000,""trueDamageTaken"":2043},""goldP'"
3321,"b'erSecond"":0,""jungleMinionsKilled"":4,""level"":15,""minionsKilled"":186,""participantId"":6,""position"":{""x"":3259,""y"":7215},""timeEnemySp'"
3322,"b'entControlled"":123582,""totalGold"":9443,""xp"":13614},""7"":{""championStats"":{""abilityHaste"":0,""abilityPower"":0,""armor"":155,""armorPen'"
3323,"b'"":0,""armorPenPercent"":0,""attackDamage"":223,""attackSpeed"":197,""bonusArmorPenPercent"":0,""bonusMagicPenPercent"":0,""ccReduction"":19,'"
3324,"b'""cooldownReduction"":0,""health"":2548,""healthMax"":2548,""healthRegen"":30,""lifesteal"":0,""magicPen"":0,""magicPenPercent"":0,""magicResis'"
3325,"b't"":48,""movementSpeed"":556,""omnivamp"":0,""physicalVamp"":0,""power"":658,""powerMax"":658,""powerRegen"":23,""spellVamp"":0},""currentGold"":'"
3326,"b'48,""damageStats"":{""magicDamageDone"":3784,""magicDamageDoneToChampions"":1263,""magicDamageTaken"":5660,""physicalDamageDone"":118012,""'"
3327,"b'physicalDamageDoneToChampions"":13285,""physicalDamageTaken"":18971,""totalDamageDone"":150391,""totalDamageDoneToChampions"":15228,""to'"
3328,"b'talDamageTaken"":25185,""trueDamageDone"":28595,""trueDamageDoneToChampions"":679,""trueDamageTaken"":553},""goldPerSecond"":0,""jungleMin'"
3329,"b'ionsKilled"":101,""level"":13,""minionsKilled"":18,""participantId"":7,""position"":{""x"":13298,""y"":12620},""timeEnemySpentControlled"":5088'"
3330,"b'43,""totalGold"":10213,""xp"":10916},""8"":{""championStats"":{""abilityHaste"":0,""abilityPower"":387,""armor"":134,""armorPen"":0,""armorPenPer'"
3331,"b'cent"":0,""attackDamage"":97,""attackSpeed"":149,""bonusArmorPenPercent"":0,""bonusMagicPenPercent"":0,""ccReduction"":0,""cooldownReduction'"
3332,"b'"":0,""health"":2770,""healthMax"":2815,""healthRegen"":39,""lifesteal"":0,""magicPen"":0,""magicPenPercent"":0,""magicResist"":70,""movementSpe'"
3333,"b'ed"":395,""omnivamp"":0,""physicalVamp"":0,""power"":1562,""powerMax"":1756,""powerRegen"":35,""spellVamp"":0},""currentGold"":1159,""damageStat'"
3334,"b's"":{""magicDamageDone"":127621,""magicDamageDoneToChampions"":19533,""magicDamageTaken"":12079,""physicalDamageDone"":3093,""physicalDama'"
3335,"b'geDoneToChampions"":454,""physicalDamageTaken"":14444,""totalDamageDone"":135798,""totalDamageDoneToChampions"":21177,""totalDamageTaken'"
3336,"b'"":26907,""trueDamageDone"":5083,""trueDamageDoneToChampions"":1189,""trueDamageTaken"":383},""goldPerSecond"":0,""jungleMinionsKilled"":4,'"
3337,"b'""level"":14,""minionsKilled"":195,""participantId"":8,""position"":{""x"":10177,""y"":1473},""timeEnemySpentControlled"":364707,""totalGold"":1'"
3338,"b'2798,""xp"":12699},""9"":{""championStats"":{""abilityHaste"":0,""abilityPower"":20,""armor"":75,""armorPen"":0,""armorPenPercent"":0,""attackDam'"
3339,"b'age"":258,""attackSpeed"":222,""bonusArmorPenPercent"":0,""bonusMagicPenPercent"":0,""ccReduction"":0,""cooldownReduction"":0,""health"":1032'"
3340,"b',""healthMax"":1914,""healthRegen"":21,""lifesteal"":0,""magicPen"":0,""magicPenPercent"":0,""magicResist"":44,""movementSpeed"":606,""omnivamp'"
3341,"b'"":2,""physicalVamp"":0,""power"":551,""powerMax"":742,""powerRegen"":29,""spellVamp"":0},""currentGold"":1666,""damageStats"":{""magicDamageDon'"
3342,"b'e"":41683,""magicDamageDoneToChampions"":6097,""magicDamageTaken"":4740,""physicalDamageDone"":63453,""physicalDamageDoneToChampions"":96'"
3343,"b'43,""physicalDamageTaken"":8120,""totalDamageDone"":117111,""totalDamageDoneToChampions"":15787,""totalDamageTaken"":13162,""trueDamageDo'"
3344,"b'ne"":11974,""trueDamageDoneToChampions"":46,""trueDamageTaken"":301},""goldPerSecond"":0,""jungleMinionsKilled"":13,""level"":13,""minionsKi'"
3345,"b'lled"":159,""participantId"":9,""position"":{""x"":14340,""y"":14391},""timeEnemySpentControlled"":27042,""totalGold"":11496,""xp"":9969},""10"":'"
3346,"b'{""championStats"":{""abilityHaste"":0,""abilityPower"":88,""armor"":114,""armorPen"":0,""armorPenPercent"":0,""attackDamage"":108,""attackSpee'"
3347,"b'd"":137,""bonusArmorPenPercent"":0,""bonusMagicPenPercent"":0,""ccReduction"":30,""cooldownReduction"":0,""health"":2607,""healthMax"":2607,""'"
3348,"b'healthRegen"":59,""lifesteal"":0,""magicPen"":0,""magicPenPercent"":0,""magicResist"":107,""movementSpeed"":495,""omnivamp"":0,""physicalVamp""'"
3349,"b':0,""power"":733,""powerMax"":807,""powerRegen"":54,""spellVamp"":0},""currentGold"":24,""damageStats"":{""magicDamageDone"":7842,""magicDamage'"
3350,"b'DoneToChampions"":3673,""magicDamageTaken"":4101,""physicalDamageDone"":5478,""physicalDamageDoneToChampions"":1666,""physicalDamageTake'"
3351,"b'n"":6828,""totalDamageDone"":20349,""totalDamageDoneToChampions"":5808,""totalDamageTaken"":11264,""trueDamageDone"":7028,""trueDamageDone'"
3352,"b'ToChampions"":468,""trueDamageTaken"":333},""goldPerSecond"":30,""jungleMinionsKilled"":0,""level"":12,""minionsKilled"":43,""participantId""'"
3353,"b':10,""position"":{""x"":12284,""y"":12071},""timeEnemySpentControlled"":50824,""totalGold"":6639,""xp"":8847}},""timestamp"":1320422},{""events'"
3354,"b'"":[{""itemId"":1055,""participantId"":9,""timestamp"":1321629,""type"":""ITEM_SOLD""},{""itemId"":1038,""participantId"":9,""timestamp"":1322361'"
3355,"b',""type"":""ITEM_DESTROYED""},{""itemId"":1036,""participantId"":9,""timestamp"":1322361,""type"":""ITEM_DESTROYED""},{""itemId"":3072,""particip'"
3356,"b'antId"":9,""timestamp"":1322361,""type"":""ITEM_PURCHASED""},{""itemId"":2055,""participantId"":9,""timestamp"":1323361,""type"":""ITEM_PURCHASE'"
3357,"b'D""},{""levelUpType"":""NORMAL"",""participantId"":9,""skillSlot"":3,""timestamp"":1325426,""type"":""SKILL_LEVEL_UP""},{""creatorId"":5,""timesta'"
3358,"b'mp"":1333185,""type"":""WARD_PLACED"",""wardType"":""SIGHT_WARD""},{""killerId"":8,""timestamp"":1339058,""type"":""WARD_KILL"",""wardType"":""CONTR'"
3359,"b'OL_WARD""},{""creatorId"":6,""timestamp"":1341487,""type"":""WARD_PLACED"",""wardType"":""BLUE_TRINKET""},{""killerId"":5,""timestamp"":1341824,""'"
3360,"b'type"":""WARD_KILL"",""wardType"":""UNDEFINED""},{""creatorId"":5,""timestamp"":1341924,""type"":""WARD_PLACED"",""wardType"":""SIGHT_WARD""},{""cre'"
3361,"b'atorId"":10,""timestamp"":1341924,""type"":""WARD_PLACED"",""wardType"":""UNDEFINED""},{""killerId"":1,""timestamp"":1343090,""type"":""WARD_KILL""'"
3362,"b',""wardType"":""BLUE_TRINKET""},{""killerId"":10,""timestamp"":1345321,""type"":""WARD_KILL"",""wardType"":""CONTROL_WARD""},{""creatorId"":10,""ti'"
3363,"b'mestamp"":1345321,""type"":""WARD_PLACED"",""wardType"":""UNDEFINED""},{""level"":15,""participantId"":8,""timestamp"":1349394,""type"":""LEVEL_UP'"
3364,"b'""},{""creatorId"":10,""timestamp"":1350663,""type"":""WARD_PLACED"",""wardType"":""SIGHT_WARD""},{""creatorId"":5,""timestamp"":1351627,""type"":""'"
3365,"b'WARD_PLACED"",""wardType"":""SIGHT_WARD""},{""creatorId"":10,""timestamp"":1351627,""type"":""WARD_PLACED"",""wardType"":""UNDEFINED""},{""levelUp'"
3366,"b'Type"":""NORMAL"",""participantId"":8,""skillSlot"":3,""timestamp"":1352162,""type"":""SKILL_LEVEL_UP""},{""creatorId"":2,""timestamp"":1354662,""'"
3367,"b'type"":""WARD_PLACED"",""wardType"":""YELLOW_TRINKET""},{""killerId"":6,""timestamp"":1354830,""type"":""WARD_KILL"",""wardType"":""BLUE_TRINKET""}'"
3368,"b',{""assistingParticipantIds"":[9,10],""bounty"":0,""killerId"":7,""killerTeamId"":200,""monsterSubType"":""CHEMTECH_DRAGON"",""monsterType"":""'"
3369,"b'DRAGON"",""position"":{""x"":9866,""y"":4416},""timestamp"":1358738,""type"":""ELITE_MONSTER_KILL""},{""creatorId"":3,""timestamp"":1360305,""type'"
3370,"b'"":""WARD_PLACED"",""wardType"":""YELLOW_TRINKET""},{""killerId"":10,""timestamp"":1364510,""type"":""WARD_KILL"",""wardType"":""YELLOW_TRINKET""},'"
3371,"b'{""creatorId"":10,""timestamp"":1364510,""type"":""WARD_PLACED"",""wardType"":""UNDEFINED""},{""creatorId"":5,""timestamp"":1365372,""type"":""WARD'"
3372,"b'_PLACED"",""wardType"":""SIGHT_WARD""},{""level"":15,""participantId"":1,""timestamp"":1365372,""type"":""LEVEL_UP""},{""creatorId"":2,""timestamp'"
3373,"b'"":1368444,""type"":""WARD_PLACED"",""wardType"":""YELLOW_TRINKET""},{""killerId"":10,""timestamp"":1369243,""type"":""WARD_KILL"",""wardType"":""SI'"
3374,"b'GHT_WARD""},{""creatorId"":10,""timestamp"":1369243,""type"":""WARD_PLACED"",""wardType"":""UNDEFINED""},{""levelUpType"":""NORMAL"",""participant'"
3375,"b'Id"":1,""skillSlot"":2,""timestamp"":1369911,""type"":""SKILL_LEVEL_UP""},{""creatorId"":3,""timestamp"":1371545,""type"":""WARD_PLACED"",""wardTy'"
3376,"b'pe"":""YELLOW_TRINKET""},{""assistingParticipantIds"":[7,9,10],""bounty"":274,""killStreakLength"":0,""killerId"":8,""position"":{""x"":4432,""y'"
3377,"b'"":4320},""shutdownBounty"":0,""timestamp"":1376248,""type"":""CHAMPION_KILL"",""victimDamageDealt"":[{""basic"":false,""magicDamage"":4,""name""'"
3378,"b':""Rell"",""participantId"":7,""physicalDamage"":0,""spellName"":"""",""spellSlot"":-1,""trueDamage"":0,""type"":""OTHER""},{""basic"":false,""magicD'"
3379,"b'amage"":3,""name"":""Rell"",""participantId"":8,""physicalDamage"":0,""spellName"":"""",""spellSlot"":-1,""trueDamage"":0,""type"":""OTHER""},{""basic'"
3380,"b'"":false,""magicDamage"":45,""name"":""Rell"",""participantId"":8,""physicalDamage"":0,""spellName"":""rellq"",""spellSlot"":0,""trueDamage"":0,""ty'"
3381,"b'pe"":""OTHER""},{""basic"":false,""magicDamage"":3,""name"":""Rell"",""participantId"":10,""physicalDamage"":0,""spellName"":"""",""spellSlot"":-1,""t'"
3382,"b'rueDamage"":0,""type"":""OTHER""}],""victimDamageReceived"":[{""basic"":false,""magicDamage"":0,""name"":""Rakan"",""participantId"":10,""physical'"
3383,"b'Damage"":0,""spellName"":""rakanw"",""spellSlot"":1,""trueDamage"":0,""type"":""OTHER""},{""basic"":true,""magicDamage"":0,""name"":""Rakan"",""partic'"
3384,"b'ipantId"":10,""physicalDamage"":0,""spellName"":""rakanbasicattack2"",""spellSlot"":49,""trueDamage"":0,""type"":""OTHER""},{""basic"":false,""mag'"
3385,"b'icDamage"":85,""name"":""Sylas"",""participantId"":8,""physicalDamage"":0,""spellName"":"""",""spellSlot"":-1,""trueDamage"":0,""type"":""OTHER""},{""'"
3386,"b'basic"":false,""magicDamage"":374,""name"":""Sylas"",""participantId"":8,""physicalDamage"":0,""spellName"":""neekor"",""spellSlot"":3,""trueDamag'"
3387,"b'e"":0,""type"":""OTHER""},{""basic"":false,""magicDamage"":170,""name"":""Sylas"",""participantId"":8,""physicalDamage"":0,""spellName"":""sylase2"",'"
3388,"b'""spellSlot"":2,""trueDamage"":51,""type"":""OTHER""},{""basic"":false,""magicDamage"":257,""name"":""Sylas"",""participantId"":8,""physicalDamage""'"
3389,"b':0,""spellName"":""sylasw"",""spellSlot"":1,""trueDamage"":0,""type"":""OTHER""},{""basic"":false,""magicDamage"":0,""name"":""Sylas"",""participantI'"
3390,"b'd"":8,""physicalDamage"":0,""spellName"":""burning"",""spellSlot"":-1,""trueDamage"":93,""type"":""OTHER""},{""basic"":false,""magicDamage"":99,""na'"
3391,"b'me"":""Sylas"",""participantId"":8,""physicalDamage"":0,""spellName"":""sylaspassive"",""spellSlot"":63,""trueDamage"":0,""type"":""OTHER""},{""basi'"
3392,"b'c"":false,""magicDamage"":119,""name"":""Sylas"",""participantId"":8,""physicalDamage"":0,""spellName"":""sylasq"",""spellSlot"":0,""trueDamage"":0'"
3393,"b',""type"":""OTHER""},{""basic"":false,""magicDamage"":0,""name"":""Zeri"",""participantId"":9,""physicalDamage"":303,""spellName"":""zeriw"",""spellS'"
3394,"b'lot"":1,""trueDamage"":0,""type"":""OTHER""},{""basic"":false,""magicDamage"":0,""name"":""Nocturne"",""participantId"":7,""physicalDamage"":136,""s'"
3395,"b'pellName"":""nocturneduskbringer"",""spellSlot"":0,""trueDamage"":0,""type"":""OTHER""},{""basic"":false,""magicDamage"":0,""name"":""Nocturne"",""p'"
3396,"b'articipantId"":7,""physicalDamage"":155,""spellName"":""nocturneparanoia2"",""spellSlot"":3,""trueDamage"":0,""type"":""OTHER""},{""basic"":false'"
3397,"b',""magicDamage"":0,""name"":""Nocturne"",""participantId"":7,""physicalDamage"":129,""spellName"":""nocturnep"",""spellSlot"":63,""trueDamage"":0,'"
3398,"b'""type"":""OTHER""},{""basic"":false,""magicDamage"":0,""name"":""Nocturne"",""participantId"":7,""physicalDamage"":67,""spellName"":""6631active"",'"
3399,"b'""spellSlot"":7,""trueDamage"":0,""type"":""OTHER""}],""victimId"":5},{""level"":14,""participantId"":7,""timestamp"":1376248,""type"":""LEVEL_UP""}'"
3400,"b',{""assistingParticipantIds"":[7,10],""bounty"":300,""killStreakLength"":1,""killerId"":8,""position"":{""x"":3452,""y"":3781},""shutdownBounty'"
3401,"b'"":0,""timestamp"":1378230,""type"":""CHAMPION_KILL"",""victimDamageDealt"":[{""basic"":false,""magicDamage"":22,""name"":""Kaisa"",""participantI'"
3402,"b'd"":7,""physicalDamage"":0,""spellName"":""kaisapassive"",""spellSlot"":63,""trueDamage"":0,""type"":""OTHER""},{""basic"":true,""magicDamage"":0,""'"
3403,"b'name"":""Kaisa"",""participantId"":7,""physicalDamage"":0,""spellName"":""kaisaeattack2"",""spellSlot"":68,""trueDamage"":0,""type"":""OTHER""},{""b'"
3404,"b'asic"":false,""magicDamage"":0,""name"":""Kaisa"",""participantId"":7,""physicalDamage"":94,""spellName"":"""",""spellSlot"":-1,""trueDamage"":0,""t'"
3405,"b'ype"":""OTHER""},{""basic"":true,""magicDamage"":0,""name"":""Kaisa"",""participantId"":7,""physicalDamage"":163,""spellName"":""kaisaecritattack3'"
3406,"b'"",""spellSlot"":76,""trueDamage"":0,""type"":""OTHER""},{""basic"":false,""magicDamage"":0,""name"":""Kaisa"",""participantId"":8,""physicalDamage""'"
3407,"b':366,""spellName"":""kaisaq"",""spellSlot"":0,""trueDamage"":0,""type"":""OTHER""},{""basic"":false,""magicDamage"":25,""name"":""Kaisa"",""participa'"
3408,"b'ntId"":8,""physicalDamage"":0,""spellName"":""kaisapassive"",""spellSlot"":63,""trueDamage"":0,""type"":""OTHER""},{""basic"":true,""magicDamage"":'"
3409,"b'0,""name"":""Kaisa"",""participantId"":8,""physicalDamage"":116,""spellName"":""kaisaeattack"",""spellSlot"":67,""trueDamage"":0,""type"":""OTHER""}'"
3410,"b'],""victimDamageReceived"":[{""basic"":true,""magicDamage"":0,""name"":""SRU_ChaosMinionSiege"",""participantId"":0,""physicalDamage"":42,""spe'"
3411,"b'llName"":""sru_chaosminionrangedbasicattack"",""spellSlot"":64,""trueDamage"":0,""type"":""MINION""},{""basic"":true,""magicDamage"":0,""name"":""'"
3412,"b'SRU_ChaosMinionSiege"",""participantId"":0,""physicalDamage"":17,""spellName"":""sru_chaosminionsiegebasicattack"",""spellSlot"":64,""trueDa'"
3413,"b'mage"":0,""type"":""MINION""},{""basic"":true,""magicDamage"":0,""name"":""SRU_ChaosMinionSiege"",""participantId"":0,""physicalDamage"":42,""spel'"
3414,"b'lName"":""sru_chaosminionrangedbasicattack2"",""spellSlot"":65,""trueDamage"":0,""type"":""MINION""},{""basic"":false,""magicDamage"":0,""name"":'"
3415,"b'""Nocturne"",""participantId"":7,""physicalDamage"":165,""spellName"":""nocturnep"",""spellSlot"":63,""trueDamage"":0,""type"":""OTHER""},{""basic""'"
3416,"b':false,""magicDamage"":45,""name"":""Nocturne"",""participantId"":7,""physicalDamage"":0,""spellName"":""nocturneunspeakablehorror"",""spellSlo'"
3417,"b't"":2,""trueDamage"":0,""type"":""OTHER""},{""basic"":false,""magicDamage"":0,""name"":""Nocturne"",""participantId"":7,""physicalDamage"":208,""spe'"
3418,"b'llName"":""nocturneduskbringer"",""spellSlot"":0,""trueDamage"":0,""type"":""OTHER""},{""basic"":false,""magicDamage"":0,""name"":""Nocturne"",""par'"
3419,"b'ticipantId"":7,""physicalDamage"":94,""spellName"":""6631active"",""spellSlot"":7,""trueDamage"":0,""type"":""OTHER""},{""basic"":true,""magicDama'"
3420,"b'ge"":0,""name"":""Nocturne"",""participantId"":7,""physicalDamage"":493,""spellName"":""nocturnebasicattack"",""spellSlot"":64,""trueDamage"":0,""'"
3421,"b'type"":""OTHER""},{""basic"":false,""magicDamage"":0,""name"":""Nocturne"",""participantId"":8,""physicalDamage"":0,""spellName"":""burning"",""spel'"
3422,"b'lSlot"":-1,""trueDamage"":16,""type"":""OTHER""},{""basic"":false,""magicDamage"":153,""name"":""Nocturne"",""participantId"":8,""physicalDamage"":'"
3423,"b'0,""spellName"":""6656cast"",""spellSlot"":6,""trueDamage"":0,""type"":""OTHER""},{""basic"":false,""magicDamage"":116,""name"":""Nocturne"",""partic'"
3424,"b'ipantId"":8,""physicalDamage"":0,""spellName"":"""",""spellSlot"":-1,""trueDamage"":0,""type"":""OTHER""},{""basic"":false,""magicDamage"":402,""nam'"
3425,"b'e"":""Nocturne"",""participantId"":8,""physicalDamage"":0,""spellName"":""sylase2"",""spellSlot"":2,""trueDamage"":0,""type"":""OTHER""},{""basic"":f'"
3426,"b'alse,""magicDamage"":160,""name"":""Nocturne"",""participantId"":8,""physicalDamage"":0,""spellName"":""sylaspassive"",""spellSlot"":63,""trueDam'"
3427,"b'age"":0,""type"":""OTHER""},{""basic"":false,""magicDamage"":0,""name"":""Rakan"",""participantId"":10,""physicalDamage"":0,""spellName"":""rakanr"",'"
3428,"b'""spellSlot"":3,""trueDamage"":0,""type"":""OTHER""},{""basic"":false,""magicDamage"":238,""name"":""Rakan"",""participantId"":10,""physicalDamage""'"
3429,"b':0,""spellName"":""rakanw"",""spellSlot"":1,""trueDamage"":0,""type"":""OTHER""}],""victimId"":4},{""killType"":""KILL_MULTI"",""killerId"":8,""multi'"
3430,"b'KillLength"":2,""position"":{""x"":3548,""y"":3850},""timestamp"":1378230,""type"":""CHAMPION_SPECIAL_KILL""},{""assistingParticipantIds"":[7,1'"
3431,"b'0],""bounty"":112,""killStreakLength"":2,""killerId"":8,""position"":{""x"":3478,""y"":3493},""shutdownBounty"":0,""timestamp"":1379964,""type"":""'"
3432,"b'CHAMPION_KILL"",""victimDamageDealt"":[{""basic"":true,""magicDamage"":0,""name"":""Neeko"",""participantId"":7,""physicalDamage"":25,""spellNam'"
3433,"b'e"":"""",""spellSlot"":63,""trueDamage"":0,""type"":""OTHER""},{""basic"":false,""magicDamage"":107,""name"":""Neeko"",""participantId"":7,""physicalD'"
3434,"b'amage"":0,""spellName"":"""",""spellSlot"":63,""trueDamage"":0,""type"":""OTHER""},{""basic"":false,""magicDamage"":126,""name"":""Neeko"",""participa'"
3435,"b'ntId"":7,""physicalDamage"":0,""spellName"":""3152active"",""spellSlot"":7,""trueDamage"":0,""type"":""OTHER""},{""basic"":false,""magicDamage"":6,'"
3436,"b'""name"":""Neeko"",""participantId"":7,""physicalDamage"":0,""spellName"":""itemdarkcrystalflask"",""spellSlot"":6,""trueDamage"":0,""type"":""OTHE'"
3437,"b'R""},{""basic"":false,""magicDamage"":169,""name"":""Neeko"",""participantId"":8,""physicalDamage"":0,""spellName"":""neekoe"",""spellSlot"":2,""tru'"
3438,"b'eDamage"":0,""type"":""OTHER""},{""basic"":false,""magicDamage"":9,""name"":""Neeko"",""participantId"":8,""physicalDamage"":0,""spellName"":""itemd'"
3439,"b'arkcrystalflask"",""spellSlot"":6,""trueDamage"":0,""type"":""OTHER""},{""basic"":false,""magicDamage"":54,""name"":""Neeko"",""participantId"":8,""'"
3440,"b'physicalDamage"":0,""spellName"":"""",""spellSlot"":-1,""trueDamage"":0,""type"":""OTHER""},{""basic"":false,""magicDamage"":612,""name"":""Neeko"",""'"
3441,"b'participantId"":8,""physicalDamage"":0,""spellName"":""neekoq"",""spellSlot"":0,""trueDamage"":0,""type"":""OTHER""},{""basic"":false,""magicDamag'"
3442,"b'e"":0,""name"":""Neeko"",""participantId"":10,""physicalDamage"":0,""spellName"":"""",""spellSlot"":-1,""trueDamage"":0,""type"":""OTHER""},{""basic"":'"
3443,"b'false,""magicDamage"":87,""name"":""Neeko"",""participantId"":10,""physicalDamage"":0,""spellName"":""3152active"",""spellSlot"":7,""trueDamage"":'"
3444,"b'0,""type"":""OTHER""},{""basic"":false,""magicDamage"":0,""name"":""Neeko"",""participantId"":10,""physicalDamage"":0,""spellName"":""neekoe"",""spel'"
3445,"b'lSlot"":2,""trueDamage"":0,""type"":""OTHER""},{""basic"":false,""magicDamage"":475,""name"":""Neeko"",""participantId"":10,""physicalDamage"":0,""s'"
3446,"b'pellName"":""neekoq"",""spellSlot"":0,""trueDamage"":0,""type"":""OTHER""},{""basic"":false,""magicDamage"":3,""name"":""Neeko"",""participantId"":10'"
3447,"b',""physicalDamage"":0,""spellName"":""itemdarkcrystalflask"",""spellSlot"":6,""trueDamage"":0,""type"":""OTHER""},{""basic"":true,""magicDamage"":'"
3448,"b'0,""name"":""Neeko"",""participantId"":10,""physicalDamage"":35,""spellName"":""neekobasicattack"",""spellSlot"":64,""trueDamage"":0,""type"":""OTH'"
3449,"b'ER""},{""basic"":false,""magicDamage"":89,""name"":""Neeko"",""participantId"":10,""physicalDamage"":0,""spellName"":"""",""spellSlot"":-1,""trueDam'"
3450,"b'age"":0,""type"":""OTHER""}],""victimDamageReceived"":[{""basic"":false,""magicDamage"":154,""name"":""Sylas"",""participantId"":8,""physicalDamag'"
3451,"b'e"":0,""spellName"":""6656cast"",""spellSlot"":6,""trueDamage"":0,""type"":""OTHER""},{""basic"":false,""magicDamage"":234,""name"":""Sylas"",""partic'"
3452,"b'ipantId"":8,""physicalDamage"":0,""spellName"":"""",""spellSlot"":-1,""trueDamage"":0,""type"":""OTHER""},{""basic"":false,""magicDamage"":412,""nam'"
3453,"b'e"":""Sylas"",""participantId"":8,""physicalDamage"":0,""spellName"":""sylaspassive"",""spellSlot"":63,""trueDamage"":0,""type"":""OTHER""},{""basic'"
3454,"b'"":false,""magicDamage"":660,""name"":""Sylas"",""participantId"":8,""physicalDamage"":0,""spellName"":""sylasq"",""spellSlot"":0,""trueDamage"":0,'"
3455,"b'""type"":""OTHER""},{""basic"":false,""magicDamage"":404,""name"":""Sylas"",""participantId"":8,""physicalDamage"":0,""spellName"":""sylasw"",""spell'"
3456,"b'Slot"":1,""trueDamage"":0,""type"":""OTHER""},{""basic"":false,""magicDamage"":0,""name"":""Sylas"",""participantId"":8,""physicalDamage"":0,""spell'"
3457,"b'Name"":""burning"",""spellSlot"":-1,""trueDamage"":20,""type"":""OTHER""},{""basic"":false,""magicDamage"":0,""name"":""Nocturne"",""participantId"":'"
3458,"b'7,""physicalDamage"":215,""spellName"":""nocturneduskbringer"",""spellSlot"":0,""trueDamage"":0,""type"":""OTHER""}],""victimId"":3},{""killType""'"
3459,"b':""KILL_MULTI"",""killerId"":8,""multiKillLength"":3,""position"":{""x"":3492,""y"":3618},""timestamp"":1379964,""type"":""CHAMPION_SPECIAL_KILL""'"
3460,"b'}],""participantFrames"":{""1"":{""championStats"":{""abilityHaste"":0,""abilityPower"":0,""armor"":126,""armorPen"":0,""armorPenPercent"":0,""at'"
3461,"b'tackDamage"":259,""attackSpeed"":238,""bonusArmorPenPercent"":0,""bonusMagicPenPercent"":0,""ccReduction"":0,""cooldownReduction"":0,""healt'"
3462,"b'h"":2538,""healthMax"":2595,""healthRegen"":34,""lifesteal"":0,""magicPen"":0,""magicPenPercent"":0,""magicResist"":85,""movementSpeed"":426,""o'"
3463,"b'mnivamp"":0,""physicalVamp"":0,""power"":0,""powerMax"":0,""powerRegen"":0,""spellVamp"":0},""currentGold"":731,""damageStats"":{""magicDamageDo'"
3464,"b'ne"":400,""magicDamageDoneToChampions"":400,""magicDamageTaken"":1703,""physicalDamageDone"":130525,""physicalDamageDoneToChampions"":106'"
3465,"b'63,""physicalDamageTaken"":16076,""totalDamageDone"":145807,""totalDamageDoneToChampions"":13334,""totalDamageTaken"":19054,""trueDamageD'"
3466,"b'one"":14880,""trueDamageDoneToChampions"":2270,""trueDamageTaken"":1274},""goldPerSecond"":0,""jungleMinionsKilled"":16,""level"":15,""minio'"
3467,"b'nsKilled"":192,""participantId"":1,""position"":{""x"":3991,""y"":12569},""timeEnemySpentControlled"":157535,""totalGold"":10021,""xp"":13221},'"
3468,"b'""2"":{""championStats"":{""abilityHaste"":0,""abilityPower"":0,""armor"":81,""armorPen"":0,""armorPenPercent"":0,""attackDamage"":239,""attackSp'"
3469,"b'eed"":157,""bonusArmorPenPercent"":0,""bonusMagicPenPercent"":0,""ccReduction"":19,""cooldownReduction"":0,""health"":2605,""healthMax"":2605'"
3470,"b',""healthRegen"":31,""lifesteal"":0,""magicPen"":0,""magicPenPercent"":0,""magicResist"":54,""movementSpeed"":405,""omnivamp"":8,""physicalVamp'"
3471,"b'"":0,""power"":410,""powerMax"":765,""powerRegen"":26,""spellVamp"":0},""currentGold"":678,""damageStats"":{""magicDamageDone"":1089,""magicDama'"
3472,"b'geDoneToChampions"":1089,""magicDamageTaken"":10055,""physicalDamageDone"":105089,""physicalDamageDoneToChampions"":11713,""physicalDama'"
3473,"b'geTaken"":18398,""totalDamageDone"":136120,""totalDamageDoneToChampions"":13349,""totalDamageTaken"":28887,""trueDamageDone"":29940,""true'"
3474,"b'DamageDoneToChampions"":546,""trueDamageTaken"":433},""goldPerSecond"":0,""jungleMinionsKilled"":101,""level"":13,""minionsKilled"":49,""par'"
3475,"b'ticipantId"":2,""position"":{""x"":13670,""y"":5144},""timeEnemySpentControlled"":215703,""totalGold"":9808,""xp"":10872},""3"":{""championStats'"
3476,"b'"":{""abilityHaste"":0,""abilityPower"":139,""armor"":66,""armorPen"":0,""armorPenPercent"":0,""attackDamage"":69,""attackSpeed"":140,""bonusArm'"
3477,"b'orPenPercent"":0,""bonusMagicPenPercent"":0,""ccReduction"":0,""cooldownReduction"":0,""health"":0,""healthMax"":2051,""healthRegen"":28,""lif'"
3478,"b'esteal"":0,""magicPen"":24,""magicPenPercent"":0,""magicResist"":41,""movementSpeed"":385,""omnivamp"":0,""physicalVamp"":0,""power"":682,""powe'"
3479,"b'rMax"":1083,""powerRegen"":26,""spellVamp"":0},""currentGold"":572,""damageStats"":{""magicDamageDone"":78427,""magicDamageDoneToChampions"":'"
3480,"b'18454,""magicDamageTaken"":14249,""physicalDamageDone"":8876,""physicalDamageDoneToChampions"":3224,""physicalDamageTaken"":8829,""totalD'"
3481,"b'amageDone"":100021,""totalDamageDoneToChampions"":21678,""totalDamageTaken"":23466,""trueDamageDone"":12717,""trueDamageDoneToChampions""'"
3482,"b':0,""trueDamageTaken"":387},""goldPerSecond"":0,""jungleMinionsKilled"":0,""level"":11,""minionsKilled"":135,""participantId"":3,""position"":'"
3483,"b'{""x"":3478,""y"":3493},""timeEnemySpentControlled"":185461,""totalGold"":7012,""xp"":7637},""4"":{""championStats"":{""abilityHaste"":0,""abilit'"
3484,"b'yPower"":0,""armor"":75,""armorPen"":0,""armorPenPercent"":0,""attackDamage"":227,""attackSpeed"":222,""bonusArmorPenPercent"":0,""bonusMagicP'"
3485,"b'enPercent"":0,""ccReduction"":0,""cooldownReduction"":0,""health"":0,""healthMax"":1809,""healthRegen"":17,""lifesteal"":5,""magicPen"":0,""magi'"
3486,"b'cPenPercent"":0,""magicResist"":42,""movementSpeed"":409,""omnivamp"":2,""physicalVamp"":0,""power"":489,""powerMax"":858,""powerRegen"":30,""sp'"
3487,"b'ellVamp"":0},""currentGold"":996,""damageStats"":{""magicDamageDone"":9444,""magicDamageDoneToChampions"":4523,""magicDamageTaken"":4286,""p'"
3488,"b'hysicalDamageDone"":103783,""physicalDamageDoneToChampions"":12247,""physicalDamageTaken"":10377,""totalDamageDone"":113227,""totalDamag'"
3489,"b'eDoneToChampions"":16770,""totalDamageTaken"":15595,""trueDamageDone"":0,""trueDamageDoneToChampions"":0,""trueDamageTaken"":931},""goldPe'"
3490,"b'rSecond"":0,""jungleMinionsKilled"":0,""level"":12,""minionsKilled"":180,""participantId"":4,""position"":{""x"":3452,""y"":3781},""timeEnemySpe'"
3491,"b'ntControlled"":0,""totalGold"":11171,""xp"":9140},""5"":{""championStats"":{""abilityHaste"":0,""abilityPower"":20,""armor"":158,""armorPen"":0,""'"
3492,"b'armorPenPercent"":0,""attackDamage"":78,""attackSpeed"":111,""bonusArmorPenPercent"":0,""bonusMagicPenPercent"":0,""ccReduction"":47,""coold'"
3493,"b'ownReduction"":0,""health"":0,""healthMax"":1864,""healthRegen"":56,""lifesteal"":0,""magicPen"":0,""magicPenPercent"":0,""magicResist"":115,""m'"
3494,"b'ovementSpeed"":393,""omnivamp"":0,""physicalVamp"":0,""power"":518,""powerMax"":698,""powerRegen"":17,""spellVamp"":0},""currentGold"":483,""dam'"
3495,"b'ageStats"":{""magicDamageDone"":5447,""magicDamageDoneToChampions"":3287,""magicDamageTaken"":7760,""physicalDamageDone"":4840,""physicalD'"
3496,"b'amageDoneToChampions"":1701,""physicalDamageTaken"":6878,""totalDamageDone"":22964,""totalDamageDoneToChampions"":5786,""totalDamageTake'"
3497,"b'n"":15176,""trueDamageDone"":12677,""trueDamageDoneToChampions"":797,""trueDamageTaken"":537},""goldPerSecond"":30,""jungleMinionsKilled"":'"
3498,"b'0,""level"":10,""minionsKilled"":31,""participantId"":5,""position"":{""x"":4432,""y"":4320},""timeEnemySpentControlled"":164944,""totalGold"":5'"
3499,"b'868,""xp"":7013},""6"":{""championStats"":{""abilityHaste"":0,""abilityPower"":20,""armor"":97,""armorPen"":0,""armorPenPercent"":0,""attackDamag'"
3500,"b'e"":250,""attackSpeed"":153,""bonusArmorPenPercent"":0,""bonusMagicPenPercent"":0,""ccReduction"":24,""cooldownReduction"":0,""health"":2382,'"
3501,"b'""healthMax"":2811,""healthRegen"":30,""lifesteal"":0,""magicPen"":0,""magicPenPercent"":0,""magicResist"":59,""movementSpeed"":385,""omnivamp""'"
3502,"b':10,""physicalVamp"":0,""power"":0,""powerMax"":0,""powerRegen"":0,""spellVamp"":0},""currentGold"":1680,""damageStats"":{""magicDamageDone"":0,'"
3503,"b'""magicDamageDoneToChampions"":0,""magicDamageTaken"":2228,""physicalDamageDone"":134026,""physicalDamageDoneToChampions"":16776,""physic'"
3504,"b'alDamageTaken"":15482,""totalDamageDone"":139303,""totalDamageDoneToChampions"":17776,""totalDamageTaken"":19754,""trueDamageDone"":5276,'"
3505,"b'""trueDamageDoneToChampions"":1000,""trueDamageTaken"":2043},""goldPerSecond"":0,""jungleMinionsKilled"":16,""level"":15,""minionsKilled"":1'"
3506,"b'88,""participantId"":6,""position"":{""x"":5183,""y"":13541},""timeEnemySpentControlled"":129977,""totalGold"":9955,""xp"":14266},""7"":{""champi'"
3507,"b'onStats"":{""abilityHaste"":0,""abilityPower"":0,""armor"":160,""armorPen"":0,""armorPenPercent"":0,""attackDamage"":286,""attackSpeed"":286,""b'"
3508,"b'onusArmorPenPercent"":0,""bonusMagicPenPercent"":0,""ccReduction"":24,""cooldownReduction"":0,""health"":816,""healthMax"":2672,""healthRege'"
3509,"b'n"":32,""lifesteal"":0,""magicPen"":0,""magicPenPercent"":0,""magicResist"":50,""movementSpeed"":514,""omnivamp"":0,""physicalVamp"":0,""power"":'"
3510,"b'456,""powerMax"":698,""powerRegen"":144,""spellVamp"":0},""currentGold"":524,""damageStats"":{""magicDamageDone"":4462,""magicDamageDoneToCha'"
3511,"b'mpions"":1309,""magicDamageTaken"":5931,""physicalDamageDone"":127679,""physicalDamageDoneToChampions"":14951,""physicalDamageTaken"":219'"
3512,"b'10,""totalDamageDone"":163245,""totalDamageDoneToChampions"":16989,""totalDamageTaken"":28395,""trueDamageDone"":31103,""trueDamageDoneTo'"
3513,"b'Champions"":729,""trueDamageTaken"":553},""goldPerSecond"":0,""jungleMinionsKilled"":109,""level"":14,""minionsKilled"":18,""participantId"":'"
3514,"b'7,""position"":{""x"":3709,""y"":3408},""timeEnemySpentControlled"":557447,""totalGold"":10689,""xp"":11718},""8"":{""championStats"":{""abilityH'"
3515,"b'aste"":0,""abilityPower"":403,""armor"":140,""armorPen"":0,""armorPenPercent"":0,""attackDamage"":100,""attackSpeed"":278,""bonusArmorPenPerce'"
3516,"b'nt"":0,""bonusMagicPenPercent"":0,""ccReduction"":6,""cooldownReduction"":0,""health"":2249,""healthMax"":2978,""healthRegen"":82,""lifesteal""'"
3517,"b':0,""magicPen"":0,""magicPenPercent"":0,""magicResist"":73,""movementSpeed"":395,""omnivamp"":0,""physicalVamp"":0,""power"":527,""powerMax"":18'"
3518,"b'38,""powerRegen"":37,""spellVamp"":0},""currentGold"":2471,""damageStats"":{""magicDamageDone"":145262,""magicDamageDoneToChampions"":23340,'"
3519,"b'""magicDamageTaken"":13154,""physicalDamageDone"":3649,""physicalDamageDoneToChampions"":454,""physicalDamageTaken"":15168,""totalDamageD'"
3520,"b'one"":154352,""totalDamageDoneToChampions"":25115,""totalDamageTaken"":28706,""trueDamageDone"":5440,""trueDamageDoneToChampions"":1321,""'"
3521,"b'trueDamageTaken"":383},""goldPerSecond"":0,""jungleMinionsKilled"":12,""level"":15,""minionsKilled"":206,""participantId"":8,""position"":{""x'"
3522,"b'"":3498,""y"":3585},""timeEnemySpentControlled"":405060,""totalGold"":14116,""xp"":13691},""9"":{""championStats"":{""abilityHaste"":0,""ability'"
3523,"b'Power"":20,""armor"":75,""armorPen"":0,""armorPenPercent"":0,""attackDamage"":275,""attackSpeed"":222,""bonusArmorPenPercent"":0,""bonusMagicP'"
3524,"b'enPercent"":0,""ccReduction"":6,""cooldownReduction"":0,""health"":1834,""healthMax"":1834,""healthRegen"":21,""lifesteal"":18,""magicPen"":0,""'"
3525,"b'magicPenPercent"":0,""magicResist"":44,""movementSpeed"":380,""omnivamp"":0,""physicalVamp"":0,""power"":741,""powerMax"":742,""powerRegen"":15'"
3526,"b'3,""spellVamp"":0},""currentGold"":294,""damageStats"":{""magicDamageDone"":43165,""magicDamageDoneToChampions"":6097,""magicDamageTaken"":4'"
3527,"b'740,""physicalDamageDone"":73937,""physicalDamageDoneToChampions"":9947,""physicalDamageTaken"":8204,""totalDamageDone"":129077,""totalDa'"
3528,"b'mageDoneToChampions"":16090,""totalDamageTaken"":13246,""trueDamageDone"":11974,""trueDamageDoneToChampions"":46,""trueDamageTaken"":301}'"
3529,"b',""goldPerSecond"":0,""jungleMinionsKilled"":17,""level"":13,""minionsKilled"":159,""participantId"":9,""position"":{""x"":4095,""y"":3792},""tim'"
3530,"b'eEnemySpentControlled"":30414,""totalGold"":11769,""xp"":10642},""10"":{""championStats"":{""abilityHaste"":0,""abilityPower"":88,""armor"":114'"
3531,"b',""armorPen"":0,""armorPenPercent"":0,""attackDamage"":108,""attackSpeed"":137,""bonusArmorPenPercent"":0,""bonusMagicPenPercent"":0,""ccRedu'"
3532,"b'ction"":34,""cooldownReduction"":0,""health"":2275,""healthMax"":2607,""healthRegen"":75,""lifesteal"":0,""magicPen"":0,""magicPenPercent"":0,""'"
3533,"b'magicResist"":107,""movementSpeed"":380,""omnivamp"":0,""physicalVamp"":0,""power"":378,""powerMax"":807,""powerRegen"":54,""spellVamp"":0},""cu'"
3534,"b'rrentGold"":373,""damageStats"":{""magicDamageDone"":8301,""magicDamageDoneToChampions"":3912,""magicDamageTaken"":4760,""physicalDamageDo'"
3535,"b'ne"":5548,""physicalDamageDoneToChampions"":1666,""physicalDamageTaken"":6864,""totalDamageDone"":20878,""totalDamageDoneToChampions"":60'"
3536,"b'47,""totalDamageTaken"":11958,""trueDamageDone"":7028,""trueDamageDoneToChampions"":468,""trueDamageTaken"":333},""goldPerSecond"":30,""jun'"
3537,"b'gleMinionsKilled"":0,""level"":12,""minionsKilled"":46,""participantId"":10,""position"":{""x"":3249,""y"":3443},""timeEnemySpentControlled"":5'"
3538,"b'6348,""totalGold"":7003,""xp"":9372}},""timestamp"":1380430},{""events"":[{""itemId"":3051,""participantId"":4,""timestamp"":1386992,""type"":""I'"
3539,"b'TEM_DESTROYED""},{""itemId"":3086,""participantId"":4,""timestamp"":1386992,""type"":""ITEM_DESTROYED""},{""itemId"":3046,""participantId"":4,""'"
3540,"b'timestamp"":1386992,""type"":""ITEM_PURCHASED""},{""itemId"":1036,""participantId"":4,""timestamp"":1389091,""type"":""ITEM_PURCHASED""},{""leve'"
3541,"b'lUpType"":""NORMAL"",""participantId"":7,""skillSlot"":2,""timestamp"":1389762,""type"":""SKILL_LEVEL_UP""},{""itemId"":1036,""participantId"":2,'"
3542,"b'""timestamp"":1391068,""type"":""ITEM_DESTROYED""},{""itemId"":3133,""participantId"":2,""timestamp"":1391068,""type"":""ITEM_PURCHASED""},{""ite'"
3543,"b'mId"":1028,""participantId"":5,""timestamp"":1396469,""type"":""ITEM_PURCHASED""},{""itemId"":1058,""participantId"":8,""timestamp"":1404592,""t'"
3544,"b'ype"":""ITEM_DESTROYED""},{""itemId"":3089,""participantId"":8,""timestamp"":1404592,""type"":""ITEM_PURCHASED""},{""itemId"":1036,""participant'"
3545,"b'Id"":1,""timestamp"":1404859,""type"":""ITEM_PURCHASED""},{""assistingParticipantIds"":[7,10],""bounty"":0,""buildingType"":""TOWER_BUILDING"",'"
3546,"b'""killerId"":9,""laneType"":""MID_LANE"",""position"":{""x"":3651,""y"":3696},""teamId"":100,""timestamp"":1407093,""towerType"":""BASE_TURRET"",""ty'"
3547,"b'pe"":""BUILDING_KILL""},{""assistingParticipantIds"":[2],""bounty"":300,""killStreakLength"":0,""killerId"":1,""position"":{""x"":3971,""y"":4158'"
3548,"b'},""shutdownBounty"":500,""timestamp"":1412362,""type"":""CHAMPION_KILL"",""victimDamageDealt"":[{""basic"":false,""magicDamage"":0,""name"":""Ze'"
3549,"b'ri"",""participantId"":1,""physicalDamage"":142,""spellName"":""zeriq"",""spellSlot"":0,""trueDamage"":0,""type"":""OTHER""}],""victimDamageReceiv'"
3550,"b'ed"":[{""basic"":true,""magicDamage"":0,""name"":""Turret"",""participantId"":0,""physicalDamage"":278,""spellName"":""turretbasicattack"",""spell'"
3551,"b'Slot"":64,""trueDamage"":0,""type"":""TOWER""},{""basic"":false,""magicDamage"":0,""name"":""Garen"",""participantId"":1,""physicalDamage"":429,""sp'"
3552,"b'ellName"":""garenq"",""spellSlot"":0,""trueDamage"":0,""type"":""OTHER""},{""basic"":false,""magicDamage"":0,""name"":""Garen"",""participantId"":1,""'"
3553,"b'physicalDamage"":130,""spellName"":""6631active"",""spellSlot"":6,""trueDamage"":0,""type"":""OTHER""},{""basic"":false,""magicDamage"":0,""name"":'"
3554,"b'""Garen"",""participantId"":1,""physicalDamage"":345,""spellName"":""garene"",""spellSlot"":2,""trueDamage"":0,""type"":""OTHER""},{""basic"":false,'"
3555,"b'""magicDamage"":0,""name"":""Khazix"",""participantId"":2,""physicalDamage"":0,""spellName"":""summonersmiteavatardefensive"",""spellSlot"":5,""t'"
3556,"b'rueDamage"":118,""type"":""OTHER""},{""basic"":false,""magicDamage"":104,""name"":""Khazix"",""participantId"":2,""physicalDamage"":0,""spellName""'"
3557,"b':""khazixpassive"",""spellSlot"":63,""trueDamage"":0,""type"":""OTHER""},{""basic"":true,""magicDamage"":0,""name"":""Khazix"",""participantId"":2,""'"
3558,"b'physicalDamage"":147,""spellName"":""khazixbasicattack"",""spellSlot"":64,""trueDamage"":0,""type"":""OTHER""},{""basic"":false,""magicDamage"":0'"
3559,"b',""name"":""Khazix"",""participantId"":2,""physicalDamage"":444,""spellName"":""khazixq"",""spellSlot"":0,""trueDamage"":0,""type"":""OTHER""}],""vic'"
3560,"b'timId"":9},{""level"":16,""participantId"":6,""timestamp"":1414461,""type"":""LEVEL_UP""},{""levelUpType"":""NORMAL"",""participantId"":6,""skillS'"
3561,"b'lot"":4,""timestamp"":1415296,""type"":""SKILL_LEVEL_UP""},{""assistingParticipantIds"":[1,5],""bounty"":300,""killStreakLength"":0,""killerId'"
3562,"b'"":2,""position"":{""x"":2579,""y"":3648},""shutdownBounty"":0,""timestamp"":1417729,""type"":""CHAMPION_KILL"",""victimDamageDealt"":[{""basic"":f'"
3563,"b'alse,""magicDamage"":0,""name"":""Nocturne"",""participantId"":1,""physicalDamage"":107,""spellName"":""nocturneduskbringer"",""spellSlot"":0,""t'"
3564,"b'rueDamage"":0,""type"":""OTHER""},{""basic"":false,""magicDamage"":84,""name"":""Nocturne"",""participantId"":1,""physicalDamage"":0,""spellName"":'"
3565,"b'""nocturneunspeakablehorror"",""spellSlot"":2,""trueDamage"":0,""type"":""OTHER""},{""basic"":false,""magicDamage"":0,""name"":""Nocturne"",""parti'"
3566,"b'cipantId"":1,""physicalDamage"":106,""spellName"":""nocturnep"",""spellSlot"":63,""trueDamage"":0,""type"":""OTHER""},{""basic"":false,""magicDama'"
3567,"b'ge"":0,""name"":""Nocturne"",""participantId"":1,""physicalDamage"":52,""spellName"":""6631active"",""spellSlot"":7,""trueDamage"":0,""type"":""OTHE'"
3568,"b'R""},{""basic"":false,""magicDamage"":0,""name"":""Nocturne"",""participantId"":2,""physicalDamage"":0,""spellName"":""nocturneduskbringer"",""spe'"
3569,"b'llSlot"":0,""trueDamage"":0,""type"":""OTHER""},{""basic"":false,""magicDamage"":0,""name"":""Nocturne"",""participantId"":2,""physicalDamage"":174'"
3570,"b',""spellName"":""nocturnep"",""spellSlot"":63,""trueDamage"":0,""type"":""OTHER""},{""basic"":false,""magicDamage"":0,""name"":""Nocturne"",""partici'"
3571,"b'pantId"":2,""physicalDamage"":94,""spellName"":""6631active"",""spellSlot"":7,""trueDamage"":0,""type"":""OTHER""}],""victimDamageReceived"":[{""b'"
3572,"b'asic"":false,""magicDamage"":0,""name"":""Khazix"",""participantId"":2,""physicalDamage"":34,""spellName"":""khazixwlong"",""spellSlot"":1,""trueD'"
3573,"b'amage"":0,""type"":""OTHER""},{""basic"":false,""magicDamage"":0,""name"":""Khazix"",""participantId"":2,""physicalDamage"":0,""spellName"":""khazix'"
3574,"b'e"",""spellSlot"":2,""trueDamage"":0,""type"":""OTHER""},{""basic"":false,""magicDamage"":212,""name"":""Khazix"",""participantId"":2,""physicalDama'"
3575,"b'ge"":0,""spellName"":""khazixpassive"",""spellSlot"":63,""trueDamage"":0,""type"":""OTHER""},{""basic"":false,""magicDamage"":0,""name"":""Khazix"",""'"
3576,"b'participantId"":2,""physicalDamage"":63,""spellName"":""6630active"",""spellSlot"":7,""trueDamage"":0,""type"":""OTHER""},{""basic"":true,""magicD'"
3577,"b'amage"":0,""name"":""Khazix"",""participantId"":2,""physicalDamage"":120,""spellName"":""khazixbasicattack2"",""spellSlot"":65,""trueDamage"":0,""'"
3578,"b'type"":""OTHER""},{""basic"":false,""magicDamage"":0,""name"":""Khazix"",""participantId"":2,""physicalDamage"":650,""spellName"":""khazixq"",""spel'"
3579,"b'lSlot"":0,""trueDamage"":0,""type"":""OTHER""},{""basic"":false,""magicDamage"":0,""name"":""Garen"",""participantId"":1,""physicalDamage"":615,""sp'"
3580,"b'ellName"":""garene"",""spellSlot"":2,""trueDamage"":0,""type"":""OTHER""}],""victimId"":7},{""level"":14,""participantId"":2,""timestamp"":1417729,'"
3581,"b'""type"":""LEVEL_UP""},{""level"":11,""participantId"":5,""timestamp"":1417729,""type"":""LEVEL_UP""},{""creatorId"":10,""timestamp"":1418394,""typ'"
3582,"b'e"":""WARD_PLACED"",""wardType"":""SIGHT_WARD""},{""levelUpType"":""NORMAL"",""participantId"":2,""skillSlot"":3,""timestamp"":1418729,""type"":""SK'"
3583,"b'ILL_LEVEL_UP""},{""itemId"":1052,""participantId"":3,""timestamp"":1419164,""type"":""ITEM_PURCHASED""},{""levelUpType"":""NORMAL"",""participan'"
3584,"b'tId"":5,""skillSlot"":4,""timestamp"":1420333,""type"":""SKILL_LEVEL_UP""},{""itemId"":1036,""participantId"":6,""timestamp"":1423671,""type"":""I'"
3585,"b'TEM_DESTROYED""},{""itemId"":3133,""participantId"":6,""timestamp"":1423671,""type"":""ITEM_PURCHASED""},{""itemId"":1037,""participantId"":6,""'"
3586,"b'timestamp"":1424202,""type"":""ITEM_PURCHASED""},{""creatorId"":10,""timestamp"":1424533,""type"":""WARD_PLACED"",""wardType"":""SIGHT_WARD""},{""'"
3587,"b'killerId"":1,""timestamp"":1424732,""type"":""WARD_KILL"",""wardType"":""SIGHT_WARD""},{""creatorId"":10,""timestamp"":1427578,""type"":""WARD_PLA'"
3588,"b'CED"",""wardType"":""SIGHT_WARD""},{""itemId"":2055,""participantId"":5,""timestamp"":1431541,""type"":""ITEM_DESTROYED""},{""creatorId"":5,""time'"
3589,"b'stamp"":1431541,""type"":""WARD_PLACED"",""wardType"":""CONTROL_WARD""},{""creatorId"":5,""timestamp"":1437998,""type"":""WARD_PLACED"",""wardType'"
3590,"b'"":""SIGHT_WARD""}],""participantFrames"":{""1"":{""championStats"":{""abilityHaste"":0,""abilityPower"":0,""armor"":133,""armorPen"":0,""armorPen'"
3591,"b'Percent"":0,""attackDamage"":269,""attackSpeed"":238,""bonusArmorPenPercent"":0,""bonusMagicPenPercent"":0,""ccReduction"":0,""cooldownReduc'"
3592,"b'tion"":0,""health"":2587,""healthMax"":2613,""healthRegen"":494,""lifesteal"":0,""magicPen"":0,""magicPenPercent"":0,""magicResist"":85,""moveme'"
3593,"b'ntSpeed"":426,""omnivamp"":0,""physicalVamp"":0,""power"":0,""powerMax"":0,""powerRegen"":0,""spellVamp"":0},""currentGold"":1661,""damageStats""'"
3594,"b':{""magicDamageDone"":444,""magicDamageDoneToChampions"":444,""magicDamageTaken"":1858,""physicalDamageDone"":142693,""physicalDamageDone'"
3595,"b'ToChampions"":13416,""physicalDamageTaken"":16892,""totalDamageDone"":158018,""totalDamageDoneToChampions"":16132,""totalDamageTaken"":20'"
3596,"b'080,""trueDamageDone"":14880,""trueDamageDoneToChampions"":2270,""trueDamageTaken"":1329},""goldPerSecond"":0,""jungleMinionsKilled"":16,""'"
3597,"b'level"":15,""minionsKilled"":204,""participantId"":1,""position"":{""x"":7795,""y"":7774},""timeEnemySpentControlled"":169833,""totalGold"":113'"
3598,"b'06,""xp"":14275},""2"":{""championStats"":{""abilityHaste"":0,""abilityPower"":0,""armor"":86,""armorPen"":0,""armorPenPercent"":0,""attackDamage'"
3599,"b'"":257,""attackSpeed"":160,""bonusArmorPenPercent"":0,""bonusMagicPenPercent"":0,""ccReduction"":19,""cooldownReduction"":0,""health"":2725,""'"
3600,"b'healthMax"":2725,""healthRegen"":33,""lifesteal"":0,""magicPen"":0,""magicPenPercent"":0,""magicResist"":56,""movementSpeed"":405,""omnivamp"":'"
3601,"b'8,""physicalVamp"":0,""power"":810,""powerMax"":810,""powerRegen"":158,""spellVamp"":0},""currentGold"":610,""damageStats"":{""magicDamageDone""'"
3602,"b':1406,""magicDamageDoneToChampions"":1406,""magicDamageTaken"":10055,""physicalDamageDone"":107887,""physicalDamageDoneToChampions"":134'"
3603,"b'65,""physicalDamageTaken"":18667,""totalDamageDone"":139353,""totalDamageDoneToChampions"":15537,""totalDamageTaken"":29156,""trueDamageD'"
3604,"b'one"":30059,""trueDamageDoneToChampions"":665,""trueDamageTaken"":433},""goldPerSecond"":0,""jungleMinionsKilled"":101,""level"":14,""minion'"
3605,"b'sKilled"":53,""participantId"":2,""position"":{""x"":7165,""y"":9625},""timeEnemySpentControlled"":237793,""totalGold"":10490,""xp"":11678},""3""'"
3606,"b':{""championStats"":{""abilityHaste"":0,""abilityPower"":159,""armor"":66,""armorPen"":0,""armorPenPercent"":0,""attackDamage"":69,""attackSpee'"
3607,"b'd"":140,""bonusArmorPenPercent"":0,""bonusMagicPenPercent"":0,""ccReduction"":0,""cooldownReduction"":0,""health"":2051,""healthMax"":2051,""h'"
3608,"b'ealthRegen"":28,""lifesteal"":0,""magicPen"":24,""magicPenPercent"":0,""magicResist"":41,""movementSpeed"":385,""omnivamp"":0,""physicalVamp"":'"
3609,"b'0,""power"":855,""powerMax"":1083,""powerRegen"":26,""spellVamp"":0},""currentGold"":469,""damageStats"":{""magicDamageDone"":83800,""magicDama'"
3610,"b'geDoneToChampions"":18575,""magicDamageTaken"":14249,""physicalDamageDone"":9014,""physicalDamageDoneToChampions"":3224,""physicalDamage'"
3611,"b'Taken"":8829,""totalDamageDone"":105531,""totalDamageDoneToChampions"":21799,""totalDamageTaken"":23466,""trueDamageDone"":12717,""trueDam'"
3612,"b'ageDoneToChampions"":0,""trueDamageTaken"":387},""goldPerSecond"":0,""jungleMinionsKilled"":0,""level"":11,""minionsKilled"":143,""participa'"
3613,"b'ntId"":3,""position"":{""x"":1731,""y"":7929},""timeEnemySpentControlled"":190600,""totalGold"":7344,""xp"":8203},""4"":{""championStats"":{""abil'"
3614,"b'ityHaste"":0,""abilityPower"":0,""armor"":75,""armorPen"":0,""armorPenPercent"":0,""attackDamage"":242,""attackSpeed"":227,""bonusArmorPenPerc'"
3615,"b'ent"":0,""bonusMagicPenPercent"":0,""ccReduction"":0,""cooldownReduction"":0,""health"":1809,""healthMax"":1809,""healthRegen"":17,""lifesteal'"
3616,"b'"":5,""magicPen"":0,""magicPenPercent"":0,""magicResist"":42,""movementSpeed"":416,""omnivamp"":2,""physicalVamp"":0,""power"":858,""powerMax"":8'"
3617,"b'58,""powerRegen"":30,""spellVamp"":0},""currentGold"":189,""damageStats"":{""magicDamageDone"":9463,""magicDamageDoneToChampions"":4523,""mag'"
3618,"b'icDamageTaken"":4286,""physicalDamageDone"":104192,""physicalDamageDoneToChampions"":12247,""physicalDamageTaken"":10377,""totalDamageDo'"
3619,"b'ne"":113655,""totalDamageDoneToChampions"":16770,""totalDamageTaken"":15595,""trueDamageDone"":0,""trueDamageDoneToChampions"":0,""trueDam'"
3620,"b'ageTaken"":931},""goldPerSecond"":0,""jungleMinionsKilled"":0,""level"":12,""minionsKilled"":181,""participantId"":4,""position"":{""x"":7182,""'"
3621,"b'y"":7567},""timeEnemySpentControlled"":0,""totalGold"":11314,""xp"":9264},""5"":{""championStats"":{""abilityHaste"":0,""abilityPower"":20,""arm'"
3622,"b'or"":162,""armorPen"":0,""armorPenPercent"":0,""attackDamage"":81,""attackSpeed"":113,""bonusArmorPenPercent"":0,""bonusMagicPenPercent"":0,""'"
3623,"b'ccReduction"":33,""cooldownReduction"":0,""health"":2122,""healthMax"":2122,""healthRegen"":59,""lifesteal"":0,""magicPen"":0,""magicPenPercen'"
3624,"b't"":0,""magicResist"":117,""movementSpeed"":415,""omnivamp"":0,""physicalVamp"":0,""power"":666,""powerMax"":744,""powerRegen"":18,""spellVamp"":'"
3625,"b'0},""currentGold"":333,""damageStats"":{""magicDamageDone"":5931,""magicDamageDoneToChampions"":3287,""magicDamageTaken"":7760,""physicalDa'"
3626,"b'mageDone"":4842,""physicalDamageDoneToChampions"":1701,""physicalDamageTaken"":6878,""totalDamageDone"":23450,""totalDamageDoneToChampio'"
3627,"b'ns"":5786,""totalDamageTaken"":15176,""trueDamageDone"":12677,""trueDamageDoneToChampions"":797,""trueDamageTaken"":537},""goldPerSecond"":'"
3628,"b'30,""jungleMinionsKilled"":0,""level"":11,""minionsKilled"":31,""participantId"":5,""position"":{""x"":7382,""y"":9933},""timeEnemySpentControl'"
3629,"b'led"":169131,""totalGold"":6118,""xp"":7639},""6"":{""championStats"":{""abilityHaste"":0,""abilityPower"":0,""armor"":102,""armorPen"":0,""armorP'"
3630,"b'enPercent"":0,""attackDamage"":281,""attackSpeed"":158,""bonusArmorPenPercent"":0,""bonusMagicPenPercent"":0,""ccReduction"":24,""cooldownRe'"
3631,"b'duction"":0,""health"":2932,""healthMax"":2932,""healthRegen"":31,""lifesteal"":0,""magicPen"":0,""magicPenPercent"":0,""magicResist"":61,""move'"
3632,"b'mentSpeed"":385,""omnivamp"":10,""physicalVamp"":0,""power"":0,""powerMax"":0,""powerRegen"":0,""spellVamp"":0},""currentGold"":492,""damageStat'"
3633,"b's"":{""magicDamageDone"":0,""magicDamageDoneToChampions"":0,""magicDamageTaken"":2228,""physicalDamageDone"":141465,""physicalDamageDoneTo'"
3634,"b'Champions"":16853,""physicalDamageTaken"":15620,""totalDamageDone"":146742,""totalDamageDoneToChampions"":17853,""totalDamageTaken"":1989'"
3635,"b'3,""trueDamageDone"":5276,""trueDamageDoneToChampions"":1000,""trueDamageTaken"":2043},""goldPerSecond"":0,""jungleMinionsKilled"":16,""lev'"
3636,"b'el"":16,""minionsKilled"":200,""participantId"":6,""position"":{""x"":8878,""y"":9154},""timeEnemySpentControlled"":132480,""totalGold"":10392,'"
3637,"b'""xp"":14851},""7"":{""championStats"":{""abilityHaste"":0,""abilityPower"":0,""armor"":160,""armorPen"":0,""armorPenPercent"":0,""attackDamage"":'"
3638,"b'226,""attackSpeed"":205,""bonusArmorPenPercent"":0,""bonusMagicPenPercent"":0,""ccReduction"":24,""cooldownReduction"":0,""health"":0,""healt'"
3639,"b'hMax"":2672,""healthRegen"":32,""lifesteal"":0,""magicPen"":0,""magicPenPercent"":0,""magicResist"":50,""movementSpeed"":397,""omnivamp"":0,""ph'"
3640,"b'ysicalVamp"":0,""power"":552,""powerMax"":698,""powerRegen"":24,""spellVamp"":0},""currentGold"":754,""damageStats"":{""magicDamageDone"":4546,'"
3641,"b'""magicDamageDoneToChampions"":1393,""magicDamageTaken"":6147,""physicalDamageDone"":132844,""physicalDamageDoneToChampions"":15485,""phy'"
3642,"b'sicalDamageTaken"":24386,""totalDamageDone"":168586,""totalDamageDoneToChampions"":17663,""totalDamageTaken"":31087,""trueDamageDone"":31'"
3643,"b'195,""trueDamageDoneToChampions"":784,""trueDamageTaken"":553},""goldPerSecond"":0,""jungleMinionsKilled"":109,""level"":14,""minionsKilled'"
3644,"b'"":19,""participantId"":7,""position"":{""x"":2579,""y"":3648},""timeEnemySpentControlled"":577916,""totalGold"":10919,""xp"":11869},""8"":{""cham'"
3645,"b'pionStats"":{""abilityHaste"":0,""abilityPower"":662,""armor"":140,""armorPen"":0,""armorPenPercent"":0,""attackDamage"":100,""attackSpeed"":27'"
3646,"b'8,""bonusArmorPenPercent"":0,""bonusMagicPenPercent"":0,""ccReduction"":6,""cooldownReduction"":0,""health"":2988,""healthMax"":2988,""health'"
3647,"b'Regen"":340,""lifesteal"":0,""magicPen"":0,""magicPenPercent"":0,""magicResist"":73,""movementSpeed"":395,""omnivamp"":0,""physicalVamp"":0,""po'"
3648,"b'wer"":952,""powerMax"":1838,""powerRegen"":37,""spellVamp"":0},""currentGold"":720,""damageStats"":{""magicDamageDone"":161114,""magicDamageDo'"
3649,"b'neToChampions"":23340,""magicDamageTaken"":13271,""physicalDamageDone"":3856,""physicalDamageDoneToChampions"":454,""physicalDamageTaken'"
3650,"b'"":15200,""totalDamageDone"":170646,""totalDamageDoneToChampions"":25115,""totalDamageTaken"":28856,""trueDamageDone"":5675,""trueDamageDo'"
3651,"b'neToChampions"":1321,""trueDamageTaken"":383},""goldPerSecond"":0,""jungleMinionsKilled"":12,""level"":15,""minionsKilled"":226,""participan'"
3652,"b'tId"":8,""position"":{""x"":10876,""y"":1340},""timeEnemySpentControlled"":433044,""totalGold"":14714,""xp"":14614},""9"":{""championStats"":{""ab'"
3653,"b'ilityHaste"":0,""abilityPower"":0,""armor"":75,""armorPen"":0,""armorPenPercent"":0,""attackDamage"":247,""attackSpeed"":222,""bonusArmorPenPe'"
3654,"b'rcent"":0,""bonusMagicPenPercent"":0,""ccReduction"":6,""cooldownReduction"":0,""health"":0,""healthMax"":1834,""healthRegen"":21,""lifesteal""'"
3655,"b':18,""magicPen"":0,""magicPenPercent"":0,""magicResist"":44,""movementSpeed"":380,""omnivamp"":0,""physicalVamp"":0,""power"":742,""powerMax"":7'"
3656,"b'42,""powerRegen"":29,""spellVamp"":0},""currentGold"":497,""damageStats"":{""magicDamageDone"":43680,""magicDamageDoneToChampions"":6097,""ma'"
3657,"b'gicDamageTaken"":4844,""physicalDamageDone"":75338,""physicalDamageDoneToChampions"":10090,""physicalDamageTaken"":9981,""totalDamageDon'"
3658,"b'e"":130993,""totalDamageDoneToChampions"":16233,""totalDamageTaken"":15246,""trueDamageDone"":11974,""trueDamageDoneToChampions"":46,""tru'"
3659,"b'eDamageTaken"":420},""goldPerSecond"":0,""jungleMinionsKilled"":17,""level"":13,""minionsKilled"":160,""participantId"":9,""position"":{""x"":3'"
3660,"b'971,""y"":4158},""timeEnemySpentControlled"":30414,""totalGold"":11972,""xp"":10702},""10"":{""championStats"":{""abilityHaste"":0,""abilityPow'"
3661,"b'er"":68,""armor"":114,""armorPen"":0,""armorPenPercent"":0,""attackDamage"":96,""attackSpeed"":137,""bonusArmorPenPercent"":0,""bonusMagicPenP'"
3662,"b'ercent"":0,""ccReduction"":34,""cooldownReduction"":0,""health"":1454,""healthMax"":2610,""healthRegen"":59,""lifesteal"":0,""magicPen"":0,""mag'"
3663,"b'icPenPercent"":0,""magicResist"":107,""movementSpeed"":380,""omnivamp"":0,""physicalVamp"":0,""power"":184,""powerMax"":807,""powerRegen"":54,""'"
3664,"b'spellVamp"":0},""currentGold"":680,""damageStats"":{""magicDamageDone"":8753,""magicDamageDoneToChampions"":3983,""magicDamageTaken"":4804,'"
3665,"b'""physicalDamageDone"":5690,""physicalDamageDoneToChampions"":1699,""physicalDamageTaken"":8165,""totalDamageDone"":21477,""totalDamageDo'"
3666,"b'neToChampions"":6151,""totalDamageTaken"":13303,""trueDamageDone"":7033,""trueDamageDoneToChampions"":468,""trueDamageTaken"":333},""goldP'"
3667,"b'erSecond"":30,""jungleMinionsKilled"":0,""level"":12,""minionsKilled"":47,""participantId"":10,""position"":{""x"":6686,""y"":12348},""timeEnemy'"
3668,"b'SpentControlled"":56348,""totalGold"":7310,""xp"":9523}},""timestamp"":1440432},{""events"":[{""creatorId"":5,""timestamp"":1441062,""type"":""W'"
3669,"b'ARD_PLACED"",""wardType"":""SIGHT_WARD""},{""level"":16,""participantId"":8,""timestamp"":1441197,""type"":""LEVEL_UP""},{""levelUpType"":""NORMAL'"
3670,"b'"",""participantId"":8,""skillSlot"":4,""timestamp"":1441798,""type"":""SKILL_LEVEL_UP""},{""creatorId"":5,""timestamp"":1444068,""type"":""WARD_P'"
3671,"b'LACED"",""wardType"":""SIGHT_WARD""},{""creatorId"":10,""timestamp"":1444068,""type"":""WARD_PLACED"",""wardType"":""UNDEFINED""},{""bounty"":250,""'"
3672,"b'buildingType"":""TOWER_BUILDING"",""killerId"":0,""laneType"":""MID_LANE"",""position"":{""x"":8955,""y"":8510},""teamId"":200,""timestamp"":144780'"
3673,"b'8,""towerType"":""OUTER_TURRET"",""type"":""BUILDING_KILL""},{""itemId"":3012,""participantId"":10,""timestamp"":1449507,""type"":""ITEM_DESTROYE'"
3674,"b'D""},{""itemId"":3114,""participantId"":10,""timestamp"":1449507,""type"":""ITEM_DESTROYED""},{""itemId"":3107,""participantId"":10,""timestamp""'"
3675,"b':1449507,""type"":""ITEM_PURCHASED""},{""itemId"":2055,""participantId"":10,""timestamp"":1450338,""type"":""ITEM_PURCHASED""},{""itemId"":2055,'"
3676,"b'""participantId"":10,""timestamp"":1450506,""type"":""ITEM_PURCHASED""},{""assistingParticipantIds"":[2,4],""bounty"":300,""killStreakLength""'"
3677,"b':0,""killerId"":5,""position"":{""x"":10207,""y"":10264},""shutdownBounty"":100,""timestamp"":1459144,""type"":""CHAMPION_KILL"",""victimDamageDe'"
3678,"b'alt"":[{""basic"":false,""magicDamage"":0,""name"":""Riven"",""participantId"":2,""physicalDamage"":117,""spellName"":""6630active"",""spellSlot"":'"
3679,"b'7,""trueDamage"":0,""type"":""OTHER""},{""basic"":false,""magicDamage"":0,""name"":""Riven"",""participantId"":2,""physicalDamage"":0,""spellName"":'"
3680,"b'""riventricleave"",""spellSlot"":0,""trueDamage"":0,""type"":""OTHER""},{""basic"":false,""magicDamage"":0,""name"":""Riven"",""participantId"":2,""p'"
3681,"b'hysicalDamage"":76,""spellName"":""rivenmartyr"",""spellSlot"":1,""trueDamage"":0,""type"":""OTHER""},{""basic"":false,""magicDamage"":0,""name"":""'"
3682,"b'Riven"",""participantId"":5,""physicalDamage"":0,""spellName"":""rivenmartyr"",""spellSlot"":1,""trueDamage"":0,""type"":""OTHER""}],""victimDamag'"
3683,"b'eReceived"":[{""basic"":true,""magicDamage"":0,""name"":""SRU_OrderMinionMelee"",""participantId"":0,""physicalDamage"":0,""spellName"":""sru_or'"
3684,"b'derminionmeleebasicattack"",""spellSlot"":64,""trueDamage"":0,""type"":""MINION""},{""basic"":false,""magicDamage"":0,""name"":""Khazix"",""partic'"
3685,"b'ipantId"":2,""physicalDamage"":430,""spellName"":""khazixwlong"",""spellSlot"":1,""trueDamage"":0,""type"":""OTHER""},{""basic"":false,""magicDama'"
3686,"b'ge"":0,""name"":""Khazix"",""participantId"":2,""physicalDamage"":112,""spellName"":""6630active"",""spellSlot"":7,""trueDamage"":0,""type"":""OTHER'"
3687,"b'""},{""basic"":false,""magicDamage"":159,""name"":""Khazix"",""participantId"":2,""physicalDamage"":0,""spellName"":""khazixpassive"",""spellSlot""'"
3688,"b':63,""trueDamage"":0,""type"":""OTHER""},{""basic"":false,""magicDamage"":0,""name"":""Khazix"",""participantId"":2,""physicalDamage"":0,""spellNam'"
3689,"b'e"":""summonersmiteavatardefensive"",""spellSlot"":5,""trueDamage"":127,""type"":""OTHER""},{""basic"":true,""magicDamage"":0,""name"":""Khazix"",""'"
3690,"b'participantId"":2,""physicalDamage"":309,""spellName"":""khazixbasicattack"",""spellSlot"":64,""trueDamage"":0,""type"":""OTHER""},{""basic"":fal'"
3691,"b'se,""magicDamage"":0,""name"":""Khazix"",""participantId"":2,""physicalDamage"":875,""spellName"":""khazixq"",""spellSlot"":0,""trueDamage"":0,""ty'"
3692,"b'pe"":""OTHER""},{""basic"":true,""magicDamage"":0,""name"":""Khazix"",""participantId"":2,""physicalDamage"":188,""spellName"":""khazixbasicattack'"
3693,"b'2"",""spellSlot"":65,""trueDamage"":0,""type"":""OTHER""},{""basic"":false,""magicDamage"":0,""name"":""Khazix"",""participantId"":8,""physicalDamag'"
3694,"b'e"":0,""spellName"":""burning"",""spellSlot"":-1,""trueDamage"":78,""type"":""OTHER""},{""basic"":false,""magicDamage"":0,""name"":""Rell"",""particip'"
3695,"b'antId"":5,""physicalDamage"":0,""spellName"":""summonerdot"",""spellSlot"":5,""trueDamage"":237,""type"":""OTHER""},{""basic"":false,""magicDamage'"
3696,"b'"":0,""name"":""Rell"",""participantId"":5,""physicalDamage"":0,""spellName"":""rellw_dismount"",""spellSlot"":1,""trueDamage"":0,""type"":""OTHER""}'"
3697,"b',{""basic"":true,""magicDamage"":0,""name"":""Rell"",""participantId"":5,""physicalDamage"":48,""spellName"":""rellbasicattack2"",""spellSlot"":65'"
3698,"b',""trueDamage"":0,""type"":""OTHER""},{""basic"":false,""magicDamage"":135,""name"":""Rell"",""participantId"":5,""physicalDamage"":0,""spellName"":'"
3699,"b'""rellr"",""spellSlot"":3,""trueDamage"":0,""type"":""OTHER""},{""basic"":false,""magicDamage"":112,""name"":""Rell"",""participantId"":5,""physicalD'"
3700,"b'amage"":0,""spellName"":""relle"",""spellSlot"":2,""trueDamage"":0,""type"":""OTHER""},{""basic"":true,""magicDamage"":0,""name"":""Rell"",""participa'"
3701,"b'ntId"":5,""physicalDamage"":0,""spellName"":""rellbasicattack"",""spellSlot"":64,""trueDamage"":0,""type"":""OTHER""},{""basic"":false,""magicDama'"
3702,"b'ge"":300,""name"":""Kaisa"",""participantId"":4,""physicalDamage"":0,""spellName"":""kaisaw"",""spellSlot"":1,""trueDamage"":0,""type"":""OTHER""},{""'"
3703,"b'basic"":false,""magicDamage"":64,""name"":""Kaisa"",""participantId"":4,""physicalDamage"":0,""spellName"":""kaisapassive"",""spellSlot"":63,""tru'"
3704,"b'eDamage"":0,""type"":""OTHER""}],""victimId"":6},{""creatorId"":5,""timestamp"":1464116,""type"":""WARD_PLACED"",""wardType"":""SIGHT_WARD""},{""cre'"
3705,"b'atorId"":10,""timestamp"":1469453,""type"":""WARD_PLACED"",""wardType"":""SIGHT_WARD""},{""killerId"":4,""timestamp"":1474189,""type"":""WARD_KILL'"
3706,"b'"",""wardType"":""CONTROL_WARD""},{""itemId"":2055,""participantId"":9,""timestamp"":1484924,""type"":""ITEM_DESTROYED""},{""creatorId"":9,""times'"
3707,"b'tamp"":1484924,""type"":""WARD_PLACED"",""wardType"":""CONTROL_WARD""},{""killerId"":3,""timestamp"":1485729,""type"":""WARD_KILL"",""wardType"":""U'"
3708,"b'NDEFINED""},{""creatorId"":10,""timestamp"":1488827,""type"":""WARD_PLACED"",""wardType"":""SIGHT_WARD""},{""creatorId"":2,""timestamp"":1491426,'"
3709,"b'""type"":""WARD_PLACED"",""wardType"":""YELLOW_TRINKET""},{""bounty"":300,""killStreakLength"":3,""killerId"":8,""position"":{""x"":7916,""y"":1714}'"
3710,"b',""shutdownBounty"":0,""timestamp"":1494096,""type"":""CHAMPION_KILL"",""victimDamageDealt"":[{""basic"":false,""magicDamage"":33,""name"":""Gare'"
3711,"b'n"",""participantId"":8,""physicalDamage"":0,""spellName"":"""",""spellSlot"":-1,""trueDamage"":0,""type"":""OTHER""},{""basic"":false,""magicDamage'"
3712,"b'"":0,""name"":""Garen"",""participantId"":8,""physicalDamage"":224,""spellName"":""garenq"",""spellSlot"":0,""trueDamage"":0,""type"":""OTHER""}],""vi'"
3713,"b'ctimDamageReceived"":[{""basic"":true,""magicDamage"":0,""name"":""SRU_Krug"",""participantId"":0,""physicalDamage"":87,""spellName"":""sru_krug'"
3714,"b'basicattack3"",""spellSlot"":66,""trueDamage"":0,""type"":""MONSTER""},{""basic"":true,""magicDamage"":0,""name"":""SRU_Krug"",""participantId"":0,'"
3715,"b'""physicalDamage"":87,""spellName"":""sru_krugbasicattack2"",""spellSlot"":65,""trueDamage"":0,""type"":""MONSTER""},{""basic"":false,""magicDama'"
3716,"b'ge"":160,""name"":""Sylas"",""participantId"":8,""physicalDamage"":0,""spellName"":""6656cast"",""spellSlot"":6,""trueDamage"":0,""type"":""OTHER""},'"
3717,"b'{""basic"":false,""magicDamage"":132,""name"":""Sylas"",""participantId"":8,""physicalDamage"":0,""spellName"":"""",""spellSlot"":-1,""trueDamage"":'"
3718,"b'0,""type"":""OTHER""},{""basic"":false,""magicDamage"":0,""name"":""Sylas"",""participantId"":8,""physicalDamage"":0,""spellName"":""garenr"",""spell'"
3719,"b'Slot"":3,""trueDamage"":872,""type"":""OTHER""},{""basic"":false,""magicDamage"":453,""name"":""Sylas"",""participantId"":8,""physicalDamage"":0,""s'"
3720,"b'pellName"":""sylase2"",""spellSlot"":2,""trueDamage"":199,""type"":""OTHER""},{""basic"":false,""magicDamage"":276,""name"":""Sylas"",""participantI'"
3721,"b'd"":8,""physicalDamage"":0,""spellName"":""sylaspassive"",""spellSlot"":63,""trueDamage"":0,""type"":""OTHER""},{""basic"":false,""magicDamage"":33'"
3722,"b'4,""name"":""Sylas"",""participantId"":8,""physicalDamage"":0,""spellName"":""sylasq"",""spellSlot"":0,""trueDamage"":0,""type"":""OTHER""},{""basic""'"
3723,"b':false,""magicDamage"":304,""name"":""Sylas"",""participantId"":8,""physicalDamage"":0,""spellName"":""sylasw"",""spellSlot"":1,""trueDamage"":0,""'"
3724,"b'type"":""OTHER""}],""victimId"":1},{""itemId"":1036,""participantId"":1,""timestamp"":1499766,""type"":""ITEM_DESTROYED""},{""itemId"":3044,""part'"
3725,"b'icipantId"":1,""timestamp"":1499766,""type"":""ITEM_PURCHASED""}],""participantFrames"":{""1"":{""championStats"":{""abilityHaste"":0,""abilityP'"
3726,"b'ower"":0,""armor"":133,""armorPen"":0,""armorPenPercent"":0,""attackDamage"":274,""attackSpeed"":238,""bonusArmorPenPercent"":0,""bonusMagicPe'"
3727,"b'nPercent"":0,""ccReduction"":0,""cooldownReduction"":0,""health"":0,""healthMax"":2833,""healthRegen"":29,""lifesteal"":0,""magicPen"":0,""magic'"
3728,"b'PenPercent"":0,""magicResist"":85,""movementSpeed"":426,""omnivamp"":0,""physicalVamp"":0,""power"":0,""powerMax"":0,""powerRegen"":0,""spellVam'"
3729,"b'p"":0},""currentGold"":1583,""damageStats"":{""magicDamageDone"":478,""magicDamageDoneToChampions"":478,""magicDamageTaken"":3520,""physical'"
3730,"b'DamageDone"":151386,""physicalDamageDoneToChampions"":13640,""physicalDamageTaken"":17067,""totalDamageDone"":166746,""totalDamageDoneTo'"
3731,"b'Champions"":16389,""totalDamageTaken"":22989,""trueDamageDone"":14880,""trueDamageDoneToChampions"":2270,""trueDamageTaken"":2401},""goldP'"
3732,"b'erSecond"":0,""jungleMinionsKilled"":19,""level"":15,""minionsKilled"":208,""participantId"":1,""position"":{""x"":7916,""y"":1714},""timeEnemyS'"
3733,"b'pentControlled"":180614,""totalGold"":11977,""xp"":14688},""2"":{""championStats"":{""abilityHaste"":0,""abilityPower"":0,""armor"":86,""armorPe'"
3734,"b'n"":0,""armorPenPercent"":0,""attackDamage"":262,""attackSpeed"":160,""bonusArmorPenPercent"":0,""bonusMagicPenPercent"":0,""ccReduction"":19'"
3735,"b',""cooldownReduction"":0,""health"":2725,""healthMax"":2725,""healthRegen"":33,""lifesteal"":0,""magicPen"":0,""magicPenPercent"":0,""magicResi'"
3736,"b'st"":56,""movementSpeed"":405,""omnivamp"":8,""physicalVamp"":0,""power"":775,""powerMax"":810,""powerRegen"":158,""spellVamp"":0},""currentGold'"
3737,"b'"":1048,""damageStats"":{""magicDamageDone"":1565,""magicDamageDoneToChampions"":1565,""magicDamageTaken"":10055,""physicalDamageDone"":118'"
3738,"b'637,""physicalDamageDoneToChampions"":15381,""physicalDamageTaken"":20444,""totalDamageDone"":151578,""totalDamageDoneToChampions"":1781'"
3739,"b'8,""totalDamageTaken"":30933,""trueDamageDone"":31375,""trueDamageDoneToChampions"":871,""trueDamageTaken"":433},""goldPerSecond"":0,""jung'"
3740,"b'leMinionsKilled"":105,""level"":14,""minionsKilled"":53,""participantId"":2,""position"":{""x"":4183,""y"":5080},""timeEnemySpentControlled"":2'"
3741,"b'71852,""totalGold"":10927,""xp"":12232},""3"":{""championStats"":{""abilityHaste"":0,""abilityPower"":159,""armor"":66,""armorPen"":0,""armorPenP'"
3742,"b'ercent"":0,""attackDamage"":69,""attackSpeed"":140,""bonusArmorPenPercent"":0,""bonusMagicPenPercent"":0,""ccReduction"":0,""cooldownReducti'"
3743,"b'on"":0,""health"":2051,""healthMax"":2051,""healthRegen"":28,""lifesteal"":0,""magicPen"":24,""magicPenPercent"":0,""magicResist"":41,""movement'"
3744,"b'Speed"":385,""omnivamp"":0,""physicalVamp"":0,""power"":962,""powerMax"":1083,""powerRegen"":26,""spellVamp"":0},""currentGold"":692,""damageSta'"
3745,"b'ts"":{""magicDamageDone"":83800,""magicDamageDoneToChampions"":18575,""magicDamageTaken"":14249,""physicalDamageDone"":9015,""physicalDama'"
3746,"b'geDoneToChampions"":3224,""physicalDamageTaken"":8829,""totalDamageDone"":105532,""totalDamageDoneToChampions"":21799,""totalDamageTaken'"
3747,"b'"":23466,""trueDamageDone"":12717,""trueDamageDoneToChampions"":0,""trueDamageTaken"":387},""goldPerSecond"":0,""jungleMinionsKilled"":0,""l'"
3748,"b'evel"":11,""minionsKilled"":144,""participantId"":3,""position"":{""x"":5105,""y"":3783},""timeEnemySpentControlled"":190600,""totalGold"":7567'"
3749,"b',""xp"":8246},""4"":{""championStats"":{""abilityHaste"":0,""abilityPower"":0,""armor"":75,""armorPen"":0,""armorPenPercent"":0,""attackDamage"":2'"
3750,"b'42,""attackSpeed"":227,""bonusArmorPenPercent"":0,""bonusMagicPenPercent"":0,""ccReduction"":0,""cooldownReduction"":0,""health"":1809,""heal'"
3751,"b'thMax"":1809,""healthRegen"":17,""lifesteal"":5,""magicPen"":0,""magicPenPercent"":0,""magicResist"":42,""movementSpeed"":416,""omnivamp"":2,""p'"
3752,"b'hysicalVamp"":0,""power"":858,""powerMax"":858,""powerRegen"":30,""spellVamp"":0},""currentGold"":561,""damageStats"":{""magicDamageDone"":9846'"
3753,"b',""magicDamageDoneToChampions"":4888,""magicDamageTaken"":4286,""physicalDamageDone"":106026,""physicalDamageDoneToChampions"":12247,""ph'"
3754,"b'ysicalDamageTaken"":10377,""totalDamageDone"":115872,""totalDamageDoneToChampions"":17135,""totalDamageTaken"":15595,""trueDamageDone"":0'"
3755,"b',""trueDamageDoneToChampions"":0,""trueDamageTaken"":931},""goldPerSecond"":0,""jungleMinionsKilled"":0,""level"":12,""minionsKilled"":185,""'"
3756,"b'participantId"":4,""position"":{""x"":4657,""y"":4467},""timeEnemySpentControlled"":0,""totalGold"":11690,""xp"":9769},""5"":{""championStats"":{'"
3757,"b'""abilityHaste"":0,""abilityPower"":20,""armor"":162,""armorPen"":0,""armorPenPercent"":0,""attackDamage"":81,""attackSpeed"":113,""bonusArmorP'"
3758,"b'enPercent"":0,""bonusMagicPenPercent"":0,""ccReduction"":37,""cooldownReduction"":0,""health"":1741,""healthMax"":2122,""healthRegen"":59,""li'"
3759,"b'festeal"":0,""magicPen"":0,""magicPenPercent"":0,""magicResist"":117,""movementSpeed"":415,""omnivamp"":0,""physicalVamp"":0,""power"":424,""pow'"
3760,"b'erMax"":744,""powerRegen"":18,""spellVamp"":0},""currentGold"":979,""damageStats"":{""magicDamageDone"":6240,""magicDamageDoneToChampions"":3'"
3761,"b'570,""magicDamageTaken"":7760,""physicalDamageDone"":4893,""physicalDamageDoneToChampions"":1749,""physicalDamageTaken"":7757,""totalDama'"
3762,"b'geDone"":24048,""totalDamageDoneToChampions"":6355,""totalDamageTaken"":16055,""trueDamageDone"":12914,""trueDamageDoneToChampions"":1035'"
3763,"b',""trueDamageTaken"":537},""goldPerSecond"":30,""jungleMinionsKilled"":0,""level"":11,""minionsKilled"":31,""participantId"":5,""position"":{""'"
3764,"b'x"":5741,""y"":3499},""timeEnemySpentControlled"":175674,""totalGold"":6764,""xp"":8250},""6"":{""championStats"":{""abilityHaste"":0,""abilityP'"
3765,"b'ower"":0,""armor"":102,""armorPen"":0,""armorPenPercent"":0,""attackDamage"":281,""attackSpeed"":158,""bonusArmorPenPercent"":0,""bonusMagicPe'"
3766,"b'nPercent"":0,""ccReduction"":24,""cooldownReduction"":0,""health"":0,""healthMax"":2932,""healthRegen"":31,""lifesteal"":0,""magicPen"":0,""magi'"
3767,"b'cPenPercent"":0,""magicResist"":61,""movementSpeed"":385,""omnivamp"":10,""physicalVamp"":0,""power"":0,""powerMax"":0,""powerRegen"":0,""spellV'"
3768,"b'amp"":0},""currentGold"":699,""damageStats"":{""magicDamageDone"":0,""magicDamageDoneToChampions"":0,""magicDamageTaken"":3001,""physicalDam'"
3769,"b'ageDone"":144342,""physicalDamageDoneToChampions"":17047,""physicalDamageTaken"":17585,""totalDamageDone"":149618,""totalDamageDoneToCha'"
3770,"b'mpions"":18047,""totalDamageTaken"":23073,""trueDamageDone"":5276,""trueDamageDoneToChampions"":1000,""trueDamageTaken"":2487},""goldPerSe'"
3771,"b'cond"":0,""jungleMinionsKilled"":16,""level"":16,""minionsKilled"":205,""participantId"":6,""position"":{""x"":10207,""y"":10264},""timeEnemySpe'"
3772,"b'ntControlled"":134875,""totalGold"":10598,""xp"":15128},""7"":{""championStats"":{""abilityHaste"":0,""abilityPower"":0,""armor"":160,""armorPen'"
3773,"b'"":0,""armorPenPercent"":0,""attackDamage"":226,""attackSpeed"":240,""bonusArmorPenPercent"":0,""bonusMagicPenPercent"":0,""ccReduction"":24,'"
3774,"b'""cooldownReduction"":0,""health"":2639,""healthMax"":2672,""healthRegen"":32,""lifesteal"":0,""magicPen"":0,""magicPenPercent"":0,""magicResis'"
3775,"b't"":50,""movementSpeed"":397,""omnivamp"":0,""physicalVamp"":0,""power"":444,""powerMax"":698,""powerRegen"":69,""spellVamp"":0},""currentGold"":'"
3776,"b'912,""damageStats"":{""magicDamageDone"":4546,""magicDamageDoneToChampions"":1393,""magicDamageTaken"":6147,""physicalDamageDone"":136285,'"
3777,"b'""physicalDamageDoneToChampions"":15485,""physicalDamageTaken"":24471,""totalDamageDone"":172027,""totalDamageDoneToChampions"":17663,""t'"
3778,"b'otalDamageTaken"":31172,""trueDamageDone"":31195,""trueDamageDoneToChampions"":784,""trueDamageTaken"":553},""goldPerSecond"":0,""jungleMi'"
3779,"b'nionsKilled"":109,""level"":14,""minionsKilled"":21,""participantId"":7,""position"":{""x"":4673,""y"":6089},""timeEnemySpentControlled"":57791'"
3780,"b'6,""totalGold"":11076,""xp"":11981},""8"":{""championStats"":{""abilityHaste"":0,""abilityPower"":662,""armor"":147,""armorPen"":0,""armorPenPerc'"
3781,"b'ent"":0,""attackDamage"":104,""attackSpeed"":283,""bonusArmorPenPercent"":0,""bonusMagicPenPercent"":0,""ccReduction"":6,""cooldownReduction'"
3782,"b'"":0,""health"":2753,""healthMax"":3155,""healthRegen"":62,""lifesteal"":0,""magicPen"":0,""magicPenPercent"":0,""magicResist"":76,""movementSpe'"
3783,"b'ed"":395,""omnivamp"":0,""physicalVamp"":0,""power"":1119,""powerMax"":1923,""powerRegen"":281,""spellVamp"":0},""currentGold"":1554,""damageSta'"
3784,"b'ts"":{""magicDamageDone"":170816,""magicDamageDoneToChampions"":25001,""magicDamageTaken"":13305,""physicalDamageDone"":3856,""physicalDam'"
3785,"b'ageDoneToChampions"":454,""physicalDamageTaken"":15647,""totalDamageDone"":181420,""totalDamageDoneToChampions"":27849,""totalDamageTake'"
3786,"b'n"":29335,""trueDamageDone"":6747,""trueDamageDoneToChampions"":2393,""trueDamageTaken"":383},""goldPerSecond"":0,""jungleMinionsKilled"":1'"
3787,"b'3,""level"":16,""minionsKilled"":235,""participantId"":8,""position"":{""x"":9747,""y"":1373},""timeEnemySpentControlled"":447813,""totalGold"":'"
3788,"b'15549,""xp"":15938},""9"":{""championStats"":{""abilityHaste"":0,""abilityPower"":0,""armor"":75,""armorPen"":0,""armorPenPercent"":0,""attackDam'"
3789,"b'age"":262,""attackSpeed"":222,""bonusArmorPenPercent"":0,""bonusMagicPenPercent"":0,""ccReduction"":6,""cooldownReduction"":0,""health"":1834'"
3790,"b',""healthMax"":1834,""healthRegen"":21,""lifesteal"":18,""magicPen"":0,""magicPenPercent"":0,""magicResist"":44,""movementSpeed"":380,""omnivam'"
3791,"b'p"":0,""physicalVamp"":0,""power"":662,""powerMax"":742,""powerRegen"":29,""spellVamp"":0},""currentGold"":885,""damageStats"":{""magicDamageDon'"
3792,"b'e"":48046,""magicDamageDoneToChampions"":6097,""magicDamageTaken"":4844,""physicalDamageDone"":79809,""physicalDamageDoneToChampions"":10'"
3793,"b'090,""physicalDamageTaken"":9981,""totalDamageDone"":139830,""totalDamageDoneToChampions"":16233,""totalDamageTaken"":15246,""trueDamageD'"
3794,"b'one"":11974,""trueDamageDoneToChampions"":46,""trueDamageTaken"":420},""goldPerSecond"":0,""jungleMinionsKilled"":17,""level"":13,""minionsK'"
3795,"b'illed"":171,""participantId"":9,""position"":{""x"":6055,""y"":6633},""timeEnemySpentControlled"":30482,""totalGold"":12359,""xp"":11042},""10"":'"
3796,"b'{""championStats"":{""abilityHaste"":0,""abilityPower"":68,""armor"":114,""armorPen"":0,""armorPenPercent"":0,""attackDamage"":96,""attackSpeed'"
3797,"b'"":137,""bonusArmorPenPercent"":0,""bonusMagicPenPercent"":0,""ccReduction"":34,""cooldownReduction"":0,""health"":2746,""healthMax"":2746,""h'"
3798,"b'ealthRegen"":59,""lifesteal"":0,""magicPen"":0,""magicPenPercent"":0,""magicResist"":107,""movementSpeed"":380,""omnivamp"":0,""physicalVamp"":'"
3799,"b'0,""power"":743,""powerMax"":807,""powerRegen"":54,""spellVamp"":0},""currentGold"":126,""damageStats"":{""magicDamageDone"":8836,""magicDamage'"
3800,"b'DoneToChampions"":3983,""magicDamageTaken"":4839,""physicalDamageDone"":5690,""physicalDamageDoneToChampions"":1699,""physicalDamageTake'"
3801,"b'n"":8165,""totalDamageDone"":21560,""totalDamageDoneToChampions"":6151,""totalDamageTaken"":13338,""trueDamageDone"":7033,""trueDamageDone'"
3802,"b'ToChampions"":468,""trueDamageTaken"":333},""goldPerSecond"":30,""jungleMinionsKilled"":0,""level"":12,""minionsKilled"":47,""participantId""'"
3803,"b':10,""position"":{""x"":5452,""y"":5391},""timeEnemySpentControlled"":56348,""totalGold"":7456,""xp"":9862}},""timestamp"":1500434},{""events"":'"
3804,"b'[{""itemId"":1037,""participantId"":1,""timestamp"":1500833,""type"":""ITEM_DESTROYED""},{""itemId"":3044,""participantId"":1,""timestamp"":1500'"
3805,"b'833,""type"":""ITEM_DESTROYED""},{""itemId"":3053,""participantId"":1,""timestamp"":1500833,""type"":""ITEM_PURCHASED""},{""itemId"":2055,""parti'"
3806,"b'cipantId"":10,""timestamp"":1504203,""type"":""ITEM_DESTROYED""},{""creatorId"":10,""timestamp"":1504203,""type"":""WARD_PLACED"",""wardType"":""C'"
3807,"b'ONTROL_WARD""},{""itemId"":1036,""participantId"":1,""timestamp"":1505369,""type"":""ITEM_PURCHASED""},{""itemId"":1028,""participantId"":5,""ti'"
3808,"b'mestamp"":1506998,""type"":""ITEM_DESTROYED""},{""itemId"":1011,""participantId"":5,""timestamp"":1506998,""type"":""ITEM_PURCHASED""},{""itemId'"
3809,"b'"":2055,""participantId"":5,""timestamp"":1507532,""type"":""ITEM_PURCHASED""},{""assistingParticipantIds"":[9,10],""bounty"":300,""killStreak'"
3810,"b'Length"":0,""killerId"":7,""position"":{""x"":4793,""y"":6149},""shutdownBounty"":0,""timestamp"":1513858,""type"":""CHAMPION_KILL"",""victimDamag'"
3811,"b'eDealt"":[{""basic"":true,""magicDamage"":0,""name"":""Kaisa"",""participantId"":7,""physicalDamage"":168,""spellName"":"""",""spellSlot"":63,""true'"
3812,"b'Damage"":0,""type"":""OTHER""},{""basic"":false,""magicDamage"":133,""name"":""Kaisa"",""participantId"":7,""physicalDamage"":0,""spellName"":""kais'"
3813,"b'apassive"",""spellSlot"":63,""trueDamage"":0,""type"":""OTHER""},{""basic"":true,""magicDamage"":0,""name"":""Kaisa"",""participantId"":7,""physical'"
3814,"b'Damage"":192,""spellName"":""kaisaecritattack3"",""spellSlot"":76,""trueDamage"":0,""type"":""OTHER""},{""basic"":true,""magicDamage"":0,""name"":""'"
3815,"b'Kaisa"",""participantId"":7,""physicalDamage"":192,""spellName"":""kaisaecritattack"",""spellSlot"":74,""trueDamage"":0,""type"":""OTHER""},{""bas'"
3816,"b'ic"":true,""magicDamage"":0,""name"":""Kaisa"",""participantId"":7,""physicalDamage"":109,""spellName"":""kaisaeattack4"",""spellSlot"":70,""trueD'"
3817,"b'amage"":0,""type"":""OTHER""},{""basic"":false,""magicDamage"":0,""name"":""Kaisa"",""participantId"":7,""physicalDamage"":219,""spellName"":"""",""sp'"
3818,"b'ellSlot"":-1,""trueDamage"":0,""type"":""OTHER""},{""basic"":true,""magicDamage"":0,""name"":""Kaisa"",""participantId"":7,""physicalDamage"":192,""'"
3819,"b'spellName"":""kaisaecritattack2"",""spellSlot"":75,""trueDamage"":0,""type"":""OTHER""},{""basic"":false,""magicDamage"":0,""name"":""Kaisa"",""part'"
3820,"b'icipantId"":7,""physicalDamage"":77,""spellName"":""kaisaq"",""spellSlot"":0,""trueDamage"":0,""type"":""OTHER""}],""victimDamageReceived"":[{""ba'"
3821,"b'sic"":true,""magicDamage"":0,""name"":""SRU_ChaosMinionMelee"",""participantId"":0,""physicalDamage"":22,""spellName"":""sru_chaosminionranged'"
3822,"b'basicattack"",""spellSlot"":64,""trueDamage"":0,""type"":""MINION""},{""basic"":true,""magicDamage"":0,""name"":""SRU_ChaosMinionMelee"",""partici'"
3823,"b'pantId"":0,""physicalDamage"":69,""spellName"":""sru_chaosminionmeleebasicattack"",""spellSlot"":64,""trueDamage"":0,""type"":""MINION""},{""bas'"
3824,"b'ic"":true,""magicDamage"":0,""name"":""SRU_ChaosMinionMelee"",""participantId"":0,""physicalDamage"":22,""spellName"":""sru_chaosminionrangedb'"
3825,"b'asicattack2"",""spellSlot"":65,""trueDamage"":0,""type"":""MINION""},{""basic"":false,""magicDamage"":0,""name"":""Nocturne"",""participantId"":7,""'"
3826,"b'physicalDamage"":0,""spellName"":""summonersmiteavatarutility"",""spellSlot"":4,""trueDamage"":127,""type"":""OTHER""},{""basic"":false,""magicD'"
3827,"b'amage"":0,""name"":""Nocturne"",""participantId"":7,""physicalDamage"":0,""spellName"":""nocturneduskbringer"",""spellSlot"":0,""trueDamage"":0,""'"
3828,"b'type"":""OTHER""},{""basic"":true,""magicDamage"":0,""name"":""Nocturne"",""participantId"":7,""physicalDamage"":470,""spellName"":""nocturnebasic'"
3829,"b'attack2"",""spellSlot"":65,""trueDamage"":0,""type"":""OTHER""},{""basic"":false,""magicDamage"":0,""name"":""Nocturne"",""participantId"":7,""physi'"
3830,"b'calDamage"":248,""spellName"":""nocturneparanoia2"",""spellSlot"":3,""trueDamage"":0,""type"":""OTHER""},{""basic"":true,""magicDamage"":0,""name""'"
3831,"b':""Nocturne"",""participantId"":7,""physicalDamage"":0,""spellName"":""nocturnebasicattack"",""spellSlot"":64,""trueDamage"":0,""type"":""OTHER""}'"
3832,"b',{""basic"":false,""magicDamage"":0,""name"":""Nocturne"",""participantId"":7,""physicalDamage"":219,""spellName"":""nocturnep"",""spellSlot"":63,'"
3833,"b'""trueDamage"":0,""type"":""OTHER""},{""basic"":false,""magicDamage"":0,""name"":""Rakan"",""participantId"":10,""physicalDamage"":0,""spellName"":""'"
3834,"b'itemredemption"",""spellSlot"":7,""trueDamage"":160,""type"":""OTHER""},{""basic"":false,""magicDamage"":163,""name"":""Rakan"",""participantId"":1'"
3835,"b'0,""physicalDamage"":0,""spellName"":""rakanr"",""spellSlot"":3,""trueDamage"":0,""type"":""OTHER""},{""basic"":false,""magicDamage"":227,""name"":""'"
3836,"b'Rakan"",""participantId"":10,""physicalDamage"":0,""spellName"":""rakanw"",""spellSlot"":1,""trueDamage"":0,""type"":""OTHER""},{""basic"":false,""m'"
3837,"b'agicDamage"":308,""name"":""Zeri"",""participantId"":9,""physicalDamage"":0,""spellName"":""zerir"",""spellSlot"":3,""trueDamage"":0,""type"":""OTHE'"
3838,"b'R""}],""victimId"":4},{""level"":13,""participantId"":10,""timestamp"":1513858,""type"":""LEVEL_UP""},{""assistingParticipantIds"":[4],""bounty""'"
3839,"b':300,""killStreakLength"":1,""killerId"":2,""position"":{""x"":4714,""y"":6200},""shutdownBounty"":0,""timestamp"":1514160,""type"":""CHAMPION_KI'"
3840,"b'LL"",""victimDamageDealt"":[{""basic"":false,""magicDamage"":0,""name"":""Nocturne"",""participantId"":2,""physicalDamage"":0,""spellName"":""6631'"
3841,"b'active"",""spellSlot"":7,""trueDamage"":0,""type"":""OTHER""},{""basic"":false,""magicDamage"":82,""name"":""Nocturne"",""participantId"":2,""physic'"
3842,"b'alDamage"":0,""spellName"":""nocturneunspeakablehorror"",""spellSlot"":2,""trueDamage"":0,""type"":""OTHER""},{""basic"":false,""magicDamage"":0,'"
3843,"b'""name"":""Nocturne"",""participantId"":2,""physicalDamage"":283,""spellName"":""nocturnep"",""spellSlot"":63,""trueDamage"":0,""type"":""OTHER""}],'"
3844,"b'""victimDamageReceived"":[{""basic"":true,""magicDamage"":0,""name"":""SRU_OrderMinionMelee"",""participantId"":0,""physicalDamage"":13,""spell'"
3845,"b'Name"":""sru_orderminionrangedbasicattack"",""spellSlot"":64,""trueDamage"":0,""type"":""MINION""},{""basic"":true,""magicDamage"":0,""name"":""SR'"
3846,"b'U_OrderMinionMelee"",""participantId"":0,""physicalDamage"":57,""spellName"":""sru_orderminionmeleebasicattack"",""spellSlot"":64,""trueDama'"
3847,"b'ge"":0,""type"":""MINION""},{""basic"":true,""magicDamage"":0,""name"":""SRU_OrderMinionMelee"",""participantId"":0,""physicalDamage"":13,""spellN'"
3848,"b'ame"":""sru_orderminionrangedbasicattack2"",""spellSlot"":65,""trueDamage"":0,""type"":""MINION""},{""basic"":true,""magicDamage"":0,""name"":""SR'"
3849,"b'U_MurkwolfMini"",""participantId"":0,""physicalDamage"":25,""spellName"":""sru_murkwolfminibasicattack2"",""spellSlot"":65,""trueDamage"":0,""'"
3850,"b'type"":""MONSTER""},{""basic"":true,""magicDamage"":0,""name"":""SRU_MurkwolfMini"",""participantId"":0,""physicalDamage"":25,""spellName"":""sru_'"
3851,"b'murkwolfminibasicattack"",""spellSlot"":64,""trueDamage"":0,""type"":""MONSTER""},{""basic"":true,""magicDamage"":0,""name"":""SRU_Murkwolf"",""pa'"
3852,"b'rticipantId"":0,""physicalDamage"":52,""spellName"":""sru_murkwolfbasicattack2"",""spellSlot"":65,""trueDamage"":0,""type"":""MONSTER""},{""basi'"
3853,"b'c"":true,""magicDamage"":0,""name"":""SRU_Murkwolf"",""participantId"":0,""physicalDamage"":104,""spellName"":""sru_murkwolfbasicattack"",""spel'"
3854,"b'lSlot"":64,""trueDamage"":0,""type"":""MONSTER""},{""basic"":false,""magicDamage"":326,""name"":""Khazix"",""participantId"":2,""physicalDamage"":0'"
3855,"b',""spellName"":""khazixpassive"",""spellSlot"":63,""trueDamage"":0,""type"":""OTHER""},{""basic"":false,""magicDamage"":0,""name"":""Khazix"",""parti'"
3856,"b'cipantId"":2,""physicalDamage"":50,""spellName"":""khazixe"",""spellSlot"":2,""trueDamage"":0,""type"":""OTHER""},{""basic"":false,""magicDamage"":'"
3857,"b'0,""name"":""Khazix"",""participantId"":2,""physicalDamage"":65,""spellName"":""6630active"",""spellSlot"":7,""trueDamage"":0,""type"":""OTHER""},{""'"
3858,"b'basic"":true,""magicDamage"":0,""name"":""Khazix"",""participantId"":2,""physicalDamage"":99,""spellName"":""khazixbasicattack"",""spellSlot"":64'"
3859,"b',""trueDamage"":0,""type"":""OTHER""},{""basic"":false,""magicDamage"":0,""name"":""Khazix"",""participantId"":2,""physicalDamage"":892,""spellName'"
3860,"b'"":""khazixq"",""spellSlot"":0,""trueDamage"":0,""type"":""OTHER""},{""basic"":false,""magicDamage"":0,""name"":""Khazix"",""participantId"":2,""physi'"
3861,"b'calDamage"":353,""spellName"":""khazixwlong"",""spellSlot"":1,""trueDamage"":0,""type"":""OTHER""},{""basic"":true,""magicDamage"":0,""name"":""Khaz'"
3862,"b'ix"",""participantId"":2,""physicalDamage"":234,""spellName"":""khazixbasicattack2"",""spellSlot"":65,""trueDamage"":0,""type"":""OTHER""},{""basi'"
3863,"b'c"":false,""magicDamage"":0,""name"":""Khazix"",""participantId"":8,""physicalDamage"":0,""spellName"":""burning"",""spellSlot"":-1,""trueDamage"":'"
3864,"b'110,""type"":""OTHER""},{""basic"":true,""magicDamage"":0,""name"":""Kaisa"",""participantId"":4,""physicalDamage"":168,""spellName"":"""",""spellSlo'"
3865,"b't"":63,""trueDamage"":0,""type"":""OTHER""},{""basic"":false,""magicDamage"":133,""name"":""Kaisa"",""participantId"":4,""physicalDamage"":0,""spell'"
3866,"b'Name"":""kaisapassive"",""spellSlot"":63,""trueDamage"":0,""type"":""OTHER""},{""basic"":true,""magicDamage"":0,""name"":""Kaisa"",""participantId"":'"
3867,"b'4,""physicalDamage"":192,""spellName"":""kaisaecritattack3"",""spellSlot"":76,""trueDamage"":0,""type"":""OTHER""},{""basic"":true,""magicDamage""'"
3868,"b':0,""name"":""Kaisa"",""participantId"":4,""physicalDamage"":192,""spellName"":""kaisaecritattack"",""spellSlot"":74,""trueDamage"":0,""type"":""OT'"
3869,"b'HER""},{""basic"":true,""magicDamage"":0,""name"":""Kaisa"",""participantId"":4,""physicalDamage"":109,""spellName"":""kaisaeattack4"",""spellSlot'"
3870,"b'"":70,""trueDamage"":0,""type"":""OTHER""},{""basic"":false,""magicDamage"":0,""name"":""Kaisa"",""participantId"":4,""physicalDamage"":219,""spellN'"
3871,"b'ame"":"""",""spellSlot"":-1,""trueDamage"":0,""type"":""OTHER""},{""basic"":true,""magicDamage"":0,""name"":""Kaisa"",""participantId"":4,""physicalDa'"
3872,"b'mage"":192,""spellName"":""kaisaecritattack2"",""spellSlot"":75,""trueDamage"":0,""type"":""OTHER""},{""basic"":false,""magicDamage"":0,""name"":""K'"
3873,"b'aisa"",""participantId"":4,""physicalDamage"":77,""spellName"":""kaisaq"",""spellSlot"":0,""trueDamage"":0,""type"":""OTHER""}],""victimId"":7},{""l'"
3874,"b'evel"":13,""participantId"":4,""timestamp"":1514160,""type"":""LEVEL_UP""},{""levelUpType"":""NORMAL"",""participantId"":4,""skillSlot"":3,""times'"
3875,"b'tamp"":1515029,""type"":""SKILL_LEVEL_UP""},{""levelUpType"":""NORMAL"",""participantId"":10,""skillSlot"":3,""timestamp"":1515598,""type"":""SKIL'"
3876,"b'L_LEVEL_UP""},{""bounty"":0,""buildingType"":""TOWER_BUILDING"",""killerId"":8,""laneType"":""BOT_LANE"",""position"":{""x"":6919,""y"":1483},""team'"
3877,"b'Id"":100,""timestamp"":1517235,""towerType"":""INNER_TURRET"",""type"":""BUILDING_KILL""},{""creatorId"":5,""timestamp"":1519099,""type"":""WARD_P'"
3878,"b'LACED"",""wardType"":""SIGHT_WARD""},{""assistingParticipantIds"":[7,10],""bounty"":300,""killStreakLength"":0,""killerId"":9,""position"":{""x""'"
3879,"b':3459,""y"":6928},""shutdownBounty"":0,""timestamp"":1521533,""type"":""CHAMPION_KILL"",""victimDamageDealt"":[{""basic"":false,""magicDamage"":'"
3880,"b'0,""name"":""Khazix"",""participantId"":7,""physicalDamage"":185,""spellName"":""khazixwlong"",""spellSlot"":1,""trueDamage"":0,""type"":""OTHER""},'"
3881,"b'{""basic"":false,""magicDamage"":0,""name"":""Khazix"",""participantId"":9,""physicalDamage"":477,""spellName"":""khazixwlong"",""spellSlot"":1,""t'"
3882,"b'rueDamage"":0,""type"":""OTHER""},{""basic"":false,""magicDamage"":0,""name"":""Khazix"",""participantId"":9,""physicalDamage"":535,""spellName"":""'"
3883,"b'khazixq"",""spellSlot"":0,""trueDamage"":0,""type"":""OTHER""},{""basic"":false,""magicDamage"":128,""name"":""Khazix"",""participantId"":9,""physic'"
3884,"b'alDamage"":0,""spellName"":""khazixpassive"",""spellSlot"":63,""trueDamage"":0,""type"":""OTHER""},{""basic"":false,""magicDamage"":0,""name"":""Kha'"
3885,"b'zix"",""participantId"":9,""physicalDamage"":115,""spellName"":""6630active"",""spellSlot"":7,""trueDamage"":0,""type"":""OTHER""},{""basic"":true,'"
3886,"b'""magicDamage"":0,""name"":""Khazix"",""participantId"":9,""physicalDamage"":202,""spellName"":""khazixbasicattack2"",""spellSlot"":65,""trueDama'"
3887,"b'ge"":0,""type"":""OTHER""},{""basic"":false,""magicDamage"":0,""name"":""Khazix"",""participantId"":10,""physicalDamage"":0,""spellName"":"""",""spell'"
3888,"b'Slot"":-1,""trueDamage"":0,""type"":""OTHER""},{""basic"":false,""magicDamage"":0,""name"":""Khazix"",""participantId"":10,""physicalDamage"":0,""sp'"
3889,"b'ellName"":""khazixwlong"",""spellSlot"":1,""trueDamage"":0,""type"":""OTHER""}],""victimDamageReceived"":[{""basic"":false,""magicDamage"":0,""nam'"
3890,"b'e"":""Nocturne"",""participantId"":7,""physicalDamage"":0,""spellName"":""6631active"",""spellSlot"":7,""trueDamage"":0,""type"":""OTHER""},{""basic'"
3891,"b'"":false,""magicDamage"":82,""name"":""Nocturne"",""participantId"":7,""physicalDamage"":0,""spellName"":""nocturneunspeakablehorror"",""spellSl'"
3892,"b'ot"":2,""trueDamage"":0,""type"":""OTHER""},{""basic"":false,""magicDamage"":0,""name"":""Nocturne"",""participantId"":7,""physicalDamage"":283,""sp'"
3893,"b'ellName"":""nocturnep"",""spellSlot"":63,""trueDamage"":0,""type"":""OTHER""},{""basic"":false,""magicDamage"":0,""name"":""Rakan"",""participantId""'"
3894,"b':10,""physicalDamage"":0,""spellName"":""itemredemption"",""spellSlot"":7,""trueDamage"":272,""type"":""OTHER""},{""basic"":true,""magicDamage"":0'"
3895,"b',""name"":""Rakan"",""participantId"":10,""physicalDamage"":57,""spellName"":""rakanbasicattackshort2"",""spellSlot"":49,""trueDamage"":0,""type""'"
3896,"b':""OTHER""},{""basic"":false,""magicDamage"":149,""name"":""Rakan"",""participantId"":10,""physicalDamage"":0,""spellName"":""rakanr"",""spellSlot""'"
3897,"b':3,""trueDamage"":0,""type"":""OTHER""},{""basic"":false,""magicDamage"":75,""name"":""Rakan"",""participantId"":10,""physicalDamage"":0,""spellNam'"
3898,"b'e"":""rakanq"",""spellSlot"":0,""trueDamage"":0,""type"":""OTHER""},{""basic"":false,""magicDamage"":0,""name"":""Rakan"",""participantId"":10,""physi'"
3899,"b'calDamage"":0,""spellName"":""summonerdot"",""spellSlot"":4,""trueDamage"":310,""type"":""OTHER""},{""basic"":false,""magicDamage"":281,""name"":""Z'"
3900,"b'eri"",""participantId"":9,""physicalDamage"":0,""spellName"":""zerir"",""spellSlot"":3,""trueDamage"":0,""type"":""OTHER""},{""basic"":false,""magic'"
3901,"b'Damage"":197,""name"":""Zeri"",""participantId"":9,""physicalDamage"":0,""spellName"":"""",""spellSlot"":-1,""trueDamage"":0,""type"":""OTHER""},{""ba'"
3902,"b'sic"":false,""magicDamage"":0,""name"":""Zeri"",""participantId"":9,""physicalDamage"":1559,""spellName"":""zeriq"",""spellSlot"":0,""trueDamage"":'"
3903,"b'0,""type"":""OTHER""},{""basic"":false,""magicDamage"":204,""name"":""Zeri"",""participantId"":9,""physicalDamage"":0,""spellName"":""zerie"",""spell'"
3904,"b'Slot"":2,""trueDamage"":0,""type"":""OTHER""},{""basic"":false,""magicDamage"":315,""name"":""Zeri"",""participantId"":9,""physicalDamage"":0,""spel'"
3905,"b'lName"":"""",""spellSlot"":63,""trueDamage"":0,""type"":""OTHER""}],""victimId"":2},{""level"":14,""participantId"":9,""timestamp"":1521533,""type"":'"
3906,"b'""LEVEL_UP""},{""itemId"":3077,""participantId"":2,""timestamp"":1523233,""type"":""ITEM_DESTROYED""},{""itemId"":3133,""participantId"":2,""time'"
3907,"b'stamp"":1523233,""type"":""ITEM_DESTROYED""},{""itemId"":3074,""participantId"":2,""timestamp"":1523233,""type"":""ITEM_PURCHASED""},{""levelUpT'"
3908,"b'ype"":""NORMAL"",""participantId"":9,""skillSlot"":2,""timestamp"":1524736,""type"":""SKILL_LEVEL_UP""},{""creatorId"":10,""timestamp"":1529477,""'"
3909,"b'type"":""WARD_PLACED"",""wardType"":""SIGHT_WARD""},{""itemId"":1036,""participantId"":2,""timestamp"":1530940,""type"":""ITEM_PURCHASED""},{""bou'"
3910,"b'nty"":0,""buildingType"":""TOWER_BUILDING"",""killerId"":8,""laneType"":""BOT_LANE"",""position"":{""x"":4281,""y"":1253},""teamId"":100,""timestamp'"
3911,"b'"":1533207,""towerType"":""BASE_TURRET"",""type"":""BUILDING_KILL""},{""afterId"":0,""beforeId"":1036,""goldGain"":350,""participantId"":2,""times'"
3912,"b'tamp"":1533742,""type"":""ITEM_UNDO""},{""assistingParticipantIds"":[8],""bounty"":0,""buildingType"":""INHIBITOR_BUILDING"",""killerId"":0,""la'"
3913,"b'neType"":""BOT_LANE"",""position"":{""x"":3454,""y"":1241},""teamId"":100,""timestamp"":1542109,""type"":""BUILDING_KILL""},{""level"":17,""particip'"
3914,"b'antId"":8,""timestamp"":1544143,""type"":""LEVEL_UP""},{""levelUpType"":""NORMAL"",""participantId"":8,""skillSlot"":3,""timestamp"":1545082,""typ'"
3915,"b'e"":""SKILL_LEVEL_UP""},{""level"":16,""participantId"":1,""timestamp"":1547718,""type"":""LEVEL_UP""},{""bounty"":0,""buildingType"":""INHIBITOR_'"
3916,"b'BUILDING"",""killerId"":9,""laneType"":""MID_LANE"",""position"":{""x"":3203,""y"":3208},""teamId"":100,""timestamp"":1548486,""type"":""BUILDING_KI'"
3917,"b'LL""},{""levelUpType"":""NORMAL"",""participantId"":1,""skillSlot"":4,""timestamp"":1550915,""type"":""SKILL_LEVEL_UP""},{""creatorId"":10,""times'"
3918,"b'tamp"":1553286,""type"":""WARD_PLACED"",""wardType"":""SIGHT_WARD""},{""itemId"":1036,""participantId"":2,""timestamp"":1553450,""type"":""ITEM_PU'"
3919,"b'RCHASED""},{""level"":12,""participantId"":3,""timestamp"":1553450,""type"":""LEVEL_UP""},{""itemId"":1031,""participantId"":7,""timestamp"":1554'"
3920,"b'183,""type"":""ITEM_DESTROYED""},{""itemId"":2420,""participantId"":7,""timestamp"":1554183,""type"":""ITEM_DESTROYED""},{""itemId"":3026,""parti'"
3921,"b'cipantId"":7,""timestamp"":1554183,""type"":""ITEM_PURCHASED""},{""levelUpType"":""NORMAL"",""participantId"":3,""skillSlot"":3,""timestamp"":155'"
3922,"b'4384,""type"":""SKILL_LEVEL_UP""},{""level"":12,""participantId"":5,""timestamp"":1557716,""type"":""LEVEL_UP""},{""levelUpType"":""NORMAL"",""part'"
3923,"b'icipantId"":5,""skillSlot"":2,""timestamp"":1559049,""type"":""SKILL_LEVEL_UP""}],""participantFrames"":{""1"":{""championStats"":{""abilityHast'"
3924,"b'e"":0,""abilityPower"":0,""armor"":138,""armorPen"":0,""armorPenPercent"":0,""attackDamage"":317,""attackSpeed"":242,""bonusArmorPenPercent"":0'"
3925,"b',""bonusMagicPenPercent"":0,""ccReduction"":0,""cooldownReduction"":0,""health"":3221,""healthMax"":3221,""healthRegen"":629,""lifesteal"":0,""'"
3926,"b'magicPen"":0,""magicPenPercent"":0,""magicResist"":87,""movementSpeed"":476,""omnivamp"":0,""physicalVamp"":0,""power"":0,""powerMax"":0,""power'"
3927,"b'Regen"":0,""spellVamp"":0},""currentGold"":384,""damageStats"":{""magicDamageDone"":478,""magicDamageDoneToChampions"":478,""magicDamageTake'"
3928,"b'n"":3583,""physicalDamageDone"":154994,""physicalDamageDoneToChampions"":13640,""physicalDamageTaken"":17067,""totalDamageDone"":170353,""'"
3929,"b'totalDamageDoneToChampions"":16389,""totalDamageTaken"":23052,""trueDamageDone"":14880,""trueDamageDoneToChampions"":2270,""trueDamageTa'"
3930,"b'ken"":2401},""goldPerSecond"":0,""jungleMinionsKilled"":19,""level"":16,""minionsKilled"":211,""participantId"":1,""position"":{""x"":1317,""y"":'"
3931,"b'5390},""timeEnemySpentControlled"":186818,""totalGold"":12154,""xp"":14912},""2"":{""championStats"":{""abilityHaste"":0,""abilityPower"":0,""a'"
3932,"b'rmor"":86,""armorPen"":0,""armorPenPercent"":0,""attackDamage"":282,""attackSpeed"":160,""bonusArmorPenPercent"":0,""bonusMagicPenPercent"":0'"
3933,"b',""ccReduction"":19,""cooldownReduction"":0,""health"":80,""healthMax"":2800,""healthRegen"":33,""lifesteal"":10,""magicPen"":0,""magicPenPerce'"
3934,"b'nt"":0,""magicResist"":56,""movementSpeed"":405,""omnivamp"":8,""physicalVamp"":0,""power"":645,""powerMax"":810,""powerRegen"":69,""spellVamp"":'"
3935,"b'0},""currentGold"":150,""damageStats"":{""magicDamageDone"":2021,""magicDamageDoneToChampions"":2021,""magicDamageTaken"":11361,""physicalD'"
3936,"b'amageDone"":122332,""physicalDamageDoneToChampions"":18408,""physicalDamageTaken"":22345,""totalDamageDone"":157094,""totalDamageDoneToC'"
3937,"b'hampions"":21466,""totalDamageTaken"":34723,""trueDamageDone"":32740,""trueDamageDoneToChampions"":1036,""trueDamageTaken"":1016},""goldPe'"
3938,"b'rSecond"":0,""jungleMinionsKilled"":108,""level"":14,""minionsKilled"":53,""participantId"":2,""position"":{""x"":3459,""y"":6928},""timeEnemySp'"
3939,"b'entControlled"":296103,""totalGold"":11480,""xp"":12895},""3"":{""championStats"":{""abilityHaste"":0,""abilityPower"":159,""armor"":72,""armorP'"
3940,"b'en"":0,""armorPenPercent"":0,""attackDamage"":72,""attackSpeed"":144,""bonusArmorPenPercent"":0,""bonusMagicPenPercent"":0,""ccReduction"":0,'"
3941,"b'""cooldownReduction"":0,""health"":1842,""healthMax"":2169,""healthRegen"":29,""lifesteal"":0,""magicPen"":24,""magicPenPercent"":0,""magicResi'"
3942,"b'st"":42,""movementSpeed"":523,""omnivamp"":0,""physicalVamp"":0,""power"":552,""powerMax"":1115,""powerRegen"":27,""spellVamp"":0},""currentGold'"
3943,"b'"":927,""damageStats"":{""magicDamageDone"":90940,""magicDamageDoneToChampions"":21490,""magicDamageTaken"":14249,""physicalDamageDone"":94'"
3944,"b'32,""physicalDamageDoneToChampions"":3356,""physicalDamageTaken"":9211,""totalDamageDone"":113090,""totalDamageDoneToChampions"":24847,""'"
3945,"b'totalDamageTaken"":23848,""trueDamageDone"":12717,""trueDamageDoneToChampions"":0,""trueDamageTaken"":387},""goldPerSecond"":0,""jungleMin'"
3946,"b'ionsKilled"":0,""level"":12,""minionsKilled"":151,""participantId"":3,""position"":{""x"":3753,""y"":1916},""timeEnemySpentControlled"":197474,'"
3947,"b'""totalGold"":7802,""xp"":8777},""4"":{""championStats"":{""abilityHaste"":0,""abilityPower"":0,""armor"":79,""armorPen"":0,""armorPenPercent"":0,'"
3948,"b'""attackDamage"":245,""attackSpeed"":339,""bonusArmorPenPercent"":0,""bonusMagicPenPercent"":0,""ccReduction"":0,""cooldownReduction"":0,""he'"
3949,"b'alth"":1921,""healthMax"":1921,""healthRegen"":19,""lifesteal"":5,""magicPen"":0,""magicPenPercent"":0,""magicResist"":44,""movementSpeed"":438'"
3950,"b',""omnivamp"":2,""physicalVamp"":0,""power"":829,""powerMax"":903,""powerRegen"":31,""spellVamp"":0},""currentGold"":931,""damageStats"":{""magic'"
3951,"b'DamageDone"":10212,""magicDamageDoneToChampions"":5021,""magicDamageTaken"":4986,""physicalDamageDone"":113770,""physicalDamageDoneToCha'"
3952,"b'mpions"":13399,""physicalDamageTaken"":11445,""totalDamageDone"":123983,""totalDamageDoneToChampions"":18420,""totalDamageTaken"":17651,""'"
3953,"b'trueDamageDone"":0,""trueDamageDoneToChampions"":0,""trueDamageTaken"":1218},""goldPerSecond"":0,""jungleMinionsKilled"":0,""level"":13,""mi'"
3954,"b'nionsKilled"":190,""participantId"":4,""position"":{""x"":2649,""y"":1572},""timeEnemySpentControlled"":0,""totalGold"":12061,""xp"":10372},""5""'"
3955,"b':{""championStats"":{""abilityHaste"":0,""abilityPower"":20,""armor"":167,""armorPen"":0,""armorPenPercent"":0,""attackDamage"":84,""attackSpee'"
3956,"b'd"":114,""bonusArmorPenPercent"":0,""bonusMagicPenPercent"":0,""ccReduction"":34,""cooldownReduction"":0,""health"":2270,""healthMax"":2433,""'"
3957,"b'healthRegen"":63,""lifesteal"":0,""magicPen"":0,""magicPenPercent"":0,""magicResist"":119,""movementSpeed"":604,""omnivamp"":0,""physicalVamp""'"
3958,"b':0,""power"":754,""powerMax"":793,""powerRegen"":18,""spellVamp"":0},""currentGold"":544,""damageStats"":{""magicDamageDone"":6520,""magicDamag'"
3959,"b'eDoneToChampions"":3850,""magicDamageTaken"":9430,""physicalDamageDone"":4893,""physicalDamageDoneToChampions"":1749,""physicalDamageTak'"
3960,"b'en"":7826,""totalDamageDone"":24328,""totalDamageDoneToChampions"":6635,""totalDamageTaken"":17795,""trueDamageDone"":12914,""trueDamageDo'"
3961,"b'neToChampions"":1035,""trueDamageTaken"":537},""goldPerSecond"":30,""jungleMinionsKilled"":0,""level"":12,""minionsKilled"":31,""participant'"
3962,"b'Id"":5,""position"":{""x"":3540,""y"":2057},""timeEnemySpentControlled"":188808,""totalGold"":6904,""xp"":8631},""6"":{""championStats"":{""abilit'"
3963,"b'yHaste"":0,""abilityPower"":0,""armor"":102,""armorPen"":0,""armorPenPercent"":0,""attackDamage"":281,""attackSpeed"":158,""bonusArmorPenPerce'"
3964,"b'nt"":0,""bonusMagicPenPercent"":0,""ccReduction"":24,""cooldownReduction"":0,""health"":2932,""healthMax"":2932,""healthRegen"":31,""lifesteal'"
3965,"b'"":0,""magicPen"":0,""magicPenPercent"":0,""magicResist"":61,""movementSpeed"":385,""omnivamp"":10,""physicalVamp"":0,""power"":0,""powerMax"":0,'"
3966,"b'""powerRegen"":0,""spellVamp"":0},""currentGold"":1074,""damageStats"":{""magicDamageDone"":0,""magicDamageDoneToChampions"":0,""magicDamageT'"
3967,"b'aken"":3282,""physicalDamageDone"":146821,""physicalDamageDoneToChampions"":17047,""physicalDamageTaken"":17605,""totalDamageDone"":15209'"
3968,"b'8,""totalDamageDoneToChampions"":18047,""totalDamageTaken"":23376,""trueDamageDone"":5276,""trueDamageDoneToChampions"":1000,""trueDamage'"
3969,"b'Taken"":2487},""goldPerSecond"":0,""jungleMinionsKilled"":16,""level"":16,""minionsKilled"":210,""participantId"":6,""position"":{""x"":7175,""y'"
3970,"b'"":3529},""timeEnemySpentControlled"":136537,""totalGold"":10974,""xp"":15543},""7"":{""championStats"":{""abilityHaste"":0,""abilityPower"":0,'"
3971,"b'""armor"":38,""armorPen"":0,""armorPenPercent"":0,""attackDamage"":25,""attackSpeed"":100,""bonusArmorPenPercent"":0,""bonusMagicPenPercent"":'"
3972,"b'0,""ccReduction"":0,""cooldownReduction"":0,""health"":2672,""healthMax"":2672,""healthRegen"":0,""lifesteal"":0,""magicPen"":0,""magicPenPerce'"
3973,"b'nt"":0,""magicResist"":32,""movementSpeed"":345,""omnivamp"":0,""physicalVamp"":0,""power"":698,""powerMax"":698,""powerRegen"":0,""spellVamp"":0'"
3974,"b'},""currentGold"":94,""damageStats"":{""magicDamageDone"":4629,""magicDamageDoneToChampions"":1476,""magicDamageTaken"":6608,""physicalDama'"
3975,"b'geDone"":141920,""physicalDamageDoneToChampions"":16707,""physicalDamageTaken"":27527,""totalDamageDone"":178762,""totalDamageDoneToCham'"
3976,"b'pions"":19095,""totalDamageTaken"":34798,""trueDamageDone"":32212,""trueDamageDoneToChampions"":911,""trueDamageTaken"":663},""goldPerSeco'"
3977,"b'nd"":0,""jungleMinionsKilled"":110,""level"":14,""minionsKilled"":21,""participantId"":7,""position"":{""x"":14311,""y"":14507},""timeEnemySpent'"
3978,"b'Controlled"":617096,""totalGold"":11709,""xp"":12478},""8"":{""championStats"":{""abilityHaste"":0,""abilityPower"":662,""armor"":153,""armorPen'"
3979,"b'"":0,""armorPenPercent"":0,""attackDamage"":108,""attackSpeed"":162,""bonusArmorPenPercent"":0,""bonusMagicPenPercent"":0,""ccReduction"":6,""'"
3980,"b'cooldownReduction"":0,""health"":1731,""healthMax"":3328,""healthRegen"":46,""lifesteal"":0,""magicPen"":0,""magicPenPercent"":0,""magicResist'"
3981,"b'"":80,""movementSpeed"":643,""omnivamp"":0,""physicalVamp"":0,""power"":1911,""powerMax"":2010,""powerRegen"":292,""spellVamp"":0},""currentGold'"
3982,"b'"":2647,""damageStats"":{""magicDamageDone"":192805,""magicDamageDoneToChampions"":26617,""magicDamageTaken"":14896,""physicalDamageDone"":'"
3983,"b'3964,""physicalDamageDoneToChampions"":454,""physicalDamageTaken"":17000,""totalDamageDone"":203517,""totalDamageDoneToChampions"":29465'"
3984,"b',""totalDamageTaken"":32281,""trueDamageDone"":6747,""trueDamageDoneToChampions"":2393,""trueDamageTaken"":383},""goldPerSecond"":0,""jungl'"
3985,"b'eMinionsKilled"":13,""level"":17,""minionsKilled"":246,""participantId"":8,""position"":{""x"":14340,""y"":14391},""timeEnemySpentControlled"":'"
3986,"b'466710,""totalGold"":16641,""xp"":16507},""9"":{""championStats"":{""abilityHaste"":0,""abilityPower"":0,""armor"":80,""armorPen"":0,""armorPenPe'"
3987,"b'rcent"":0,""attackDamage"":269,""attackSpeed"":224,""bonusArmorPenPercent"":0,""bonusMagicPenPercent"":0,""ccReduction"":6,""cooldownReducti'"
3988,"b'on"":0,""health"":1959,""healthMax"":1959,""healthRegen"":219,""lifesteal"":18,""magicPen"":0,""magicPenPercent"":0,""magicResist"":45,""movemen'"
3989,"b'tSpeed"":380,""omnivamp"":0,""physicalVamp"":0,""power"":790,""powerMax"":794,""powerRegen"":160,""spellVamp"":0},""currentGold"":1960,""damageS'"
3990,"b'tats"":{""magicDamageDone"":57034,""magicDamageDoneToChampions"":7405,""magicDamageTaken"":4973,""physicalDamageDone"":92383,""physicalDam'"
3991,"b'ageDoneToChampions"":11649,""physicalDamageTaken"":11557,""totalDamageDone"":166462,""totalDamageDoneToChampions"":19101,""totalDamageTa'"
3992,"b'ken"":17005,""trueDamageDone"":17044,""trueDamageDoneToChampions"":46,""trueDamageTaken"":475},""goldPerSecond"":0,""jungleMinionsKilled"":'"
3993,"b'19,""level"":14,""minionsKilled"":183,""participantId"":9,""position"":{""x"":6387,""y"":4882},""timeEnemySpentControlled"":34751,""totalGold"":'"
3994,"b'13434,""xp"":12189},""10"":{""championStats"":{""abilityHaste"":0,""abilityPower"":68,""armor"":119,""armorPen"":0,""armorPenPercent"":0,""attack'"
3995,"b'Damage"":100,""attackSpeed"":140,""bonusArmorPenPercent"":0,""bonusMagicPenPercent"":0,""ccReduction"":34,""cooldownReduction"":0,""health"":'"
3996,"b'1263,""healthMax"":2865,""healthRegen"":130,""lifesteal"":0,""magicPen"":0,""magicPenPercent"":0,""magicResist"":109,""movementSpeed"":380,""om'"
3997,"b'nivamp"":0,""physicalVamp"":0,""power"":291,""powerMax"":862,""powerRegen"":56,""spellVamp"":0},""currentGold"":516,""damageStats"":{""magicDama'"
3998,"b'geDone"":9803,""magicDamageDoneToChampions"":4716,""magicDamageTaken"":6161,""physicalDamageDone"":5819,""physicalDamageDoneToChampions""'"
3999,"b':1827,""physicalDamageTaken"":8883,""totalDamageDone"":23399,""totalDamageDoneToChampions"":7754,""totalDamageTaken"":15378,""trueDamageD'"
4000,"b'one"":7776,""trueDamageDoneToChampions"":1210,""trueDamageTaken"":333},""goldPerSecond"":30,""jungleMinionsKilled"":0,""level"":13,""minions'"
4001,"b'Killed"":47,""participantId"":10,""position"":{""x"":4674,""y"":1821},""timeEnemySpentControlled"":63491,""totalGold"":7846,""xp"":10607}},""tim'"
4002,"b'estamp"":1560446},{""events"":[{""killerId"":9,""timestamp"":1560880,""type"":""WARD_KILL"",""wardType"":""YELLOW_TRINKET""},{""creatorId"":10,""t'"
4003,"b'imestamp"":1560880,""type"":""WARD_PLACED"",""wardType"":""UNDEFINED""},{""itemId"":3158,""participantId"":8,""timestamp"":1561546,""type"":""ITEM'"
4004,"b'_SOLD""},{""creatorId"":5,""timestamp"":1561981,""type"":""WARD_PLACED"",""wardType"":""SIGHT_WARD""},{""afterId"":3158,""beforeId"":0,""goldGain""'"
4005,"b':-665,""participantId"":8,""timestamp"":1563447,""type"":""ITEM_UNDO""},{""itemId"":1082,""participantId"":8,""timestamp"":1564516,""type"":""ITE'"
4006,"b'M_DESTROYED""},{""itemId"":3041,""participantId"":8,""timestamp"":1564516,""type"":""ITEM_PURCHASED""},{""itemId"":3158,""participantId"":8,""ti'"
4007,"b'mestamp"":1565121,""type"":""ITEM_SOLD""},{""itemId"":3020,""participantId"":8,""timestamp"":1565621,""type"":""ITEM_PURCHASED""},{""itemId"":213'"
4008,"b'9,""participantId"":8,""timestamp"":1566058,""type"":""ITEM_DESTROYED""},{""itemId"":2139,""participantId"":8,""timestamp"":1566058,""type"":""IT'"
4009,"b'EM_PURCHASED""},{""itemId"":2055,""participantId"":10,""timestamp"":1570771,""type"":""ITEM_DESTROYED""},{""creatorId"":10,""timestamp"":157077'"
4010,"b'1,""type"":""WARD_PLACED"",""wardType"":""CONTROL_WARD""},{""itemId"":3086,""participantId"":9,""timestamp"":1575068,""type"":""ITEM_PURCHASED""},'"
4011,"b'{""itemId"":2420,""participantId"":9,""timestamp"":1575334,""type"":""ITEM_PURCHASED""},{""level"":15,""participantId"":2,""timestamp"":1577179,'"
4012,"b'""type"":""LEVEL_UP""},{""levelUpType"":""NORMAL"",""participantId"":2,""skillSlot"":3,""timestamp"":1577914,""type"":""SKILL_LEVEL_UP""},{""itemId'"
4013,"b'"":2138,""participantId"":10,""timestamp"":1580709,""type"":""ITEM_PURCHASED""},{""creatorId"":5,""timestamp"":1580943,""type"":""WARD_PLACED"",""'"
4014,"b'wardType"":""SIGHT_WARD""},{""itemId"":2055,""participantId"":10,""timestamp"":1581946,""type"":""ITEM_PURCHASED""},{""itemId"":1037,""participa'"
4015,"b'ntId"":6,""timestamp"":1595978,""type"":""ITEM_DESTROYED""},{""itemId"":3133,""participantId"":6,""timestamp"":1595978,""type"":""ITEM_DESTROYED'"
4016,"b'""},{""itemId"":6333,""participantId"":6,""timestamp"":1595978,""type"":""ITEM_PURCHASED""},{""itemId"":2055,""participantId"":5,""timestamp"":15'"
4017,"b'96244,""type"":""ITEM_DESTROYED""},{""creatorId"":5,""timestamp"":1596244,""type"":""WARD_PLACED"",""wardType"":""CONTROL_WARD""},{""creatorId"":5'"
4018,"b',""timestamp"":1597619,""type"":""WARD_PLACED"",""wardType"":""SIGHT_WARD""},{""itemId"":2138,""participantId"":10,""timestamp"":1600457,""type"":'"
4019,"b'""ITEM_DESTROYED""},{""bounty"":300,""killStreakLength"":4,""killerId"":8,""position"":{""x"":3449,""y"":10251},""shutdownBounty"":0,""timestamp""'"
4020,"b':1601195,""type"":""CHAMPION_KILL"",""victimDamageDealt"":[{""basic"":false,""magicDamage"":39,""name"":""Rell"",""participantId"":8,""physicalDa'"
4021,"b'mage"":0,""spellName"":""rellq"",""spellSlot"":0,""trueDamage"":0,""type"":""OTHER""},{""basic"":false,""magicDamage"":108,""name"":""Rell"",""partici'"
4022,"b'pantId"":8,""physicalDamage"":0,""spellName"":""relle"",""spellSlot"":2,""trueDamage"":0,""type"":""OTHER""},{""basic"":true,""magicDamage"":0,""nam'"
4023,"b'e"":""Rell"",""participantId"":8,""physicalDamage"":37,""spellName"":""rellbasicattack2"",""spellSlot"":65,""trueDamage"":0,""type"":""OTHER""},{""b'"
4024,"b'asic"":false,""magicDamage"":21,""name"":""Rell"",""participantId"":8,""physicalDamage"":0,""spellName"":"""",""spellSlot"":-1,""trueDamage"":0,""ty'"
4025,"b'pe"":""OTHER""}],""victimDamageReceived"":[{""basic"":false,""magicDamage"":636,""name"":""Sylas"",""participantId"":8,""physicalDamage"":0,""spel'"
4026,"b'lName"":""sylasq"",""spellSlot"":0,""trueDamage"":0,""type"":""OTHER""},{""basic"":false,""magicDamage"":0,""name"":""Sylas"",""participantId"":8,""ph'"
4027,"b'ysicalDamage"":0,""spellName"":""elixirofsorcery"",""spellSlot"":14,""trueDamage"":25,""type"":""OTHER""},{""basic"":false,""magicDamage"":219,""n'"
4028,"b'ame"":""Sylas"",""participantId"":8,""physicalDamage"":0,""spellName"":"""",""spellSlot"":-1,""trueDamage"":0,""type"":""OTHER""},{""basic"":false,""m'"
4029,"b'agicDamage"":143,""name"":""Sylas"",""participantId"":8,""physicalDamage"":0,""spellName"":""sylase2"",""spellSlot"":2,""trueDamage"":0,""type"":""O'"
4030,"b'THER""},{""basic"":false,""magicDamage"":755,""name"":""Sylas"",""participantId"":8,""physicalDamage"":0,""spellName"":""sylaspassive"",""spellSlo'"
4031,"b't"":63,""trueDamage"":0,""type"":""OTHER""},{""basic"":false,""magicDamage"":814,""name"":""Sylas"",""participantId"":8,""physicalDamage"":0,""spell'"
4032,"b'Name"":""sylasw"",""spellSlot"":1,""trueDamage"":0,""type"":""OTHER""},{""basic"":true,""magicDamage"":0,""name"":""Sylas"",""participantId"":8,""phys'"
4033,"b'icalDamage"":36,""spellName"":""sylasbasicattack"",""spellSlot"":64,""trueDamage"":0,""type"":""OTHER""}],""victimId"":5},{""itemId"":2033,""parti'"
4034,"b'cipantId"":3,""timestamp"":1601695,""type"":""ITEM_SOLD""},{""itemId"":1058,""participantId"":3,""timestamp"":1602366,""type"":""ITEM_PURCHASED""'"
4035,"b'},{""level"":15,""participantId"":7,""timestamp"":1602366,""type"":""LEVEL_UP""},{""levelUpType"":""NORMAL"",""participantId"":7,""skillSlot"":2,""'"
4036,"b'timestamp"":1604398,""type"":""SKILL_LEVEL_UP""},{""bounty"":300,""killStreakLength"":5,""killerId"":8,""position"":{""x"":2010,""y"":11562},""shu'"
4037,"b'tdownBounty"":0,""timestamp"":1605934,""type"":""CHAMPION_KILL"",""victimDamageDealt"":[{""basic"":true,""magicDamage"":0,""name"":""Garen"",""par'"
4038,"b'ticipantId"":8,""physicalDamage"":218,""spellName"":""garencritattack"",""spellSlot"":73,""trueDamage"":0,""type"":""OTHER""},{""basic"":true,""ma'"
4039,"b'gicDamage"":0,""name"":""Garen"",""participantId"":8,""physicalDamage"":124,""spellName"":""garenbasicattack"",""spellSlot"":64,""trueDamage"":0,'"
4040,"b'""type"":""OTHER""},{""basic"":false,""magicDamage"":125,""name"":""Garen"",""participantId"":8,""physicalDamage"":0,""spellName"":"""",""spellSlot"":'"
4041,"b'-1,""trueDamage"":0,""type"":""OTHER""},{""basic"":true,""magicDamage"":0,""name"":""Garen"",""participantId"":8,""physicalDamage"":124,""spellName'"
4042,"b'"":""garenbasicattack2"",""spellSlot"":65,""trueDamage"":0,""type"":""OTHER""},{""basic"":false,""magicDamage"":0,""name"":""Garen"",""participantId'"
4043,"b'"":8,""physicalDamage"":493,""spellName"":""garenq"",""spellSlot"":0,""trueDamage"":0,""type"":""OTHER""},{""basic"":false,""magicDamage"":0,""name""'"
4044,"b':""Garen"",""participantId"":8,""physicalDamage"":0,""spellName"":""summonerdot"",""spellSlot"":4,""trueDamage"":74,""type"":""OTHER""}],""victimDa'"
4045,"b'mageReceived"":[{""basic"":true,""magicDamage"":0,""name"":""SRU_ChaosMinionSiege"",""participantId"":0,""physicalDamage"":100,""spellName"":""s'"
4046,"b'ru_chaosminionrangedbasicattack"",""spellSlot"":64,""trueDamage"":0,""type"":""MINION""},{""basic"":true,""magicDamage"":0,""name"":""SRU_ChaosM'"
4047,"b'inionSiege"",""participantId"":0,""physicalDamage"":91,""spellName"":""sru_chaosminionmeleebasicattack"",""spellSlot"":64,""trueDamage"":0,""t'"
4048,"b'ype"":""MINION""},{""basic"":true,""magicDamage"":0,""name"":""SRU_ChaosMinionSiege"",""participantId"":0,""physicalDamage"":68,""spellName"":""sr'"
4049,"b'u_chaosminionsiegebasicattack"",""spellSlot"":64,""trueDamage"":0,""type"":""MINION""},{""basic"":true,""magicDamage"":0,""name"":""SRU_ChaosMin'"
4050,"b'ionSiege"",""participantId"":0,""physicalDamage"":59,""spellName"":""sru_chaosminionrangedbasicattack2"",""spellSlot"":65,""trueDamage"":0,""t'"
4051,"b'ype"":""MINION""},{""basic"":false,""magicDamage"":1427,""name"":""Sylas"",""participantId"":8,""physicalDamage"":0,""spellName"":""sylasq"",""spell'"
4052,"b'Slot"":0,""trueDamage"":162,""type"":""OTHER""},{""basic"":false,""magicDamage"":0,""name"":""Sylas"",""participantId"":8,""physicalDamage"":0,""spe'"
4053,"b'llName"":""elixirofsorcery"",""spellSlot"":14,""trueDamage"":25,""type"":""OTHER""},{""basic"":false,""magicDamage"":0,""name"":""Sylas"",""particip'"
4054,"b'antId"":8,""physicalDamage"":0,""spellName"":""6656cast"",""spellSlot"":6,""trueDamage"":0,""type"":""OTHER""},{""basic"":false,""magicDamage"":357'"
4055,"b',""name"":""Sylas"",""participantId"":8,""physicalDamage"":0,""spellName"":"""",""spellSlot"":-1,""trueDamage"":0,""type"":""OTHER""},{""basic"":false'"
4056,"b',""magicDamage"":670,""name"":""Sylas"",""participantId"":8,""physicalDamage"":0,""spellName"":""sylasw"",""spellSlot"":1,""trueDamage"":0,""type"":'"
4057,"b'""OTHER""},{""basic"":false,""magicDamage"":695,""name"":""Sylas"",""participantId"":8,""physicalDamage"":0,""spellName"":""sylaspassive"",""spellS'"
4058,"b'lot"":63,""trueDamage"":0,""type"":""OTHER""},{""basic"":false,""magicDamage"":210,""name"":""Sylas"",""participantId"":8,""physicalDamage"":0,""spe'"
4059,"b'llName"":""sylase2"",""spellSlot"":2,""trueDamage"":0,""type"":""OTHER""},{""basic"":false,""magicDamage"":564,""name"":""Sylas"",""participantId"":8'"
4060,"b',""physicalDamage"":0,""spellName"":""neekor"",""spellSlot"":3,""trueDamage"":0,""type"":""OTHER""}],""victimId"":1},{""killType"":""KILL_MULTI"",""k'"
4061,"b'illerId"":8,""multiKillLength"":2,""position"":{""x"":2193,""y"":11663},""timestamp"":1605934,""type"":""CHAMPION_SPECIAL_KILL""},{""assistingPa'"
4062,"b'rticipantIds"":[7,9,10],""bounty"":300,""killStreakLength"":6,""killerId"":8,""position"":{""x"":1917,""y"":9415},""shutdownBounty"":0,""timesta'"
4063,"b'mp"":1616968,""type"":""CHAMPION_KILL"",""victimDamageDealt"":[{""basic"":false,""magicDamage"":238,""name"":""Kaisa"",""participantId"":8,""physi'"
4064,"b'calDamage"":0,""spellName"":""kaisapassive"",""spellSlot"":63,""trueDamage"":0,""type"":""OTHER""},{""basic"":true,""magicDamage"":0,""name"":""Kais'"
4065,"b'a"",""participantId"":8,""physicalDamage"":216,""spellName"":""kaisaecritattack3"",""spellSlot"":76,""trueDamage"":0,""type"":""OTHER""},{""basic""'"
4066,"b':true,""magicDamage"":0,""name"":""Kaisa"",""participantId"":8,""physicalDamage"":202,""spellName"":""kaisaecritattack"",""spellSlot"":74,""trueD'"
4067,"b'amage"":0,""type"":""OTHER""},{""basic"":false,""magicDamage"":0,""name"":""Kaisa"",""participantId"":8,""physicalDamage"":280,""spellName"":""kaisa'"
4068,"b'q"",""spellSlot"":0,""trueDamage"":0,""type"":""OTHER""},{""basic"":true,""magicDamage"":0,""name"":""Kaisa"",""participantId"":8,""physicalDamage"":'"
4069,"b'123,""spellName"":""kaisaeattack4"",""spellSlot"":70,""trueDamage"":0,""type"":""OTHER""},{""basic"":false,""magicDamage"":0,""name"":""Kaisa"",""par'"
4070,"b'ticipantId"":8,""physicalDamage"":276,""spellName"":"""",""spellSlot"":-1,""trueDamage"":0,""type"":""OTHER""},{""basic"":true,""magicDamage"":0,""n'"
4071,"b'ame"":""Kaisa"",""participantId"":8,""physicalDamage"":216,""spellName"":""kaisacritattack2"",""spellSlot"":79,""trueDamage"":0,""type"":""OTHER""}'"
4072,"b',{""basic"":false,""magicDamage"":0,""name"":""Kaisa"",""participantId"":10,""physicalDamage"":0,""spellName"":""kaisapassive"",""spellSlot"":63,""'"
4073,"b'trueDamage"":0,""type"":""OTHER""},{""basic"":true,""magicDamage"":0,""name"":""Kaisa"",""participantId"":10,""physicalDamage"":0,""spellName"":""ka'"
4074,"b'isaecritattack2"",""spellSlot"":75,""trueDamage"":0,""type"":""OTHER""},{""basic"":true,""magicDamage"":0,""name"":""Kaisa"",""participantId"":10,""'"
4075,"b'physicalDamage"":72,""spellName"":""kaisabasicattack"",""spellSlot"":64,""trueDamage"":0,""type"":""OTHER""},{""basic"":false,""magicDamage"":0,""'"
4076,"b'name"":""Kaisa"",""participantId"":10,""physicalDamage"":239,""spellName"":""kaisaq"",""spellSlot"":0,""trueDamage"":0,""type"":""OTHER""}],""victim'"
4077,"b'DamageReceived"":[{""basic"":false,""magicDamage"":0,""name"":""Rakan"",""participantId"":10,""physicalDamage"":0,""spellName"":""rakanr"",""spell'"
4078,"b'Slot"":3,""trueDamage"":0,""type"":""OTHER""},{""basic"":true,""magicDamage"":0,""name"":""Rakan"",""participantId"":10,""physicalDamage"":0,""spell'"
4079,"b'Name"":""rakanbasicattackshort"",""spellSlot"":49,""trueDamage"":0,""type"":""OTHER""},{""basic"":false,""magicDamage"":81,""name"":""Rakan"",""part'"
4080,"b'icipantId"":10,""physicalDamage"":0,""spellName"":""rakanq"",""spellSlot"":0,""trueDamage"":0,""type"":""OTHER""},{""basic"":false,""magicDamage"":'"
4081,"b'0,""name"":""Sylas"",""participantId"":8,""physicalDamage"":0,""spellName"":""elixirofsorcery"",""spellSlot"":14,""trueDamage"":0,""type"":""OTHER""'"
4082,"b'},{""basic"":false,""magicDamage"":274,""name"":""Sylas"",""participantId"":8,""physicalDamage"":0,""spellName"":""6656cast"",""spellSlot"":6,""tru'"
4083,"b'eDamage"":0,""type"":""OTHER""},{""basic"":false,""magicDamage"":312,""name"":""Sylas"",""participantId"":8,""physicalDamage"":0,""spellName"":"""",""'"
4084,"b'spellSlot"":-1,""trueDamage"":0,""type"":""OTHER""},{""basic"":false,""magicDamage"":635,""name"":""Sylas"",""participantId"":8,""physicalDamage"":'"
4085,"b'0,""spellName"":""sylaspassive"",""spellSlot"":63,""trueDamage"":109,""type"":""OTHER""},{""basic"":false,""magicDamage"":0,""name"":""Sylas"",""part'"
4086,"b'icipantId"":8,""physicalDamage"":0,""spellName"":""burning"",""spellSlot"":-1,""trueDamage"":18,""type"":""OTHER""},{""basic"":false,""magicDamage'"
4087,"b'"":0,""name"":""Nocturne"",""participantId"":7,""physicalDamage"":220,""spellName"":""nocturneduskbringer"",""spellSlot"":0,""trueDamage"":0,""typ'"
4088,"b'e"":""OTHER""},{""basic"":false,""magicDamage"":110,""name"":""Zeri"",""participantId"":9,""physicalDamage"":0,""spellName"":"""",""spellSlot"":-1,""t'"
4089,"b'rueDamage"":0,""type"":""OTHER""},{""basic"":false,""magicDamage"":0,""name"":""Zeri"",""participantId"":9,""physicalDamage"":62,""spellName"":""zer'"
4090,"b'iq"",""spellSlot"":0,""trueDamage"":0,""type"":""OTHER""}],""victimId"":4},{""level"":18,""participantId"":8,""timestamp"":1616968,""type"":""LEVEL_'"
4091,"b'UP""},{""levelUpType"":""NORMAL"",""participantId"":8,""skillSlot"":3,""timestamp"":1618233,""type"":""SKILL_LEVEL_UP""}],""participantFrames"":{'"
4092,"b'""1"":{""championStats"":{""abilityHaste"":0,""abilityPower"":0,""armor"":138,""armorPen"":0,""armorPenPercent"":0,""attackDamage"":317,""attackS'"
4093,"b'peed"":242,""bonusArmorPenPercent"":0,""bonusMagicPenPercent"":0,""ccReduction"":0,""cooldownReduction"":0,""health"":0,""healthMax"":3242,""h'"
4094,"b'ealthRegen"":633,""lifesteal"":0,""magicPen"":0,""magicPenPercent"":0,""magicResist"":87,""movementSpeed"":433,""omnivamp"":0,""physicalVamp"":'"
4095,"b'0,""power"":0,""powerMax"":0,""powerRegen"":0,""spellVamp"":0},""currentGold"":1036,""damageStats"":{""magicDamageDone"":603,""magicDamageDoneT'"
4096,"b'oChampions"":603,""magicDamageTaken"":7509,""physicalDamageDone"":173866,""physicalDamageDoneToChampions"":14602,""physicalDamageTaken"":'"
4097,"b'17387,""totalDamageDone"":189721,""totalDamageDoneToChampions"":17847,""totalDamageTaken"":27486,""trueDamageDone"":15250,""trueDamageDon'"
4098,"b'eToChampions"":2640,""trueDamageTaken"":2589},""goldPerSecond"":0,""jungleMinionsKilled"":19,""level"":16,""minionsKilled"":229,""participan'"
4099,"b'tId"":1,""position"":{""x"":2010,""y"":11562},""timeEnemySpentControlled"":207054,""totalGold"":12805,""xp"":15872},""2"":{""championStats"":{""ab'"
4100,"b'ilityHaste"":0,""abilityPower"":0,""armor"":82,""armorPen"":0,""armorPenPercent"":0,""attackDamage"":318,""attackSpeed"":163,""bonusArmorPenPe'"
4101,"b'rcent"":0,""bonusMagicPenPercent"":0,""ccReduction"":0,""cooldownReduction"":0,""health"":1530,""healthMax"":2924,""healthRegen"":34,""lifeste'"
4102,"b'al"":10,""magicPen"":0,""magicPenPercent"":0,""magicResist"":59,""movementSpeed"":354,""omnivamp"":8,""physicalVamp"":0,""power"":571,""powerMax'"
4103,"b'"":857,""powerRegen"":28,""spellVamp"":0},""currentGold"":370,""damageStats"":{""magicDamageDone"":2117,""magicDamageDoneToChampions"":2117,""'"
4104,"b'magicDamageTaken"":12938,""physicalDamageDone"":127618,""physicalDamageDoneToChampions"":19322,""physicalDamageTaken"":22579,""totalDama'"
4105,"b'geDone"":162611,""totalDamageDoneToChampions"":22611,""totalDamageTaken"":36554,""trueDamageDone"":32875,""trueDamageDoneToChampions"":11'"
4106,"b'71,""trueDamageTaken"":1036},""goldPerSecond"":0,""jungleMinionsKilled"":108,""level"":15,""minionsKilled"":59,""participantId"":2,""position'"
4107,"b'"":{""x"":749,""y"":6974},""timeEnemySpentControlled"":319015,""totalGold"":11700,""xp"":13087},""3"":{""championStats"":{""abilityHaste"":0,""abi'"
4108,"b'lityPower"":219,""armor"":68,""armorPen"":0,""armorPenPercent"":0,""attackDamage"":72,""attackSpeed"":144,""bonusArmorPenPercent"":0,""bonusMa'"
4109,"b'gicPenPercent"":0,""ccReduction"":0,""cooldownReduction"":0,""health"":1604,""healthMax"":2169,""healthRegen"":29,""lifesteal"":0,""magicPen"":'"
4110,"b'24,""magicPenPercent"":0,""magicResist"":42,""movementSpeed"":452,""omnivamp"":0,""physicalVamp"":0,""power"":835,""powerMax"":1115,""powerRege'"
4111,"b'n"":27,""spellVamp"":0},""currentGold"":194,""damageStats"":{""magicDamageDone"":98385,""magicDamageDoneToChampions"":22559,""magicDamageTak'"
4112,"b'en"":14498,""physicalDamageDone"":10265,""physicalDamageDoneToChampions"":3394,""physicalDamageTaken"":9956,""totalDamageDone"":121368,""t'"
4113,"b'otalDamageDoneToChampions"":25953,""totalDamageTaken"":24976,""trueDamageDone"":12717,""trueDamageDoneToChampions"":0,""trueDamageTaken""'"
4114,"b':522},""goldPerSecond"":0,""jungleMinionsKilled"":0,""level"":12,""minionsKilled"":158,""participantId"":3,""position"":{""x"":1097,""y"":6664},'"
4115,"b'""timeEnemySpentControlled"":213639,""totalGold"":8119,""xp"":9524},""4"":{""championStats"":{""abilityHaste"":0,""abilityPower"":0,""armor"":79'"
4116,"b',""armorPen"":0,""armorPenPercent"":0,""attackDamage"":245,""attackSpeed"":229,""bonusArmorPenPercent"":0,""bonusMagicPenPercent"":0,""ccRedu'"
4117,"b'ction"":0,""cooldownReduction"":0,""health"":0,""healthMax"":1921,""healthRegen"":19,""lifesteal"":5,""magicPen"":0,""magicPenPercent"":0,""magi'"
4118,"b'cResist"":44,""movementSpeed"":416,""omnivamp"":2,""physicalVamp"":0,""power"":483,""powerMax"":903,""powerRegen"":31,""spellVamp"":0},""current'"
4119,"b'Gold"":1603,""damageStats"":{""magicDamageDone"":11518,""magicDamageDoneToChampions"":5259,""magicDamageTaken"":7326,""physicalDamageDone""'"
4120,"b':129541,""physicalDamageDoneToChampions"":15029,""physicalDamageTaken"":12065,""totalDamageDone"":141060,""totalDamageDoneToChampions"":'"
4121,"b'20289,""totalDamageTaken"":20864,""trueDamageDone"":0,""trueDamageDoneToChampions"":0,""trueDamageTaken"":1473},""goldPerSecond"":0,""jungl'"
4122,"b'eMinionsKilled"":0,""level"":13,""minionsKilled"":205,""participantId"":4,""position"":{""x"":1917,""y"":9415},""timeEnemySpentControlled"":0,""'"
4123,"b'totalGold"":12732,""xp"":11117},""5"":{""championStats"":{""abilityHaste"":0,""abilityPower"":20,""armor"":167,""armorPen"":0,""armorPenPercent""'"
4124,"b':0,""attackDamage"":84,""attackSpeed"":114,""bonusArmorPenPercent"":0,""bonusMagicPenPercent"":0,""ccReduction"":47,""cooldownReduction"":0,'"
4125,"b'""health"":0,""healthMax"":2433,""healthRegen"":63,""lifesteal"":0,""magicPen"":0,""magicPenPercent"":0,""magicResist"":119,""movementSpeed"":37'"
4126,"b'5,""omnivamp"":0,""physicalVamp"":0,""power"":472,""powerMax"":793,""powerRegen"":18,""spellVamp"":0},""currentGold"":684,""damageStats"":{""magi'"
4127,"b'cDamageDone"":6902,""magicDamageDoneToChampions"":4232,""magicDamageTaken"":11999,""physicalDamageDone"":4974,""physicalDamageDoneToCham'"
4128,"b'pions"":1830,""physicalDamageTaken"":7863,""totalDamageDone"":24791,""totalDamageDoneToChampions"":7098,""totalDamageTaken"":20425,""trueD'"
4129,"b'amageDone"":12914,""trueDamageDoneToChampions"":1035,""trueDamageTaken"":562},""goldPerSecond"":30,""jungleMinionsKilled"":0,""level"":12,""'"
4130,"b'minionsKilled"":31,""participantId"":5,""position"":{""x"":3449,""y"":10251},""timeEnemySpentControlled"":193694,""totalGold"":7044,""xp"":8923'"
4131,"b'},""6"":{""championStats"":{""abilityHaste"":0,""abilityPower"":0,""armor"":147,""armorPen"":0,""armorPenPercent"":0,""attackDamage"":286,""attac'"
4132,"b'kSpeed"":158,""bonusArmorPenPercent"":0,""bonusMagicPenPercent"":0,""ccReduction"":24,""cooldownReduction"":0,""health"":3007,""healthMax"":3'"
4133,"b'007,""healthRegen"":31,""lifesteal"":0,""magicPen"":0,""magicPenPercent"":0,""magicResist"":61,""movementSpeed"":385,""omnivamp"":10,""physical'"
4134,"b'Vamp"":0,""power"":0,""powerMax"":0,""powerRegen"":0,""spellVamp"":0},""currentGold"":219,""damageStats"":{""magicDamageDone"":0,""magicDamageDo'"
4135,"b'neToChampions"":0,""magicDamageTaken"":3282,""physicalDamageDone"":159083,""physicalDamageDoneToChampions"":17047,""physicalDamageTaken""'"
4136,"b':17709,""totalDamageDone"":164359,""totalDamageDoneToChampions"":18047,""totalDamageTaken"":23485,""trueDamageDone"":5276,""trueDamageDon'"
4137,"b'eToChampions"":1000,""trueDamageTaken"":2492},""goldPerSecond"":0,""jungleMinionsKilled"":16,""level"":16,""minionsKilled"":222,""participan'"
4138,"b'tId"":6,""position"":{""x"":6420,""y"":6542},""timeEnemySpentControlled"":140333,""totalGold"":11444,""xp"":16310},""7"":{""championStats"":{""abi'"
4139,"b'lityHaste"":0,""abilityPower"":0,""armor"":149,""armorPen"":0,""armorPenPercent"":0,""attackDamage"":274,""attackSpeed"":228,""bonusArmorPenPe'"
4140,"b'rcent"":0,""bonusMagicPenPercent"":0,""ccReduction"":24,""cooldownReduction"":0,""health"":1882,""healthMax"":2800,""healthRegen"":33,""lifest'"
4141,"b'eal"":0,""magicPen"":0,""magicPenPercent"":0,""magicResist"":52,""movementSpeed"":429,""omnivamp"":0,""physicalVamp"":0,""power"":332,""powerMax'"
4142,"b'"":739,""powerRegen"":25,""spellVamp"":0},""currentGold"":671,""damageStats"":{""magicDamageDone"":5115,""magicDamageDoneToChampions"":1702,""'"
4143,"b'magicDamageTaken"":7166,""physicalDamageDone"":158204,""physicalDamageDoneToChampions"":17625,""physicalDamageTaken"":28675,""totalDamag'"
4144,"b'eDone"":197752,""totalDamageDoneToChampions"":20521,""totalDamageTaken"":36504,""trueDamageDone"":34432,""trueDamageDoneToChampions"":119'"
4145,"b'3,""trueDamageTaken"":663},""goldPerSecond"":0,""jungleMinionsKilled"":118,""level"":15,""minionsKilled"":27,""participantId"":7,""position"":'"
4146,"b'{""x"":882,""y"":7380},""timeEnemySpentControlled"":684042,""totalGold"":12286,""xp"":13308},""8"":{""championStats"":{""abilityHaste"":0,""abili'"
4147,"b'tyPower"":851,""armor"":160,""armorPen"":0,""armorPenPercent"":0,""attackDamage"":112,""attackSpeed"":292,""bonusArmorPenPercent"":0,""bonusMa'"
4148,"b'gicPenPercent"":0,""ccReduction"":6,""cooldownReduction"":0,""health"":2439,""healthMax"":3567,""healthRegen"":96,""lifesteal"":0,""magicPen"":'"
4149,"b'18,""magicPenPercent"":0,""magicResist"":83,""movementSpeed"":526,""omnivamp"":0,""physicalVamp"":0,""power"":1173,""powerMax"":2100,""powerReg'"
4150,"b'en"":73,""spellVamp"":0},""currentGold"":2124,""damageStats"":{""magicDamageDone"":220760,""magicDamageDoneToChampions"":36646,""magicDamage'"
4151,"b'Taken"":16108,""physicalDamageDone"":4000,""physicalDamageDoneToChampions"":490,""physicalDamageTaken"":19627,""totalDamageDone"":231830,'"
4152,"b'""totalDamageDoneToChampions"":39852,""totalDamageTaken"":36625,""trueDamageDone"":7069,""trueDamageDoneToChampions"":2715,""trueDamageTa'"
4153,"b'ken"":889},""goldPerSecond"":0,""jungleMinionsKilled"":17,""level"":18,""minionsKilled"":257,""participantId"":8,""position"":{""x"":1617,""y"":9'"
4154,"b'110},""timeEnemySpentControlled"":498203,""totalGold"":18303,""xp"":18428},""9"":{""championStats"":{""abilityHaste"":0,""abilityPower"":0,""ar'"
4155,"b'mor"":80,""armorPen"":0,""armorPenPercent"":0,""attackDamage"":278,""attackSpeed"":247,""bonusArmorPenPercent"":0,""bonusMagicPenPercent"":0,'"
4156,"b'""ccReduction"":6,""cooldownReduction"":0,""health"":1959,""healthMax"":1959,""healthRegen"":23,""lifesteal"":18,""magicPen"":0,""magicPenPerce'"
4157,"b'nt"":0,""magicResist"":45,""movementSpeed"":398,""omnivamp"":0,""physicalVamp"":0,""power"":704,""powerMax"":794,""powerRegen"":160,""spellVamp""'"
4158,"b':0},""currentGold"":451,""damageStats"":{""magicDamageDone"":60813,""magicDamageDoneToChampions"":7728,""magicDamageTaken"":4973,""physical'"
4159,"b'DamageDone"":97356,""physicalDamageDoneToChampions"":11712,""physicalDamageTaken"":11669,""totalDamageDone"":175362,""totalDamageDoneToC'"
4160,"b'hampions"":19505,""totalDamageTaken"":17117,""trueDamageDone"":17191,""trueDamageDoneToChampions"":64,""trueDamageTaken"":475},""goldPerSe'"
4161,"b'cond"":0,""jungleMinionsKilled"":25,""level"":14,""minionsKilled"":184,""participantId"":9,""position"":{""x"":1592,""y"":7944},""timeEnemySpent'"
4162,"b'Controlled"":42443,""totalGold"":13781,""xp"":12629},""10"":{""championStats"":{""abilityHaste"":0,""abilityPower"":68,""armor"":107,""armorPen""'"
4163,"b':0,""armorPenPercent"":0,""attackDamage"":100,""attackSpeed"":140,""bonusArmorPenPercent"":0,""bonusMagicPenPercent"":0,""ccReduction"":50,""'"
4164,"b'cooldownReduction"":0,""health"":3410,""healthMax"":3590,""healthRegen"":73,""lifesteal"":0,""magicPen"":0,""magicPenPercent"":0,""magicResist'"
4165,"b'"":109,""movementSpeed"":380,""omnivamp"":0,""physicalVamp"":0,""power"":569,""powerMax"":862,""powerRegen"":56,""spellVamp"":0},""currentGold"":'"
4166,"b'142,""damageStats"":{""magicDamageDone"":10119,""magicDamageDoneToChampions"":4797,""magicDamageTaken"":6679,""physicalDamageDone"":5819,""'"
4167,"b'physicalDamageDoneToChampions"":1827,""physicalDamageTaken"":9512,""totalDamageDone"":23715,""totalDamageDoneToChampions"":7835,""totalD'"
4168,"b'amageTaken"":16525,""trueDamageDone"":7776,""trueDamageDoneToChampions"":1210,""trueDamageTaken"":333},""goldPerSecond"":30,""jungleMinion'"
4169,"b'sKilled"":0,""level"":13,""minionsKilled"":47,""participantId"":10,""position"":{""x"":1212,""y"":8299},""timeEnemySpentControlled"":68636,""tot'"
4170,"b'alGold"":8046,""xp"":10866}},""timestamp"":1620473},{""events"":[{""assistingParticipantIds"":[6,10],""bounty"":112,""killStreakLength"":1,""k'"
4171,"b'illerId"":9,""position"":{""x"":1021,""y"":1850},""shutdownBounty"":0,""timestamp"":1638822,""type"":""CHAMPION_KILL"",""victimDamageDealt"":[{""b'"
4172,"b'asic"":false,""magicDamage"":88,""name"":""Neeko"",""participantId"":6,""physicalDamage"":0,""spellName"":""neekor"",""spellSlot"":3,""trueDamage""'"
4173,"b':0,""type"":""OTHER""},{""basic"":false,""magicDamage"":26,""name"":""Neeko"",""participantId"":6,""physicalDamage"":0,""spellName"":"""",""spellSlot'"
4174,"b'"":-1,""trueDamage"":0,""type"":""OTHER""},{""basic"":false,""magicDamage"":0,""name"":""Neeko"",""participantId"":6,""physicalDamage"":0,""spellNam'"
4175,"b'e"":"""",""spellSlot"":-1,""trueDamage"":21,""type"":""OTHER""},{""basic"":false,""magicDamage"":122,""name"":""Neeko"",""participantId"":7,""physical'"
4176,"b'Damage"":0,""spellName"":""3152active"",""spellSlot"":7,""trueDamage"":0,""type"":""OTHER""},{""basic"":false,""magicDamage"":435,""name"":""Neeko"",'"
4177,"b'""participantId"":7,""physicalDamage"":0,""spellName"":""neekoq"",""spellSlot"":0,""trueDamage"":0,""type"":""OTHER""},{""basic"":false,""magicDama'"
4178,"b'ge"":0,""name"":""Neeko"",""participantId"":7,""physicalDamage"":0,""spellName"":"""",""spellSlot"":-1,""trueDamage"":0,""type"":""OTHER""}],""victimD'"
4179,"b'amageReceived"":[{""basic"":false,""magicDamage"":112,""name"":""Zeri"",""participantId"":9,""physicalDamage"":0,""spellName"":"""",""spellSlot"":-'"
4180,"b'1,""trueDamage"":0,""type"":""OTHER""},{""basic"":false,""magicDamage"":313,""name"":""Zeri"",""participantId"":9,""physicalDamage"":0,""spellName""'"
4181,"b':""zerir"",""spellSlot"":3,""trueDamage"":0,""type"":""OTHER""},{""basic"":false,""magicDamage"":0,""name"":""Riven"",""participantId"":6,""physicalD'"
4182,"b'amage"":133,""spellName"":""rivenpassive"",""spellSlot"":63,""trueDamage"":0,""type"":""OTHER""},{""basic"":false,""magicDamage"":0,""name"":""Riven'"
4183,"b'"",""participantId"":6,""physicalDamage"":113,""spellName"":""6630active"",""spellSlot"":7,""trueDamage"":0,""type"":""OTHER""},{""basic"":false,""m'"
4184,"b'agicDamage"":0,""name"":""Riven"",""participantId"":6,""physicalDamage"":478,""spellName"":""rivenizunablade"",""spellSlot"":3,""trueDamage"":0,""'"
4185,"b'type"":""OTHER""},{""basic"":false,""magicDamage"":0,""name"":""Riven"",""participantId"":6,""physicalDamage"":186,""spellName"":""riventricleave""'"
4186,"b',""spellSlot"":0,""trueDamage"":0,""type"":""OTHER""},{""basic"":false,""magicDamage"":0,""name"":""Riven"",""participantId"":6,""physicalDamage"":2'"
4187,"b'23,""spellName"":""rivenmartyr"",""spellSlot"":1,""trueDamage"":0,""type"":""OTHER""},{""basic"":true,""magicDamage"":0,""name"":""Riven"",""particip'"
4188,"b'antId"":6,""physicalDamage"":233,""spellName"":""rivenbasicattack3"",""spellSlot"":66,""trueDamage"":0,""type"":""OTHER""},{""basic"":false,""magi'"
4189,"b'cDamage"":0,""name"":""Riven"",""participantId"":6,""physicalDamage"":0,""spellName"":""summonerdot"",""spellSlot"":5,""trueDamage"":74,""type"":""O'"
4190,"b'THER""}],""victimId"":3},{""itemId"":1036,""participantId"":2,""timestamp"":1640587,""type"":""ITEM_PURCHASED""},{""creatorId"":10,""timestamp"":'"
4191,"b'1641090,""type"":""WARD_PLACED"",""wardType"":""SIGHT_WARD""},{""itemId"":2055,""participantId"":10,""timestamp"":1641191,""type"":""ITEM_DESTROY'"
4192,"b'ED""},{""creatorId"":10,""timestamp"":1641191,""type"":""WARD_PLACED"",""wardType"":""CONTROL_WARD""},{""assistingParticipantIds"":[8,10],""boun'"
4193,"b'ty"":0,""buildingType"":""TOWER_BUILDING"",""killerId"":9,""laneType"":""MID_LANE"",""position"":{""x"":1748,""y"":2270},""teamId"":100,""timestamp""'"
4194,"b':1641926,""towerType"":""NEXUS_TURRET"",""type"":""BUILDING_KILL""},{""creatorId"":10,""timestamp"":1642159,""type"":""WARD_PLACED"",""wardType"":'"
4195,"b'""SIGHT_WARD""},{""creatorId"":10,""timestamp"":1642863,""type"":""WARD_PLACED"",""wardType"":""SIGHT_WARD""},{""itemId"":2055,""participantId"":5'"
4196,"b',""timestamp"":1643528,""type"":""ITEM_PURCHASED""},{""level"":17,""participantId"":6,""timestamp"":1643528,""type"":""LEVEL_UP""},{""creatorId"":'"
4197,"b'10,""timestamp"":1643627,""type"":""WARD_PLACED"",""wardType"":""SIGHT_WARD""},{""itemId"":2055,""participantId"":5,""timestamp"":1643660,""type""'"
4198,"b':""ITEM_PURCHASED""},{""itemId"":1036,""participantId"":1,""timestamp"":1644461,""type"":""ITEM_DESTROYED""},{""itemId"":3133,""participantId"":'"
4199,"b'1,""timestamp"":1644461,""type"":""ITEM_PURCHASED""},{""levelUpType"":""NORMAL"",""participantId"":6,""skillSlot"":2,""timestamp"":1644696,""type'"
4200,"b'"":""SKILL_LEVEL_UP""},{""assistingParticipantIds"":[6,8,9,10],""bounty"":0,""buildingType"":""TOWER_BUILDING"",""killerId"":7,""laneType"":""MI'"
4201,"b'D_LANE"",""position"":{""x"":2177,""y"":1807},""teamId"":100,""timestamp"":1645663,""towerType"":""NEXUS_TURRET"",""type"":""BUILDING_KILL""},{""ass'"
4202,"b'istingParticipantIds"":[6,7,9,10],""bounty"":300,""killStreakLength"":7,""killerId"":8,""position"":{""x"":1124,""y"":487},""shutdownBounty"":0'"
4203,"b',""timestamp"":1649865,""type"":""CHAMPION_KILL"",""victimDamageDealt"":[{""basic"":false,""magicDamage"":33,""name"":""Rell"",""participantId"":6'"
4204,"b',""physicalDamage"":0,""spellName"":""rellq"",""spellSlot"":0,""trueDamage"":0,""type"":""OTHER""},{""basic"":false,""magicDamage"":79,""name"":""Rel'"
4205,"b'l"",""participantId"":6,""physicalDamage"":0,""spellName"":""relle"",""spellSlot"":2,""trueDamage"":0,""type"":""OTHER""},{""basic"":false,""magicDa'"
4206,"b'mage"":13,""name"":""Rell"",""participantId"":6,""physicalDamage"":0,""spellName"":""rellr"",""spellSlot"":3,""trueDamage"":0,""type"":""OTHER""},{""b'"
4207,"b'asic"":false,""magicDamage"":0,""name"":""Rell"",""participantId"":6,""physicalDamage"":0,""spellName"":"""",""spellSlot"":-1,""trueDamage"":17,""ty'"
4208,"b'pe"":""OTHER""},{""basic"":false,""magicDamage"":7,""name"":""Rell"",""participantId"":8,""physicalDamage"":0,""spellName"":"""",""spellSlot"":-1,""tr'"
4209,"b'ueDamage"":0,""type"":""OTHER""},{""basic"":false,""magicDamage"":0,""name"":""Rell"",""participantId"":8,""physicalDamage"":0,""spellName"":""relle'"
4210,"b'"",""spellSlot"":2,""trueDamage"":0,""type"":""OTHER""},{""basic"":false,""magicDamage"":43,""name"":""Rell"",""participantId"":8,""physicalDamage"":'"
4211,"b'0,""spellName"":""rellq"",""spellSlot"":0,""trueDamage"":0,""type"":""OTHER""},{""basic"":false,""magicDamage"":17,""name"":""Rell"",""participantId""'"
4212,"b':8,""physicalDamage"":0,""spellName"":""rellr"",""spellSlot"":3,""trueDamage"":0,""type"":""OTHER""},{""basic"":false,""magicDamage"":8,""name"":""Re'"
4213,"b'll"",""participantId"":9,""physicalDamage"":0,""spellName"":"""",""spellSlot"":-1,""trueDamage"":0,""type"":""OTHER""}],""victimDamageReceived"":[{'"
4214,"b'""basic"":false,""magicDamage"":0,""name"":""Sylas"",""participantId"":8,""physicalDamage"":0,""spellName"":""elixirofsorcery"",""spellSlot"":14,""'"
4215,"b'trueDamage"":25,""type"":""OTHER""},{""basic"":false,""magicDamage"":138,""name"":""Sylas"",""participantId"":8,""physicalDamage"":0,""spellName"":'"
4216,"b'""6656cast"",""spellSlot"":6,""trueDamage"":0,""type"":""OTHER""},{""basic"":false,""magicDamage"":121,""name"":""Sylas"",""participantId"":8,""physi'"
4217,"b'calDamage"":0,""spellName"":"""",""spellSlot"":-1,""trueDamage"":0,""type"":""OTHER""},{""basic"":false,""magicDamage"":483,""name"":""Sylas"",""parti'"
4218,"b'cipantId"":8,""physicalDamage"":0,""spellName"":""sylasw"",""spellSlot"":1,""trueDamage"":0,""type"":""OTHER""},{""basic"":false,""magicDamage"":0,'"
4219,"b'""name"":""Sylas"",""participantId"":8,""physicalDamage"":0,""spellName"":""burning"",""spellSlot"":-1,""trueDamage"":18,""type"":""OTHER""},{""basic'"
4220,"b'"":false,""magicDamage"":177,""name"":""Sylas"",""participantId"":8,""physicalDamage"":0,""spellName"":""sylaspassive"",""spellSlot"":63,""trueDam'"
4221,"b'age"":0,""type"":""OTHER""},{""basic"":false,""magicDamage"":145,""name"":""Sylas"",""participantId"":8,""physicalDamage"":0,""spellName"":""rellr"",'"
4222,"b'""spellSlot"":3,""trueDamage"":0,""type"":""OTHER""},{""basic"":false,""magicDamage"":507,""name"":""Sylas"",""participantId"":8,""physicalDamage"":'"
4223,"b'0,""spellName"":""sylase2"",""spellSlot"":2,""trueDamage"":0,""type"":""OTHER""},{""basic"":false,""magicDamage"":199,""name"":""Sylas"",""participan'"
4224,"b'tId"":8,""physicalDamage"":0,""spellName"":""sylasq"",""spellSlot"":0,""trueDamage"":0,""type"":""OTHER""},{""basic"":false,""magicDamage"":0,""name'"
4225,"b'"":""Riven"",""participantId"":6,""physicalDamage"":143,""spellName"":""rivenmartyr"",""spellSlot"":1,""trueDamage"":0,""type"":""OTHER""},{""basic""'"
4226,"b':false,""magicDamage"":66,""name"":""Zeri"",""participantId"":9,""physicalDamage"":0,""spellName"":"""",""spellSlot"":-1,""trueDamage"":0,""type"":""'"
4227,"b'OTHER""},{""basic"":false,""magicDamage"":0,""name"":""Zeri"",""participantId"":9,""physicalDamage"":543,""spellName"":""zeriq"",""spellSlot"":0,""t'"
4228,"b'rueDamage"":0,""type"":""OTHER""},{""basic"":false,""magicDamage"":188,""name"":""Zeri"",""participantId"":9,""physicalDamage"":0,""spellName"":"""",'"
4229,"b'""spellSlot"":63,""trueDamage"":0,""type"":""OTHER""},{""basic"":false,""magicDamage"":0,""name"":""Nocturne"",""participantId"":7,""physicalDamage'"
4230,"b'"":147,""spellName"":""nocturneduskbringer"",""spellSlot"":0,""trueDamage"":0,""type"":""OTHER""},{""basic"":false,""magicDamage"":0,""name"":""Noct'"
4231,"b'urne"",""participantId"":7,""physicalDamage"":63,""spellName"":""6631active"",""spellSlot"":7,""trueDamage"":0,""type"":""OTHER""},{""basic"":false'"
4232,"b',""magicDamage"":48,""name"":""Rakan"",""participantId"":10,""physicalDamage"":0,""spellName"":""rakanq"",""spellSlot"":0,""trueDamage"":0,""type"":'"
4233,"b'""OTHER""}],""victimId"":5},{""level"":15,""participantId"":9,""timestamp"":1649865,""type"":""LEVEL_UP""},{""level"":14,""participantId"":10,""tim'"
4234,"b'estamp"":1649865,""type"":""LEVEL_UP""},{""levelUpType"":""NORMAL"",""participantId"":10,""skillSlot"":1,""timestamp"":1650997,""type"":""SKILL_LE'"
4235,"b'VEL_UP""},{""gameId"":6638152403,""realTimestamp"":1691392189364,""timestamp"":1660097,""type"":""GAME_END"",""winningTeam"":200}],""participa'"
4236,"b'ntFrames"":{""1"":{""championStats"":{""abilityHaste"":0,""abilityPower"":0,""armor"":138,""armorPen"":0,""armorPenPercent"":0,""attackDamage"":3'"
4237,"b'32,""attackSpeed"":242,""bonusArmorPenPercent"":0,""bonusMagicPenPercent"":0,""ccReduction"":0,""cooldownReduction"":0,""health"":3242,""heal'"
4238,"b'thMax"":3242,""healthRegen"":633,""lifesteal"":0,""magicPen"":0,""magicPenPercent"":0,""magicResist"":87,""movementSpeed"":433,""omnivamp"":0,""'"
4239,"b'physicalVamp"":0,""power"":0,""powerMax"":0,""powerRegen"":0,""spellVamp"":0},""currentGold"":367,""damageStats"":{""magicDamageDone"":603,""mag'"
4240,"b'icDamageDoneToChampions"":603,""magicDamageTaken"":7509,""physicalDamageDone"":173866,""physicalDamageDoneToChampions"":14602,""physical'"
4241,"b'DamageTaken"":17387,""totalDamageDone"":189721,""totalDamageDoneToChampions"":17847,""totalDamageTaken"":27486,""trueDamageDone"":15250,""'"
4242,"b'trueDamageDoneToChampions"":2640,""trueDamageTaken"":2589},""goldPerSecond"":0,""jungleMinionsKilled"":19,""level"":16,""minionsKilled"":22'"
4243,"b'9,""participantId"":1,""position"":{""x"":394,""y"":461},""timeEnemySpentControlled"":207054,""totalGold"":12887,""xp"":15872},""2"":{""championS'"
4244,"b'tats"":{""abilityHaste"":0,""abilityPower"":0,""armor"":91,""armorPen"":0,""armorPenPercent"":0,""attackDamage"":299,""attackSpeed"":163,""bonus'"
4245,"b'ArmorPenPercent"":0,""bonusMagicPenPercent"":0,""ccReduction"":0,""cooldownReduction"":0,""health"":2924,""healthMax"":2924,""healthRegen"":3'"
4246,"b'4,""lifesteal"":10,""magicPen"":0,""magicPenPercent"":0,""magicResist"":59,""movementSpeed"":405,""omnivamp"":8,""physicalVamp"":0,""power"":857'"
4247,"b',""powerMax"":857,""powerRegen"":28,""spellVamp"":0},""currentGold"":102,""damageStats"":{""magicDamageDone"":2117,""magicDamageDoneToChampio'"
4248,"b'ns"":2117,""magicDamageTaken"":13855,""physicalDamageDone"":130801,""physicalDamageDoneToChampions"":22226,""physicalDamageTaken"":23761,'"
4249,"b'""totalDamageDone"":166070,""totalDamageDoneToChampions"":25791,""totalDamageTaken"":38772,""trueDamageDone"":33152,""trueDamageDoneToCha'"
4250,"b'mpions"":1448,""trueDamageTaken"":1156},""goldPerSecond"":0,""jungleMinionsKilled"":108,""level"":15,""minionsKilled"":59,""participantId"":2'"
4251,"b',""position"":{""x"":835,""y"":939},""timeEnemySpentControlled"":339442,""totalGold"":11782,""xp"":13087},""3"":{""championStats"":{""abilityHast'"
4252,"b'e"":0,""abilityPower"":219,""armor"":72,""armorPen"":0,""armorPenPercent"":0,""attackDamage"":72,""attackSpeed"":144,""bonusArmorPenPercent"":0'"
4253,"b',""bonusMagicPenPercent"":0,""ccReduction"":0,""cooldownReduction"":0,""health"":0,""healthMax"":2169,""healthRegen"":29,""lifesteal"":0,""magi'"
4254,"b'cPen"":24,""magicPenPercent"":0,""magicResist"":42,""movementSpeed"":385,""omnivamp"":0,""physicalVamp"":0,""power"":580,""powerMax"":1115,""pow'"
4255,"b'erRegen"":27,""spellVamp"":0},""currentGold"":276,""damageStats"":{""magicDamageDone"":99020,""magicDamageDoneToChampions"":23193,""magicDam'"
4256,"b'ageTaken"":14924,""physicalDamageDone"":10265,""physicalDamageDoneToChampions"":3394,""physicalDamageTaken"":11325,""totalDamageDone"":12'"
4257,"b'2050,""totalDamageDoneToChampions"":26635,""totalDamageTaken"":26845,""trueDamageDone"":12764,""trueDamageDoneToChampions"":47,""trueDama'"
4258,"b'geTaken"":596},""goldPerSecond"":0,""jungleMinionsKilled"":0,""level"":12,""minionsKilled"":158,""participantId"":3,""position"":{""x"":1021,""y'"
4259,"b'"":1850},""timeEnemySpentControlled"":218771,""totalGold"":8201,""xp"":9524},""4"":{""championStats"":{""abilityHaste"":0,""abilityPower"":0,""a'"
4260,"b'rmor"":79,""armorPen"":0,""armorPenPercent"":0,""attackDamage"":245,""attackSpeed"":229,""bonusArmorPenPercent"":0,""bonusMagicPenPercent"":0'"
4261,"b',""ccReduction"":0,""cooldownReduction"":0,""health"":0,""healthMax"":1921,""healthRegen"":19,""lifesteal"":5,""magicPen"":0,""magicPenPercent""'"
4262,"b':0,""magicResist"":44,""movementSpeed"":416,""omnivamp"":2,""physicalVamp"":0,""power"":483,""powerMax"":903,""powerRegen"":31,""spellVamp"":0},'"
4263,"b'""currentGold"":1684,""damageStats"":{""magicDamageDone"":11518,""magicDamageDoneToChampions"":5259,""magicDamageTaken"":7326,""physicalDam'"
4264,"b'ageDone"":129541,""physicalDamageDoneToChampions"":15029,""physicalDamageTaken"":12065,""totalDamageDone"":141060,""totalDamageDoneToCha'"
4265,"b'mpions"":20289,""totalDamageTaken"":20864,""trueDamageDone"":0,""trueDamageDoneToChampions"":0,""trueDamageTaken"":1473},""goldPerSecond"":'"
4266,"b'0,""jungleMinionsKilled"":0,""level"":13,""minionsKilled"":205,""participantId"":4,""position"":{""x"":1917,""y"":9415},""timeEnemySpentControl'"
4267,"b'led"":0,""totalGold"":12814,""xp"":11117},""5"":{""championStats"":{""abilityHaste"":0,""abilityPower"":20,""armor"":167,""armorPen"":0,""armorPen'"
4268,"b'Percent"":0,""attackDamage"":84,""attackSpeed"":114,""bonusArmorPenPercent"":0,""bonusMagicPenPercent"":0,""ccReduction"":47,""cooldownReduc'"
4269,"b'tion"":0,""health"":0,""healthMax"":2433,""healthRegen"":63,""lifesteal"":0,""magicPen"":0,""magicPenPercent"":0,""magicResist"":119,""movementS'"
4270,"b'peed"":375,""omnivamp"":0,""physicalVamp"":0,""power"":717,""powerMax"":793,""powerRegen"":18,""spellVamp"":0},""currentGold"":628,""damageStats'"
4271,"b'"":{""magicDamageDone"":7105,""magicDamageDoneToChampions"":4436,""magicDamageTaken"":14077,""physicalDamageDone"":4974,""physicalDamageDo'"
4272,"b'neToChampions"":1830,""physicalDamageTaken"":8760,""totalDamageDone"":25012,""totalDamageDoneToChampions"":7319,""totalDamageTaken"":2344'"
4273,"b'3,""trueDamageDone"":12932,""trueDamageDoneToChampions"":1053,""trueDamageTaken"":606},""goldPerSecond"":30,""jungleMinionsKilled"":0,""lev'"
4274,"b'el"":12,""minionsKilled"":31,""participantId"":5,""position"":{""x"":1124,""y"":487},""timeEnemySpentControlled"":211878,""totalGold"":7138,""xp'"
4275,"b'"":8923},""6"":{""championStats"":{""abilityHaste"":0,""abilityPower"":0,""armor"":122,""armorPen"":0,""armorPenPercent"":0,""attackDamage"":289,'"
4276,"b'""attackSpeed"":162,""bonusArmorPenPercent"":0,""bonusMagicPenPercent"":0,""ccReduction"":24,""cooldownReduction"":0,""health"":2080,""health'"
4277,"b'Max"":3132,""healthRegen"":32,""lifesteal"":0,""magicPen"":0,""magicPenPercent"":0,""magicResist"":64,""movementSpeed"":385,""omnivamp"":10,""ph'"
4278,"b'ysicalVamp"":0,""power"":0,""powerMax"":0,""powerRegen"":0,""spellVamp"":0},""currentGold"":521,""damageStats"":{""magicDamageDone"":0,""magicDa'"
4279,"b'mageDoneToChampions"":0,""magicDamageTaken"":3702,""physicalDamageDone"":164389,""physicalDamageDoneToChampions"":18887,""physicalDamage'"
4280,"b'Taken"":18971,""totalDamageDone"":169739,""totalDamageDoneToChampions"":19961,""totalDamageTaken"":25574,""trueDamageDone"":5350,""trueDam'"
4281,"b'ageDoneToChampions"":1074,""trueDamageTaken"":2900},""goldPerSecond"":0,""jungleMinionsKilled"":16,""level"":17,""minionsKilled"":223,""part'"
4282,"b'icipantId"":6,""position"":{""x"":1662,""y"":1058},""timeEnemySpentControlled"":146107,""totalGold"":11745,""xp"":16553},""7"":{""championStats""'"
4283,"b':{""abilityHaste"":0,""abilityPower"":0,""armor"":149,""armorPen"":0,""armorPenPercent"":0,""attackDamage"":274,""attackSpeed"":213,""bonusArmo'"
4284,"b'rPenPercent"":0,""bonusMagicPenPercent"":0,""ccReduction"":24,""cooldownReduction"":0,""health"":878,""healthMax"":2800,""healthRegen"":313,""'"
4285,"b'lifesteal"":0,""magicPen"":0,""magicPenPercent"":0,""magicResist"":52,""movementSpeed"":405,""omnivamp"":0,""physicalVamp"":0,""power"":66,""pow'"
4286,"b'erMax"":739,""powerRegen"":25,""spellVamp"":0},""currentGold"":952,""damageStats"":{""magicDamageDone"":5156,""magicDamageDoneToChampions"":1'"
4287,"b'743,""magicDamageTaken"":7166,""physicalDamageDone"":160734,""physicalDamageDoneToChampions"":18260,""physicalDamageTaken"":29664,""total'"
4288,"b'DamageDone"":200402,""totalDamageDoneToChampions"":21237,""totalDamageTaken"":38493,""trueDamageDone"":34512,""trueDamageDoneToChampions'"
4289,"b'"":1233,""trueDamageTaken"":1663},""goldPerSecond"":0,""jungleMinionsKilled"":118,""level"":15,""minionsKilled"":29,""participantId"":7,""posi'"
4290,"b'tion"":{""x"":2703,""y"":2042},""timeEnemySpentControlled"":696199,""totalGold"":12567,""xp"":13560},""8"":{""championStats"":{""abilityHaste"":0'"
4291,"b',""abilityPower"":872,""armor"":136,""armorPen"":0,""armorPenPercent"":0,""attackDamage"":112,""attackSpeed"":167,""bonusArmorPenPercent"":0,""'"
4292,"b'bonusMagicPenPercent"":0,""ccReduction"":6,""cooldownReduction"":0,""health"":982,""healthMax"":3573,""healthRegen"":155,""lifesteal"":0,""mag'"
4293,"b'icPen"":18,""magicPenPercent"":0,""magicResist"":83,""movementSpeed"":430,""omnivamp"":0,""physicalVamp"":0,""power"":631,""powerMax"":2100,""po'"
4294,"b'werRegen"":73,""spellVamp"":0},""currentGold"":2795,""damageStats"":{""magicDamageDone"":232599,""magicDamageDoneToChampions"":39050,""magic'"
4295,"b'DamageTaken"":16176,""physicalDamageDone"":4000,""physicalDamageDoneToChampions"":490,""physicalDamageTaken"":20064,""totalDamageDone"":2'"
4296,"b'43869,""totalDamageDoneToChampions"":42280,""totalDamageTaken"":39279,""trueDamageDone"":7269,""trueDamageDoneToChampions"":2740,""trueDa'"
4297,"b'mageTaken"":3037},""goldPerSecond"":0,""jungleMinionsKilled"":17,""level"":18,""minionsKilled"":261,""participantId"":8,""position"":{""x"":189'"
4298,"b'4,""y"":1132},""timeEnemySpentControlled"":506672,""totalGold"":18974,""xp"":18862},""9"":{""championStats"":{""abilityHaste"":0,""abilityPower'"
4299,"b'"":0,""armor"":85,""armorPen"":0,""armorPenPercent"":0,""attackDamage"":286,""attackSpeed"":250,""bonusArmorPenPercent"":0,""bonusMagicPenPerc'"
4300,"b'ent"":0,""ccReduction"":6,""cooldownReduction"":0,""health"":1882,""healthMax"":2089,""healthRegen"":233,""lifesteal"":18,""magicPen"":0,""magic'"
4301,"b'PenPercent"":0,""magicResist"":47,""movementSpeed"":398,""omnivamp"":0,""physicalVamp"":0,""power"":725,""powerMax"":846,""powerRegen"":33,""spe'"
4302,"b'llVamp"":0},""currentGold"":1011,""damageStats"":{""magicDamageDone"":65950,""magicDamageDoneToChampions"":8655,""magicDamageTaken"":4981,""'"
4303,"b'physicalDamageDone"":102112,""physicalDamageDoneToChampions"":12686,""physicalDamageTaken"":12857,""totalDamageDone"":185426,""totalDama'"
4304,"b'geDoneToChampions"":21505,""totalDamageTaken"":18314,""trueDamageDone"":17363,""trueDamageDoneToChampions"":162,""trueDamageTaken"":475},'"
4305,"b'""goldPerSecond"":0,""jungleMinionsKilled"":25,""level"":15,""minionsKilled"":191,""participantId"":9,""position"":{""x"":1202,""y"":1005},""time'"
4306,"b'EnemySpentControlled"":52832,""totalGold"":14340,""xp"":13073},""10"":{""championStats"":{""abilityHaste"":0,""abilityPower"":68,""armor"":106,'"
4307,"b'""armorPen"":0,""armorPenPercent"":0,""attackDamage"":104,""attackSpeed"":143,""bonusArmorPenPercent"":0,""bonusMagicPenPercent"":0,""ccReduc'"
4308,"b'tion"":50,""cooldownReduction"":0,""health"":2780,""healthMax"":3302,""healthRegen"":90,""lifesteal"":0,""magicPen"":0,""magicPenPercent"":0,""m'"
4309,"b'agicResist"":111,""movementSpeed"":380,""omnivamp"":0,""physicalVamp"":0,""power"":316,""powerMax"":919,""powerRegen"":59,""spellVamp"":0},""cur'"
4310,"b'rentGold"":401,""damageStats"":{""magicDamageDone"":10250,""magicDamageDoneToChampions"":4846,""magicDamageTaken"":7021,""physicalDamageDo'"
4311,"b'ne"":5819,""physicalDamageDoneToChampions"":1827,""physicalDamageTaken"":10298,""totalDamageDone"":23846,""totalDamageDoneToChampions"":7'"
4312,"b'884,""totalDamageTaken"":17653,""trueDamageDone"":7776,""trueDamageDoneToChampions"":1210,""trueDamageTaken"":333},""goldPerSecond"":30,""j'"
4313,"b'ungleMinionsKilled"":0,""level"":14,""minionsKilled"":47,""participantId"":10,""position"":{""x"":816,""y"":718},""timeEnemySpentControlled"":6'"
4314,"b'8636,""totalGold"":8306,""xp"":11470}},""timestamp"":1660097}],""gameId"":6638152403,""participants"":[{""participantId"":1,""puuid"":""Fwdnnsd'"
4315,"b'tA5Q4fNN0RVXtjXgkPYO2RgOwf-MJjHOENIc-nzTJgIzPNMTuhmU3CCyGliFu2lsA9QOMKQ""},{""participantId"":2,""puuid"":""8gU_pNweRp6t5cFZdajxPLS3I7'"
4316,"b'ypaBs2VvOQrHuoyjRAbXTM---xQlFL_Ktp5fXRoy3vBfhtfYrUVw""},{""participantId"":3,""puuid"":""WEPEyEuU0X6g3BEDYzD5o8W9wa-RORvh7d8YEZX9ir5Fs'"
4317,"b'RDIS1xlD30IWqPWmOxTsD34nPptADrt9Q""},{""participantId"":4,""puuid"":""0Yk-6U3RBaOJNMQCgZosKb6eW7jBf6rwmsieJRsy92QSI3znCPIhpfrktSGqpt0a'"
4318,"b'5SctpSEByiYQVA""},{""participantId"":5,""puuid"":""USyPZFT4fa43XClm_RDlbujWwmdDIBGHc2QEKtn9it45ATZLqps0xEEttxu0IUUZNOqAzTeo7symOw""},{""'"
4319,"b'participantId"":6,""puuid"":""KOqr34jOjYF9pd80cZpDQ_f-kiH-7CqfMgwy8PafZQFIjh1hho1UQO-06iSJrYZDiYO9aSF06OmbuQ""},{""participantId"":7,""p'"
4320,"b'uuid"":""55Im3w3AKXhIgNlB9DDdp5P4JA9yB8etv4ck_mpN4yR4YxG4aEBPpoGn3OWizYlQKyesLhOtrUYwpQ""},{""participantId"":8,""puuid"":""VoOaXypkP3ZN'"
4321,"b'JxHGZ_O9C9--rArmpQ6_Hc96jmR5N99MaXE1ciKs6ecKjGl2KAJgxajgI4orCj2gkA""},{""participantId"":9,""puuid"":""fsQU8a6yWK-aXR_nxqejnclutdZxrhH'"
4322,"b'xuPLxq-gXJFCuAtbui6cqiHZd92RBLGP4mh3oVPs_CF-Nzg""},{""participantId"":10,""puuid"":""DPGZY7g6sYxfFcfE-soH6jJ3BFXkyQjwq6n7vT206nRXDfhI9'"
4323,"b'BDZwh1KC1S8r_QLmpVYkMQvpZi7PQ""}]}}'"
