,0
0,"b'{""metadata"":{""dataVersion"":""2"",""matchId"":""KR_6632482113"",""participants"":[""-MNv4a8lMHKEk5BftYZb_P8q4XNabx_tRbKnrq7QWylj9xGfzZfwLd'"
1,"b'pE1y2coHOH-0aXnBlLKhsu9A"",""qSu3azoL2wiIT2JhfHtb0VB8h1be7rrOjoSvsEobYMpyNoXcKeM7mvC7fGi1hw3Prq3WwviW4HSILQ"",""u_v6cR64A5h4HVkTL3YE'"
2,"b'zP4mV9aJWkkk9fVUNQV3BrTUns3TgBToRFinCP4ylUnMKkAE7rZxyaYqzw"",""hTGF2Im2zW4X0m2DgbHbYtXQRsR1smDO2XzhlSmaDAPcPHFIUv2UyP6qUIzXfYcyxiE'"
3,"b'MG331g6OXRQ"",""h-8rCAXyRfGOKo1GEw8sG3qdox5PlT63z6dFh9bP5S8WTPGYhiym7wkhPejpQ4mLjioD1lPMOPT3pQ"",""7UurfBBid66wUQdpO7Fu2neLPKuFUZ1VM'"
4,"b'dBqcRh9vzgHwRBuaeJahGKKTtqNsaoj9ymKfIwS_vxZnQ"",""L0FXh-OsMs8ZhSFLmW74G7PZ5wjliW-_GW7Gvt68j2hA-EpaAvHtC_Vl2qkA6G9PBDub6I5f1i5TDA"",'"
5,"b'""Fn7o9W-mnQKP6s71lu46aOx0aJbNPvpSWWMDXj3WgZ2ierRog6aOJ2hpt4FM6qcGHZARWr_cmHNNhA"",""dyGEPqJ3KrbWX3J4w-taAPX4qbPbAc2pUazw0hE9hDScTv'"
6,"b'MnOFnl--Q7mQyZIGfgRKZXFihwSuXa1Q"",""xknnkJ1ltfiZluhUpcZo-TOBqh47ZnY4xYM_WA-axOgVpnbibZSyAnec-88a-YZ55ZQDhrymDRia2A""]},""info"":{""fr'"
7,"b'ameInterval"":60000,""frames"":[{""events"":[{""realTimestamp"":1691143466903,""timestamp"":0,""type"":""PAUSE_END""}],""participantFrames"":{""'"
8,"b'1"":{""championStats"":{""abilityHaste"":0,""abilityPower"":0,""armor"":36,""armorPen"":0,""armorPenPercent"":0,""attackDamage"":25,""attackSpee'"
9,"b'd"":100,""bonusArmorPenPercent"":0,""bonusMagicPenPercent"":0,""ccReduction"":0,""cooldownReduction"":0,""health"":625,""healthMax"":625,""hea'"
10,"b'lthRegen"":0,""lifesteal"":0,""magicPen"":0,""magicPenPercent"":0,""magicResist"":28,""movementSpeed"":345,""omnivamp"":0,""physicalVamp"":0,""p'"
11,"b'ower"":0,""powerMax"":150,""powerRegen"":0,""spellVamp"":0},""currentGold"":500,""damageStats"":{""magicDamageDone"":0,""magicDamageDoneToCham'"
12,"b'pions"":0,""magicDamageTaken"":0,""physicalDamageDone"":0,""physicalDamageDoneToChampions"":0,""physicalDamageTaken"":0,""totalDamageDone""'"
13,"b':0,""totalDamageDoneToChampions"":0,""totalDamageTaken"":0,""trueDamageDone"":0,""trueDamageDoneToChampions"":0,""trueDamageTaken"":0},""go'"
14,"b'ldPerSecond"":0,""jungleMinionsKilled"":0,""level"":1,""minionsKilled"":0,""participantId"":1,""position"":{""x"":554,""y"":581},""timeEnemySpen'"
15,"b'tControlled"":0,""totalGold"":500,""xp"":0},""2"":{""championStats"":{""abilityHaste"":0,""abilityPower"":0,""armor"":32,""armorPen"":0,""armorPen'"
16,"b'Percent"":0,""attackDamage"":25,""attackSpeed"":100,""bonusArmorPenPercent"":0,""bonusMagicPenPercent"":0,""ccReduction"":0,""cooldownReduct'"
17,"b'ion"":0,""health"":610,""healthMax"":610,""healthRegen"":0,""lifesteal"":0,""magicPen"":0,""magicPenPercent"":0,""magicResist"":32,""movementSpe'"
18,"b'ed"":340,""omnivamp"":0,""physicalVamp"":0,""power"":0,""powerMax"":60,""powerRegen"":0,""spellVamp"":0},""currentGold"":500,""damageStats"":{""ma'"
19,"b'gicDamageDone"":0,""magicDamageDoneToChampions"":0,""magicDamageTaken"":0,""physicalDamageDone"":0,""physicalDamageDoneToChampions"":0,""p'"
20,"b'hysicalDamageTaken"":0,""totalDamageDone"":0,""totalDamageDoneToChampions"":0,""totalDamageTaken"":0,""trueDamageDone"":0,""trueDamageDone'"
21,"b'ToChampions"":0,""trueDamageTaken"":0},""goldPerSecond"":0,""jungleMinionsKilled"":0,""level"":1,""minionsKilled"":0,""participantId"":2,""pos'"
22,"b'ition"":{""x"":593,""y"":464},""timeEnemySpentControlled"":0,""totalGold"":500,""xp"":0},""3"":{""championStats"":{""abilityHaste"":0,""abilityPow'"
23,"b'er"":0,""armor"":18,""armorPen"":0,""armorPenPercent"":0,""attackDamage"":25,""attackSpeed"":100,""bonusArmorPenPercent"":0,""bonusMagicPenPer'"
24,"b'cent"":0,""ccReduction"":0,""cooldownReduction"":0,""health"":550,""healthMax"":550,""healthRegen"":0,""lifesteal"":0,""magicPen"":0,""magicPenP'"
25,"b'ercent"":0,""magicResist"":30,""movementSpeed"":330,""omnivamp"":0,""physicalVamp"":0,""power"":470,""powerMax"":470,""powerRegen"":0,""spellVam'"
26,"b'p"":0},""currentGold"":500,""damageStats"":{""magicDamageDone"":0,""magicDamageDoneToChampions"":0,""magicDamageTaken"":0,""physicalDamageDo'"
27,"b'ne"":0,""physicalDamageDoneToChampions"":0,""physicalDamageTaken"":0,""totalDamageDone"":0,""totalDamageDoneToChampions"":0,""totalDamageT'"
28,"b'aken"":0,""trueDamageDone"":0,""trueDamageDoneToChampions"":0,""trueDamageTaken"":0},""goldPerSecond"":0,""jungleMinionsKilled"":0,""level"":'"
29,"b'1,""minionsKilled"":0,""participantId"":3,""position"":{""x"":557,""y"":345},""timeEnemySpentControlled"":0,""totalGold"":500,""xp"":0},""4"":{""ch'"
30,"b'ampionStats"":{""abilityHaste"":0,""abilityPower"":0,""armor"":24,""armorPen"":0,""armorPenPercent"":0,""attackDamage"":25,""attackSpeed"":100,'"
31,"b'""bonusArmorPenPercent"":0,""bonusMagicPenPercent"":0,""ccReduction"":0,""cooldownReduction"":0,""health"":600,""healthMax"":600,""healthRege'"
32,"b'n"":0,""lifesteal"":0,""magicPen"":0,""magicPenPercent"":0,""magicResist"":30,""movementSpeed"":325,""omnivamp"":0,""physicalVamp"":0,""power"":3'"
33,"b'75,""powerMax"":375,""powerRegen"":0,""spellVamp"":0},""currentGold"":500,""damageStats"":{""magicDamageDone"":0,""magicDamageDoneToChampions'"
34,"b'"":0,""magicDamageTaken"":0,""physicalDamageDone"":0,""physicalDamageDoneToChampions"":0,""physicalDamageTaken"":0,""totalDamageDone"":0,""t'"
35,"b'otalDamageDoneToChampions"":0,""totalDamageTaken"":0,""trueDamageDone"":0,""trueDamageDoneToChampions"":0,""trueDamageTaken"":0},""goldPer'"
36,"b'Second"":0,""jungleMinionsKilled"":0,""level"":1,""minionsKilled"":0,""participantId"":4,""position"":{""x"":458,""y"":271},""timeEnemySpentCont'"
37,"b'rolled"":0,""totalGold"":500,""xp"":0},""5"":{""championStats"":{""abilityHaste"":0,""abilityPower"":0,""armor"":30,""armorPen"":0,""armorPenPerce'"
38,"b'nt"":0,""attackDamage"":25,""attackSpeed"":100,""bonusArmorPenPercent"":0,""bonusMagicPenPercent"":0,""ccReduction"":0,""cooldownReduction"":'"
39,"b'0,""health"":610,""healthMax"":610,""healthRegen"":0,""lifesteal"":0,""magicPen"":0,""magicPenPercent"":0,""magicResist"":32,""movementSpeed"":3'"
40,"b'35,""omnivamp"":0,""physicalVamp"":0,""power"":315,""powerMax"":315,""powerRegen"":0,""spellVamp"":0},""currentGold"":500,""damageStats"":{""magi'"
41,"b'cDamageDone"":0,""magicDamageDoneToChampions"":0,""magicDamageTaken"":0,""physicalDamageDone"":0,""physicalDamageDoneToChampions"":0,""phy'"
42,"b'sicalDamageTaken"":0,""totalDamageDone"":0,""totalDamageDoneToChampions"":0,""totalDamageTaken"":0,""trueDamageDone"":0,""trueDamageDoneTo'"
43,"b'Champions"":0,""trueDamageTaken"":0},""goldPerSecond"":0,""jungleMinionsKilled"":0,""level"":1,""minionsKilled"":0,""participantId"":5,""posit'"
44,"b'ion"":{""x"":335,""y"":269},""timeEnemySpentControlled"":0,""totalGold"":500,""xp"":0},""6"":{""championStats"":{""abilityHaste"":0,""abilityPower'"
45,"b'"":0,""armor"":31,""armorPen"":0,""armorPenPercent"":0,""attackDamage"":25,""attackSpeed"":100,""bonusArmorPenPercent"":0,""bonusMagicPenPerce'"
46,"b'nt"":0,""ccReduction"":0,""cooldownReduction"":0,""health"":664,""healthMax"":664,""healthRegen"":0,""lifesteal"":0,""magicPen"":0,""magicPenPer'"
47,"b'cent"":0,""magicResist"":32,""movementSpeed"":350,""omnivamp"":0,""physicalVamp"":0,""power"":271,""powerMax"":271,""powerRegen"":0,""spellVamp""'"
48,"b':0},""currentGold"":500,""damageStats"":{""magicDamageDone"":0,""magicDamageDoneToChampions"":0,""magicDamageTaken"":0,""physicalDamageDone'"
49,"b'"":0,""physicalDamageDoneToChampions"":0,""physicalDamageTaken"":0,""totalDamageDone"":0,""totalDamageDoneToChampions"":0,""totalDamageTak'"
50,"b'en"":0,""trueDamageDone"":0,""trueDamageDoneToChampions"":0,""trueDamageTaken"":0},""goldPerSecond"":0,""jungleMinionsKilled"":0,""level"":1,'"
51,"b'""minionsKilled"":0,""participantId"":6,""position"":{""x"":14500,""y"":14511},""timeEnemySpentControlled"":0,""totalGold"":500,""xp"":0},""7"":{""'"
52,"b'championStats"":{""abilityHaste"":0,""abilityPower"":0,""armor"":32,""armorPen"":0,""armorPenPercent"":0,""attackDamage"":25,""attackSpeed"":10'"
53,"b'0,""bonusArmorPenPercent"":0,""bonusMagicPenPercent"":0,""ccReduction"":0,""cooldownReduction"":0,""health"":610,""healthMax"":610,""healthRe'"
54,"b'gen"":0,""lifesteal"":0,""magicPen"":0,""magicPenPercent"":0,""magicResist"":30,""movementSpeed"":340,""omnivamp"":0,""physicalVamp"":0,""power""'"
55,"b':295,""powerMax"":295,""powerRegen"":0,""spellVamp"":0},""currentGold"":500,""damageStats"":{""magicDamageDone"":0,""magicDamageDoneToChampio'"
56,"b'ns"":0,""magicDamageTaken"":0,""physicalDamageDone"":0,""physicalDamageDoneToChampions"":0,""physicalDamageTaken"":0,""totalDamageDone"":0,'"
57,"b'""totalDamageDoneToChampions"":0,""totalDamageTaken"":0,""trueDamageDone"":0,""trueDamageDoneToChampions"":0,""trueDamageTaken"":0},""goldP'"
58,"b'erSecond"":0,""jungleMinionsKilled"":0,""level"":1,""minionsKilled"":0,""participantId"":7,""position"":{""x"":14539,""y"":14394},""timeEnemySpe'"
59,"b'ntControlled"":0,""totalGold"":500,""xp"":0},""8"":{""championStats"":{""abilityHaste"":0,""abilityPower"":0,""armor"":32,""armorPen"":0,""armorPe'"
60,"b'nPercent"":0,""attackDamage"":25,""attackSpeed"":100,""bonusArmorPenPercent"":0,""bonusMagicPenPercent"":0,""ccReduction"":0,""cooldownReduc'"
61,"b'tion"":0,""health"":654,""healthMax"":654,""healthRegen"":0,""lifesteal"":0,""magicPen"":0,""magicPenPercent"":0,""magicResist"":29,""movementSp'"
62,"b'eed"":345,""omnivamp"":0,""physicalVamp"":0,""power"":200,""powerMax"":200,""powerRegen"":0,""spellVamp"":0},""currentGold"":500,""damageStats"":'"
63,"b'{""magicDamageDone"":0,""magicDamageDoneToChampions"":0,""magicDamageTaken"":0,""physicalDamageDone"":0,""physicalDamageDoneToChampions"":'"
64,"b'0,""physicalDamageTaken"":0,""totalDamageDone"":0,""totalDamageDoneToChampions"":0,""totalDamageTaken"":0,""trueDamageDone"":0,""trueDamage'"
65,"b'DoneToChampions"":0,""trueDamageTaken"":0},""goldPerSecond"":0,""jungleMinionsKilled"":0,""level"":1,""minionsKilled"":0,""participantId"":8,'"
66,"b'""position"":{""x"":14503,""y"":14275},""timeEnemySpentControlled"":0,""totalGold"":500,""xp"":0},""9"":{""championStats"":{""abilityHaste"":0,""ab'"
67,"b'ilityPower"":0,""armor"":28,""armorPen"":0,""armorPenPercent"":0,""attackDamage"":25,""attackSpeed"":100,""bonusArmorPenPercent"":0,""bonusMag'"
68,"b'icPenPercent"":0,""ccReduction"":0,""cooldownReduction"":0,""health"":641,""healthMax"":641,""healthRegen"":0,""lifesteal"":0,""magicPen"":0,""m'"
69,"b'agicPenPercent"":0,""magicResist"":30,""movementSpeed"":335,""omnivamp"":0,""physicalVamp"":0,""power"":320,""powerMax"":320,""powerRegen"":0,""'"
70,"b'spellVamp"":0},""currentGold"":500,""damageStats"":{""magicDamageDone"":0,""magicDamageDoneToChampions"":0,""magicDamageTaken"":0,""physical'"
71,"b'DamageDone"":0,""physicalDamageDoneToChampions"":0,""physicalDamageTaken"":0,""totalDamageDone"":0,""totalDamageDoneToChampions"":0,""tota'"
72,"b'lDamageTaken"":0,""trueDamageDone"":0,""trueDamageDoneToChampions"":0,""trueDamageTaken"":0},""goldPerSecond"":0,""jungleMinionsKilled"":0,'"
73,"b'""level"":1,""minionsKilled"":0,""participantId"":9,""position"":{""x"":14404,""y"":14201},""timeEnemySpentControlled"":0,""totalGold"":500,""xp""'"
74,"b':0},""10"":{""championStats"":{""abilityHaste"":0,""abilityPower"":0,""armor"":36,""armorPen"":0,""armorPenPercent"":0,""attackDamage"":25,""atta'"
75,"b'ckSpeed"":100,""bonusArmorPenPercent"":0,""bonusMagicPenPercent"":0,""ccReduction"":0,""cooldownReduction"":0,""health"":610,""healthMax"":61'"
76,"b'0,""healthRegen"":0,""lifesteal"":0,""magicPen"":0,""magicPenPercent"":0,""magicResist"":30,""movementSpeed"":330,""omnivamp"":0,""physicalVamp'"
77,"b'"":0,""power"":350,""powerMax"":350,""powerRegen"":0,""spellVamp"":0},""currentGold"":500,""damageStats"":{""magicDamageDone"":0,""magicDamageDo'"
78,"b'neToChampions"":0,""magicDamageTaken"":0,""physicalDamageDone"":0,""physicalDamageDoneToChampions"":0,""physicalDamageTaken"":0,""totalDam'"
79,"b'ageDone"":0,""totalDamageDoneToChampions"":0,""totalDamageTaken"":0,""trueDamageDone"":0,""trueDamageDoneToChampions"":0,""trueDamageTaken'"
80,"b'"":0},""goldPerSecond"":0,""jungleMinionsKilled"":0,""level"":1,""minionsKilled"":0,""participantId"":10,""position"":{""x"":14281,""y"":14199},""'"
81,"b'timeEnemySpentControlled"":0,""totalGold"":500,""xp"":0}},""timestamp"":0},{""events"":[{""itemId"":1056,""participantId"":3,""timestamp"":3227'"
82,"b',""type"":""ITEM_PURCHASED""},{""itemId"":2003,""participantId"":3,""timestamp"":3227,""type"":""ITEM_PURCHASED""},{""itemId"":2003,""participant'"
83,"b'Id"":3,""timestamp"":3227,""type"":""ITEM_PURCHASED""},{""itemId"":1056,""participantId"":6,""timestamp"":5031,""type"":""ITEM_PURCHASED""},{""ite'"
84,"b'mId"":2003,""participantId"":6,""timestamp"":5565,""type"":""ITEM_PURCHASED""},{""itemId"":2003,""participantId"":6,""timestamp"":5698,""type"":""'"
85,"b'ITEM_PURCHASED""},{""itemId"":3340,""participantId"":6,""timestamp"":6035,""type"":""ITEM_PURCHASED""},{""itemId"":3858,""participantId"":5,""ti'"
86,"b'mestamp"":10425,""type"":""ITEM_PURCHASED""},{""itemId"":2003,""participantId"":5,""timestamp"":10425,""type"":""ITEM_PURCHASED""},{""itemId"":20'"
87,"b'03,""participantId"":5,""timestamp"":10425,""type"":""ITEM_PURCHASED""},{""itemId"":3340,""participantId"":5,""timestamp"":10893,""type"":""ITEM_'"
88,"b'PURCHASED""},{""itemId"":1055,""participantId"":4,""timestamp"":12100,""type"":""ITEM_PURCHASED""},{""itemId"":1056,""participantId"":1,""timest'"
89,"b'amp"":12267,""type"":""ITEM_PURCHASED""},{""itemId"":2003,""participantId"":1,""timestamp"":12267,""type"":""ITEM_PURCHASED""},{""itemId"":2003,""'"
90,"b'participantId"":1,""timestamp"":12267,""type"":""ITEM_PURCHASED""},{""itemId"":2003,""participantId"":4,""timestamp"":12434,""type"":""ITEM_PURC'"
91,"b'HASED""},{""itemId"":3340,""participantId"":1,""timestamp"":12536,""type"":""ITEM_PURCHASED""},{""itemId"":3858,""participantId"":10,""timestamp'"
92,"b'"":12805,""type"":""ITEM_PURCHASED""},{""itemId"":1055,""participantId"":9,""timestamp"":13779,""type"":""ITEM_PURCHASED""},{""itemId"":2003,""par'"
93,"b'ticipantId"":9,""timestamp"":13779,""type"":""ITEM_PURCHASED""},{""itemId"":1102,""participantId"":2,""timestamp"":13847,""type"":""ITEM_PURCHAS'"
94,"b'ED""},{""itemId"":3340,""participantId"":9,""timestamp"":14150,""type"":""ITEM_PURCHASED""},{""itemId"":2003,""participantId"":10,""timestamp"":1'"
95,"b'4183,""type"":""ITEM_PURCHASED""},{""itemId"":2003,""participantId"":2,""timestamp"":14183,""type"":""ITEM_PURCHASED""},{""itemId"":1101,""partic'"
96,"b'ipantId"":7,""timestamp"":14318,""type"":""ITEM_PURCHASED""},{""itemId"":2003,""participantId"":10,""timestamp"":14351,""type"":""ITEM_PURCHASED'"
97,"b'""},{""itemId"":3340,""participantId"":2,""timestamp"":14485,""type"":""ITEM_PURCHASED""},{""itemId"":3340,""participantId"":10,""timestamp"":146'"
98,"b'18,""type"":""ITEM_PURCHASED""},{""itemId"":2003,""participantId"":7,""timestamp"":14954,""type"":""ITEM_PURCHASED""},{""itemId"":1036,""particip'"
99,"b'antId"":8,""timestamp"":24681,""type"":""ITEM_PURCHASED""},{""itemId"":2031,""participantId"":8,""timestamp"":25181,""type"":""ITEM_PURCHASED""},'"
100,"b'{""levelUpType"":""NORMAL"",""participantId"":2,""skillSlot"":1,""timestamp"":30191,""type"":""SKILL_LEVEL_UP""},{""levelUpType"":""NORMAL"",""part'"
101,"b'icipantId"":7,""skillSlot"":1,""timestamp"":33372,""type"":""SKILL_LEVEL_UP""},{""creatorId"":2,""timestamp"":34840,""type"":""WARD_PLACED"",""war'"
102,"b'dType"":""YELLOW_TRINKET""},{""levelUpType"":""NORMAL"",""participantId"":8,""skillSlot"":1,""timestamp"":50582,""type"":""SKILL_LEVEL_UP""},{""le'"
103,"b'velUpType"":""NORMAL"",""participantId"":3,""skillSlot"":1,""timestamp"":53022,""type"":""SKILL_LEVEL_UP""},{""levelUpType"":""NORMAL"",""particip'"
104,"b'antId"":1,""skillSlot"":3,""timestamp"":55193,""type"":""SKILL_LEVEL_UP""}],""participantFrames"":{""1"":{""championStats"":{""abilityHaste"":0,""'"
105,"b'abilityPower"":36,""armor"":36,""armorPen"":0,""armorPenPercent"":0,""attackDamage"":61,""attackSpeed"":100,""bonusArmorPenPercent"":0,""bonus'"
106,"b'MagicPenPercent"":0,""ccReduction"":5,""cooldownReduction"":0,""health"":695,""healthMax"":695,""healthRegen"":14,""lifesteal"":0,""magicPen"":'"
107,"b'0,""magicPenPercent"":0,""magicResist"":36,""movementSpeed"":345,""omnivamp"":0,""physicalVamp"":0,""power"":20,""powerMax"":150,""powerRegen"":'"
108,"b'0,""spellVamp"":0},""currentGold"":0,""damageStats"":{""magicDamageDone"":0,""magicDamageDoneToChampions"":0,""magicDamageTaken"":0,""physica'"
109,"b'lDamageDone"":0,""physicalDamageDoneToChampions"":0,""physicalDamageTaken"":0,""totalDamageDone"":0,""totalDamageDoneToChampions"":0,""tot'"
110,"b'alDamageTaken"":0,""trueDamageDone"":0,""trueDamageDoneToChampions"":0,""trueDamageTaken"":0},""goldPerSecond"":0,""jungleMinionsKilled"":0'"
111,"b',""level"":1,""minionsKilled"":0,""participantId"":1,""position"":{""x"":1182,""y"":12251},""timeEnemySpentControlled"":0,""totalGold"":500,""xp""'"
112,"b':0},""2"":{""championStats"":{""abilityHaste"":0,""abilityPower"":0,""armor"":38,""armorPen"":0,""armorPenPercent"":0,""attackDamage"":70,""attac'"
113,"b'kSpeed"":103,""bonusArmorPenPercent"":0,""bonusMagicPenPercent"":0,""ccReduction"":0,""cooldownReduction"":0,""health"":610,""healthMax"":610'"
114,"b',""healthRegen"":12,""lifesteal"":0,""magicPen"":0,""magicPenPercent"":0,""magicResist"":32,""movementSpeed"":345,""omnivamp"":0,""physicalVamp'"
115,"b'"":0,""power"":0,""powerMax"":60,""powerRegen"":0,""spellVamp"":0},""currentGold"":0,""damageStats"":{""magicDamageDone"":0,""magicDamageDoneToC'"
116,"b'hampions"":0,""magicDamageTaken"":0,""physicalDamageDone"":0,""physicalDamageDoneToChampions"":0,""physicalDamageTaken"":0,""totalDamageDo'"
117,"b'ne"":0,""totalDamageDoneToChampions"":0,""totalDamageTaken"":0,""trueDamageDone"":0,""trueDamageDoneToChampions"":0,""trueDamageTaken"":0},'"
118,"b'""goldPerSecond"":0,""jungleMinionsKilled"":0,""level"":1,""minionsKilled"":0,""participantId"":2,""position"":{""x"":6897,""y"":5422},""timeEnem'"
119,"b'ySpentControlled"":0,""totalGold"":500,""xp"":0},""3"":{""championStats"":{""abilityHaste"":0,""abilityPower"":24,""armor"":24,""armorPen"":0,""ar'"
120,"b'morPenPercent"":0,""attackDamage"":58,""attackSpeed"":110,""bonusArmorPenPercent"":0,""bonusMagicPenPercent"":0,""ccReduction"":0,""cooldown'"
121,"b'Reduction"":0,""health"":505,""healthMax"":620,""healthRegen"":13,""lifesteal"":0,""magicPen"":0,""magicPenPercent"":0,""magicResist"":30,""move'"
122,"b'mentSpeed"":330,""omnivamp"":0,""physicalVamp"":0,""power"":470,""powerMax"":470,""powerRegen"":16,""spellVamp"":0},""currentGold"":0,""damageSt'"
123,"b'ats"":{""magicDamageDone"":0,""magicDamageDoneToChampions"":0,""magicDamageTaken"":117,""physicalDamageDone"":0,""physicalDamageDoneToCham'"
124,"b'pions"":0,""physicalDamageTaken"":0,""totalDamageDone"":0,""totalDamageDoneToChampions"":0,""totalDamageTaken"":117,""trueDamageDone"":0,""t'"
125,"b'rueDamageDoneToChampions"":0,""trueDamageTaken"":0},""goldPerSecond"":0,""jungleMinionsKilled"":0,""level"":1,""minionsKilled"":0,""particip'"
126,"b'antId"":3,""position"":{""x"":6888,""y"":7225},""timeEnemySpentControlled"":0,""totalGold"":500,""xp"":0},""4"":{""championStats"":{""abilityHaste'"
127,"b'"":0,""abilityPower"":0,""armor"":30,""armorPen"":0,""armorPenPercent"":0,""attackDamage"":75,""attackSpeed"":110,""bonusArmorPenPercent"":0,""b'"
128,"b'onusMagicPenPercent"":0,""ccReduction"":0,""cooldownReduction"":0,""health"":680,""healthMax"":680,""healthRegen"":8,""lifesteal"":0,""magicPe'"
129,"b'n"":0,""magicPenPercent"":0,""magicResist"":30,""movementSpeed"":325,""omnivamp"":2,""physicalVamp"":0,""power"":375,""powerMax"":375,""powerReg'"
130,"b'en"":17,""spellVamp"":0},""currentGold"":0,""damageStats"":{""magicDamageDone"":0,""magicDamageDoneToChampions"":0,""magicDamageTaken"":0,""ph'"
131,"b'ysicalDamageDone"":0,""physicalDamageDoneToChampions"":0,""physicalDamageTaken"":0,""totalDamageDone"":0,""totalDamageDoneToChampions"":0'"
132,"b',""totalDamageTaken"":0,""trueDamageDone"":0,""trueDamageDoneToChampions"":0,""trueDamageTaken"":0},""goldPerSecond"":0,""jungleMinionsKill'"
133,"b'ed"":0,""level"":1,""minionsKilled"":0,""participantId"":4,""position"":{""x"":9212,""y"":2491},""timeEnemySpentControlled"":0,""totalGold"":500,'"
134,"b'""xp"":0},""5"":{""championStats"":{""abilityHaste"":0,""abilityPower"":14,""armor"":36,""armorPen"":0,""armorPenPercent"":0,""attackDamage"":62,""'"
135,"b'attackSpeed"":100,""bonusArmorPenPercent"":0,""bonusMagicPenPercent"":0,""ccReduction"":0,""cooldownReduction"":0,""health"":640,""healthMax'"
136,"b'"":640,""healthRegen"":15,""lifesteal"":0,""magicPen"":0,""magicPenPercent"":0,""magicResist"":32,""movementSpeed"":335,""omnivamp"":0,""physica'"
137,"b'lVamp"":0,""power"":315,""powerMax"":315,""powerRegen"":17,""spellVamp"":0},""currentGold"":0,""damageStats"":{""magicDamageDone"":0,""magicDama'"
138,"b'geDoneToChampions"":0,""magicDamageTaken"":0,""physicalDamageDone"":0,""physicalDamageDoneToChampions"":0,""physicalDamageTaken"":0,""tota'"
139,"b'lDamageDone"":0,""totalDamageDoneToChampions"":0,""totalDamageTaken"":0,""trueDamageDone"":0,""trueDamageDoneToChampions"":0,""trueDamageT'"
140,"b'aken"":0},""goldPerSecond"":20,""jungleMinionsKilled"":0,""level"":1,""minionsKilled"":0,""participantId"":5,""position"":{""x"":8514,""y"":4914}'"
141,"b',""timeEnemySpentControlled"":0,""totalGold"":500,""xp"":0},""6"":{""championStats"":{""abilityHaste"":0,""abilityPower"":33,""armor"":31,""armor'"
142,"b'Pen"":0,""armorPenPercent"":0,""attackDamage"":62,""attackSpeed"":100,""bonusArmorPenPercent"":0,""bonusMagicPenPercent"":0,""ccReduction"":5'"
143,"b',""cooldownReduction"":0,""health"":749,""healthMax"":749,""healthRegen"":12,""lifesteal"":0,""magicPen"":0,""magicPenPercent"":0,""magicResist'"
144,"b'"":32,""movementSpeed"":350,""omnivamp"":0,""physicalVamp"":0,""power"":271,""powerMax"":271,""powerRegen"":15,""spellVamp"":0},""currentGold"":0'"
145,"b',""damageStats"":{""magicDamageDone"":0,""magicDamageDoneToChampions"":0,""magicDamageTaken"":0,""physicalDamageDone"":0,""physicalDamageDo'"
146,"b'neToChampions"":0,""physicalDamageTaken"":0,""totalDamageDone"":0,""totalDamageDoneToChampions"":0,""totalDamageTaken"":0,""trueDamageDone'"
147,"b'"":0,""trueDamageDoneToChampions"":0,""trueDamageTaken"":0},""goldPerSecond"":0,""jungleMinionsKilled"":0,""level"":1,""minionsKilled"":0,""pa'"
148,"b'rticipantId"":6,""position"":{""x"":2931,""y"":11249},""timeEnemySpentControlled"":0,""totalGold"":500,""xp"":0},""7"":{""championStats"":{""abili'"
149,"b'tyHaste"":0,""abilityPower"":9,""armor"":38,""armorPen"":0,""armorPenPercent"":0,""attackDamage"":58,""attackSpeed"":110,""bonusArmorPenPercen'"
150,"b't"":0,""bonusMagicPenPercent"":0,""ccReduction"":0,""cooldownReduction"":0,""health"":610,""healthMax"":610,""healthRegen"":12,""lifesteal"":0,'"
151,"b'""magicPen"":0,""magicPenPercent"":0,""magicResist"":30,""movementSpeed"":374,""omnivamp"":0,""physicalVamp"":0,""power"":248,""powerMax"":295,""'"
152,"b'powerRegen"":29,""spellVamp"":0},""currentGold"":0,""damageStats"":{""magicDamageDone"":117,""magicDamageDoneToChampions"":117,""magicDamage'"
153,"b'Taken"":0,""physicalDamageDone"":0,""physicalDamageDoneToChampions"":0,""physicalDamageTaken"":0,""totalDamageDone"":117,""totalDamageDone'"
154,"b'ToChampions"":117,""totalDamageTaken"":0,""trueDamageDone"":0,""trueDamageDoneToChampions"":0,""trueDamageTaken"":0},""goldPerSecond"":0,""j'"
155,"b'ungleMinionsKilled"":0,""level"":1,""minionsKilled"":0,""participantId"":7,""position"":{""x"":7110,""y"":9107},""timeEnemySpentControlled"":0,'"
156,"b'""totalGold"":500,""xp"":0},""8"":{""championStats"":{""abilityHaste"":0,""abilityPower"":0,""armor"":32,""armorPen"":0,""armorPenPercent"":0,""att'"
157,"b'ackDamage"":85,""attackSpeed"":100,""bonusArmorPenPercent"":0,""bonusMagicPenPercent"":0,""ccReduction"":0,""cooldownReduction"":0,""health""'"
158,"b':654,""healthMax"":654,""healthRegen"":14,""lifesteal"":0,""magicPen"":0,""magicPenPercent"":0,""magicResist"":37,""movementSpeed"":345,""omniv'"
159,"b'amp"":0,""physicalVamp"":0,""power"":200,""powerMax"":200,""powerRegen"":100,""spellVamp"":0},""currentGold"":0,""damageStats"":{""magicDamageDo'"
160,"b'ne"":0,""magicDamageDoneToChampions"":0,""magicDamageTaken"":0,""physicalDamageDone"":0,""physicalDamageDoneToChampions"":0,""physicalDama'"
161,"b'geTaken"":0,""totalDamageDone"":0,""totalDamageDoneToChampions"":0,""totalDamageTaken"":0,""trueDamageDone"":0,""trueDamageDoneToChampions'"
162,"b'"":0,""trueDamageTaken"":0},""goldPerSecond"":0,""jungleMinionsKilled"":0,""level"":1,""minionsKilled"":0,""participantId"":8,""position"":{""x""'"
163,"b':8059,""y"":7880},""timeEnemySpentControlled"":0,""totalGold"":500,""xp"":0},""9"":{""championStats"":{""abilityHaste"":0,""abilityPower"":0,""ar'"
164,"b'mor"":34,""armorPen"":0,""armorPenPercent"":0,""attackDamage"":73,""attackSpeed"":110,""bonusArmorPenPercent"":0,""bonusMagicPenPercent"":0,""'"
165,"b'ccReduction"":0,""cooldownReduction"":0,""health"":721,""healthMax"":721,""healthRegen"":7,""lifesteal"":0,""magicPen"":0,""magicPenPercent"":0'"
166,"b',""magicResist"":30,""movementSpeed"":335,""omnivamp"":2,""physicalVamp"":0,""power"":320,""powerMax"":320,""powerRegen"":14,""spellVamp"":0},""c'"
167,"b'urrentGold"":0,""damageStats"":{""magicDamageDone"":0,""magicDamageDoneToChampions"":0,""magicDamageTaken"":0,""physicalDamageDone"":0,""phy'"
168,"b'sicalDamageDoneToChampions"":0,""physicalDamageTaken"":0,""totalDamageDone"":0,""totalDamageDoneToChampions"":0,""totalDamageTaken"":0,""t'"
169,"b'rueDamageDone"":0,""trueDamageDoneToChampions"":0,""trueDamageTaken"":0},""goldPerSecond"":0,""jungleMinionsKilled"":0,""level"":1,""minions'"
170,"b'Killed"":0,""participantId"":9,""position"":{""x"":11929,""y"":3627},""timeEnemySpentControlled"":0,""totalGold"":500,""xp"":0},""10"":{""champion'"
171,"b'Stats"":{""abilityHaste"":0,""abilityPower"":5,""armor"":48,""armorPen"":0,""armorPenPercent"":0,""attackDamage"":55,""attackSpeed"":100,""bonus'"
172,"b'ArmorPenPercent"":0,""bonusMagicPenPercent"":0,""ccReduction"":0,""cooldownReduction"":0,""health"":640,""healthMax"":640,""healthRegen"":22,'"
173,"b'""lifesteal"":0,""magicPen"":0,""magicPenPercent"":0,""magicResist"":30,""movementSpeed"":330,""omnivamp"":0,""physicalVamp"":0,""power"":350,""p'"
174,"b'owerMax"":350,""powerRegen"":12,""spellVamp"":0},""currentGold"":0,""damageStats"":{""magicDamageDone"":0,""magicDamageDoneToChampions"":0,""m'"
175,"b'agicDamageTaken"":0,""physicalDamageDone"":0,""physicalDamageDoneToChampions"":0,""physicalDamageTaken"":0,""totalDamageDone"":0,""totalDa'"
176,"b'mageDoneToChampions"":0,""totalDamageTaken"":0,""trueDamageDone"":0,""trueDamageDoneToChampions"":0,""trueDamageTaken"":0},""goldPerSecond'"
177,"b'"":20,""jungleMinionsKilled"":0,""level"":1,""minionsKilled"":0,""participantId"":10,""position"":{""x"":11867,""y"":3634},""timeEnemySpentContr'"
178,"b'olled"":0,""totalGold"":500,""xp"":0}},""timestamp"":60000},{""events"":[{""levelUpType"":""NORMAL"",""participantId"":10,""skillSlot"":2,""timest'"
179,"b'amp"":73500,""type"":""SKILL_LEVEL_UP""},{""creatorId"":8,""timestamp"":73902,""type"":""WARD_PLACED"",""wardType"":""YELLOW_TRINKET""},{""levelUp'"
180,"b'Type"":""NORMAL"",""participantId"":5,""skillSlot"":2,""timestamp"":74930,""type"":""SKILL_LEVEL_UP""},{""levelUpType"":""NORMAL"",""participantId'"
181,"b'"":4,""skillSlot"":1,""timestamp"":87358,""type"":""SKILL_LEVEL_UP""},{""levelUpType"":""NORMAL"",""participantId"":6,""skillSlot"":2,""timestamp""'"
182,"b':95203,""type"":""SKILL_LEVEL_UP""},{""level"":2,""participantId"":2,""timestamp"":103312,""type"":""LEVEL_UP""},{""levelUpType"":""NORMAL"",""part'"
183,"b'icipantId"":9,""skillSlot"":1,""timestamp"":106115,""type"":""SKILL_LEVEL_UP""},{""levelUpType"":""NORMAL"",""participantId"":2,""skillSlot"":3,""'"
184,"b'timestamp"":106348,""type"":""SKILL_LEVEL_UP""},{""level"":2,""participantId"":7,""timestamp"":113012,""type"":""LEVEL_UP""},{""levelUpType"":""NO'"
185,"b'RMAL"",""participantId"":7,""skillSlot"":3,""timestamp"":113282,""type"":""SKILL_LEVEL_UP""},{""itemId"":2003,""participantId"":10,""timestamp"":'"
186,"b'115615,""type"":""ITEM_DESTROYED""}],""participantFrames"":{""1"":{""championStats"":{""abilityHaste"":0,""abilityPower"":36,""armor"":36,""armor'"
187,"b'Pen"":0,""armorPenPercent"":0,""attackDamage"":61,""attackSpeed"":100,""bonusArmorPenPercent"":0,""bonusMagicPenPercent"":0,""ccReduction"":5'"
188,"b',""cooldownReduction"":0,""health"":695,""healthMax"":695,""healthRegen"":14,""lifesteal"":0,""magicPen"":0,""magicPenPercent"":0,""magicResist'"
189,"b'"":36,""movementSpeed"":345,""omnivamp"":0,""physicalVamp"":0,""power"":30,""powerMax"":150,""powerRegen"":0,""spellVamp"":0},""currentGold"":21,'"
190,"b'""damageStats"":{""magicDamageDone"":98,""magicDamageDoneToChampions"":24,""magicDamageTaken"":0,""physicalDamageDone"":0,""physicalDamageD'"
191,"b'oneToChampions"":0,""physicalDamageTaken"":0,""totalDamageDone"":98,""totalDamageDoneToChampions"":24,""totalDamageTaken"":0,""trueDamageD'"
192,"b'one"":0,""trueDamageDoneToChampions"":0,""trueDamageTaken"":0},""goldPerSecond"":0,""jungleMinionsKilled"":0,""level"":1,""minionsKilled"":0,'"
193,"b'""participantId"":1,""position"":{""x"":1749,""y"":12007},""timeEnemySpentControlled"":6238,""totalGold"":521,""xp"":61},""2"":{""championStats"":'"
194,"b'{""abilityHaste"":0,""abilityPower"":0,""armor"":41,""armorPen"":0,""armorPenPercent"":0,""attackDamage"":71,""attackSpeed"":130,""bonusArmorPe'"
195,"b'nPercent"":0,""bonusMagicPenPercent"":0,""ccReduction"":0,""cooldownReduction"":0,""health"":475,""healthMax"":681,""healthRegen"":19,""lifest'"
196,"b'eal"":0,""magicPen"":0,""magicPenPercent"":0,""magicResist"":33,""movementSpeed"":340,""omnivamp"":0,""physicalVamp"":0,""power"":0,""powerMax"":'"
197,"b'60,""powerRegen"":0,""spellVamp"":0},""currentGold"":206,""damageStats"":{""magicDamageDone"":0,""magicDamageDoneToChampions"":0,""magicDamag'"
198,"b'eTaken"":0,""physicalDamageDone"":3681,""physicalDamageDoneToChampions"":0,""physicalDamageTaken"":736,""totalDamageDone"":4939,""totalDam'"
199,"b'ageDoneToChampions"":0,""totalDamageTaken"":736,""trueDamageDone"":1258,""trueDamageDoneToChampions"":0,""trueDamageTaken"":0},""goldPerSe'"
200,"b'cond"":0,""jungleMinionsKilled"":7,""level"":2,""minionsKilled"":0,""participantId"":2,""position"":{""x"":8602,""y"":2514},""timeEnemySpentCont'"
201,"b'rolled"":13264,""totalGold"":706,""xp"":510},""3"":{""championStats"":{""abilityHaste"":0,""abilityPower"":24,""armor"":24,""armorPen"":0,""armorP'"
202,"b'enPercent"":0,""attackDamage"":58,""attackSpeed"":110,""bonusArmorPenPercent"":0,""bonusMagicPenPercent"":0,""ccReduction"":0,""cooldownRedu'"
203,"b'ction"":0,""health"":477,""healthMax"":620,""healthRegen"":13,""lifesteal"":0,""magicPen"":0,""magicPenPercent"":0,""magicResist"":30,""movement'"
204,"b'Speed"":330,""omnivamp"":0,""physicalVamp"":0,""power"":394,""powerMax"":520,""powerRegen"":16,""spellVamp"":0},""currentGold"":91,""damageStats'"
205,"b'"":{""magicDamageDone"":794,""magicDamageDoneToChampions"":155,""magicDamageTaken"":132,""physicalDamageDone"":630,""physicalDamageDoneToC'"
206,"b'hampions"":0,""physicalDamageTaken"":95,""totalDamageDone"":1424,""totalDamageDoneToChampions"":155,""totalDamageTaken"":233,""trueDamageD'"
207,"b'one"":0,""trueDamageDoneToChampions"":0,""trueDamageTaken"":5},""goldPerSecond"":0,""jungleMinionsKilled"":0,""level"":1,""minionsKilled"":4,'"
208,"b'""participantId"":3,""position"":{""x"":7792,""y"":7676},""timeEnemySpentControlled"":3064,""totalGold"":591,""xp"":276},""4"":{""championStats"":'"
209,"b'{""abilityHaste"":0,""abilityPower"":0,""armor"":30,""armorPen"":0,""armorPenPercent"":0,""attackDamage"":75,""attackSpeed"":140,""bonusArmorPe'"
210,"b'nPercent"":0,""bonusMagicPenPercent"":0,""ccReduction"":0,""cooldownReduction"":0,""health"":445,""healthMax"":680,""healthRegen"":8,""lifeste'"
211,"b'al"":0,""magicPen"":0,""magicPenPercent"":0,""magicResist"":30,""movementSpeed"":325,""omnivamp"":2,""physicalVamp"":0,""power"":296,""powerMax""'"
212,"b':375,""powerRegen"":17,""spellVamp"":0},""currentGold"":68,""damageStats"":{""magicDamageDone"":0,""magicDamageDoneToChampions"":0,""magicDam'"
213,"b'ageTaken"":27,""physicalDamageDone"":1039,""physicalDamageDoneToChampions"":235,""physicalDamageTaken"":230,""totalDamageDone"":1039,""tot'"
214,"b'alDamageDoneToChampions"":235,""totalDamageTaken"":257,""trueDamageDone"":0,""trueDamageDoneToChampions"":0,""trueDamageTaken"":0},""goldP'"
215,"b'erSecond"":0,""jungleMinionsKilled"":0,""level"":1,""minionsKilled"":2,""participantId"":4,""position"":{""x"":12173,""y"":1598},""timeEnemySpen'"
216,"b'tControlled"":0,""totalGold"":568,""xp"":75},""5"":{""championStats"":{""abilityHaste"":0,""abilityPower"":14,""armor"":32,""armorPen"":0,""armorP'"
217,"b'enPercent"":0,""attackDamage"":62,""attackSpeed"":100,""bonusArmorPenPercent"":0,""bonusMagicPenPercent"":0,""ccReduction"":0,""cooldownRedu'"
218,"b'ction"":0,""health"":524,""healthMax"":640,""healthRegen"":15,""lifesteal"":0,""magicPen"":0,""magicPenPercent"":0,""magicResist"":28,""movement'"
219,"b'Speed"":335,""omnivamp"":0,""physicalVamp"":0,""power"":285,""powerMax"":315,""powerRegen"":17,""spellVamp"":0},""currentGold"":23,""damageStats'"
220,"b'"":{""magicDamageDone"":119,""magicDamageDoneToChampions"":119,""magicDamageTaken"":62,""physicalDamageDone"":215,""physicalDamageDoneToCh'"
221,"b'ampions"":215,""physicalDamageTaken"":114,""totalDamageDone"":335,""totalDamageDoneToChampions"":335,""totalDamageTaken"":185,""trueDamage'"
222,"b'Done"":0,""trueDamageDoneToChampions"":0,""trueDamageTaken"":7},""goldPerSecond"":20,""jungleMinionsKilled"":0,""level"":1,""minionsKilled"":'"
223,"b'0,""participantId"":5,""position"":{""x"":12829,""y"":1641},""timeEnemySpentControlled"":10439,""totalGold"":523,""xp"":75},""6"":{""championStat'"
224,"b's"":{""abilityHaste"":0,""abilityPower"":33,""armor"":31,""armorPen"":0,""armorPenPercent"":0,""attackDamage"":62,""attackSpeed"":100,""bonusArm'"
225,"b'orPenPercent"":0,""bonusMagicPenPercent"":0,""ccReduction"":5,""cooldownReduction"":0,""health"":749,""healthMax"":749,""healthRegen"":12,""li'"
226,"b'festeal"":0,""magicPen"":0,""magicPenPercent"":0,""magicResist"":32,""movementSpeed"":350,""omnivamp"":0,""physicalVamp"":0,""power"":246,""powe'"
227,"b'rMax"":271,""powerRegen"":15,""spellVamp"":0},""currentGold"":84,""damageStats"":{""magicDamageDone"":0,""magicDamageDoneToChampions"":0,""mag'"
228,"b'icDamageTaken"":24,""physicalDamageDone"":335,""physicalDamageDoneToChampions"":0,""physicalDamageTaken"":0,""totalDamageDone"":335,""tota'"
229,"b'lDamageDoneToChampions"":0,""totalDamageTaken"":24,""trueDamageDone"":0,""trueDamageDoneToChampions"":0,""trueDamageTaken"":0},""goldPerSe'"
230,"b'cond"":0,""jungleMinionsKilled"":0,""level"":1,""minionsKilled"":3,""participantId"":6,""position"":{""x"":2130,""y"":12325},""timeEnemySpentCon'"
231,"b'trolled"":0,""totalGold"":584,""xp"":185},""7"":{""championStats"":{""abilityHaste"":0,""abilityPower"":9,""armor"":41,""armorPen"":0,""armorPenPe'"
232,"b'rcent"":0,""attackDamage"":60,""attackSpeed"":132,""bonusArmorPenPercent"":0,""bonusMagicPenPercent"":0,""ccReduction"":0,""cooldownReductio'"
233,"b'n"":0,""health"":436,""healthMax"":688,""healthRegen"":19,""lifesteal"":0,""magicPen"":0,""magicPenPercent"":0,""magicResist"":30,""movementSpee'"
234,"b'd"":340,""omnivamp"":0,""physicalVamp"":0,""power"":189,""powerMax"":327,""powerRegen"":62,""spellVamp"":0},""currentGold"":111,""damageStats"":{'"
235,"b'""magicDamageDone"":1388,""magicDamageDoneToChampions"":117,""magicDamageTaken"":0,""physicalDamageDone"":938,""physicalDamageDoneToChamp'"
236,"b'ions"":0,""physicalDamageTaken"":732,""totalDamageDone"":3667,""totalDamageDoneToChampions"":117,""totalDamageTaken"":732,""trueDamageDone'"
237,"b'"":1341,""trueDamageDoneToChampions"":0,""trueDamageTaken"":0},""goldPerSecond"":0,""jungleMinionsKilled"":4,""level"":2,""minionsKilled"":0,'"
238,"b'""participantId"":7,""position"":{""x"":5930,""y"":12375},""timeEnemySpentControlled"":0,""totalGold"":611,""xp"":325},""8"":{""championStats"":{""'"
239,"b'abilityHaste"":0,""abilityPower"":0,""armor"":32,""armorPen"":0,""armorPenPercent"":0,""attackDamage"":83,""attackSpeed"":100,""bonusArmorPenP'"
240,"b'ercent"":0,""bonusMagicPenPercent"":0,""ccReduction"":0,""cooldownReduction"":0,""health"":454,""healthMax"":654,""healthRegen"":14,""lifestea'"
241,"b'l"":0,""magicPen"":0,""magicPenPercent"":0,""magicResist"":37,""movementSpeed"":345,""omnivamp"":0,""physicalVamp"":0,""power"":145,""powerMax"":'"
242,"b'200,""powerRegen"":100,""spellVamp"":0},""currentGold"":79,""damageStats"":{""magicDamageDone"":30,""magicDamageDoneToChampions"":30,""magicD'"
243,"b'amageTaken"":215,""physicalDamageDone"":513,""physicalDamageDoneToChampions"":117,""physicalDamageTaken"":46,""totalDamageDone"":557,""tot'"
244,"b'alDamageDoneToChampions"":160,""totalDamageTaken"":262,""trueDamageDone"":13,""trueDamageDoneToChampions"":13,""trueDamageTaken"":0},""gol'"
245,"b'dPerSecond"":0,""jungleMinionsKilled"":0,""level"":1,""minionsKilled"":2,""participantId"":8,""position"":{""x"":8668,""y"":8540},""timeEnemySpe'"
246,"b'ntControlled"":0,""totalGold"":579,""xp"":276},""9"":{""championStats"":{""abilityHaste"":0,""abilityPower"":0,""armor"":34,""armorPen"":0,""armor'"
247,"b'PenPercent"":0,""attackDamage"":73,""attackSpeed"":110,""bonusArmorPenPercent"":0,""bonusMagicPenPercent"":0,""ccReduction"":0,""cooldownRed'"
248,"b'uction"":0,""health"":568,""healthMax"":721,""healthRegen"":7,""lifesteal"":0,""magicPen"":0,""magicPenPercent"":0,""magicResist"":30,""movement'"
249,"b'Speed"":335,""omnivamp"":2,""physicalVamp"":0,""power"":246,""powerMax"":320,""powerRegen"":26,""spellVamp"":0},""currentGold"":63,""damageStats'"
250,"b'"":{""magicDamageDone"":27,""magicDamageDoneToChampions"":27,""magicDamageTaken"":0,""physicalDamageDone"":759,""physicalDamageDoneToChamp'"
251,"b'ions"":230,""physicalDamageTaken"":170,""totalDamageDone"":787,""totalDamageDoneToChampions"":257,""totalDamageTaken"":170,""trueDamageDon'"
252,"b'e"":0,""trueDamageDoneToChampions"":0,""trueDamageTaken"":0},""goldPerSecond"":0,""jungleMinionsKilled"":0,""level"":1,""minionsKilled"":2,""p'"
253,"b'articipantId"":9,""position"":{""x"":12695,""y"":2468},""timeEnemySpentControlled"":0,""totalGold"":563,""xp"":113},""10"":{""championStats"":{""a'"
254,"b'bilityHaste"":0,""abilityPower"":5,""armor"":51,""armorPen"":0,""armorPenPercent"":0,""attackDamage"":55,""attackSpeed"":100,""bonusArmorPenPe'"
255,"b'rcent"":0,""bonusMagicPenPercent"":0,""ccReduction"":0,""cooldownReduction"":0,""health"":373,""healthMax"":640,""healthRegen"":116,""lifestea'"
256,"b'l"":0,""magicPen"":0,""magicPenPercent"":0,""magicResist"":33,""movementSpeed"":330,""omnivamp"":0,""physicalVamp"":0,""power"":328,""powerMax"":'"
257,"b'350,""powerRegen"":12,""spellVamp"":0},""currentGold"":23,""damageStats"":{""magicDamageDone"":47,""magicDamageDoneToChampions"":47,""magicDa'"
258,"b'mageTaken"":59,""physicalDamageDone"":79,""physicalDamageDoneToChampions"":79,""physicalDamageTaken"":285,""totalDamageDone"":127,""totalD'"
259,"b'amageDoneToChampions"":127,""totalDamageTaken"":345,""trueDamageDone"":0,""trueDamageDoneToChampions"":0,""trueDamageTaken"":0},""goldPerS'"
260,"b'econd"":20,""jungleMinionsKilled"":0,""level"":1,""minionsKilled"":0,""participantId"":10,""position"":{""x"":12862,""y"":2462},""timeEnemySpent'"
261,"b'Controlled"":6691,""totalGold"":523,""xp"":113}},""timestamp"":120016},{""events"":[{""level"":2,""participantId"":3,""timestamp"":125650,""type'"
262,"b'"":""LEVEL_UP""},{""levelUpType"":""NORMAL"",""participantId"":3,""skillSlot"":3,""timestamp"":126848,""type"":""SKILL_LEVEL_UP""},{""level"":2,""pa'"
263,"b'rticipantId"":8,""timestamp"":128778,""type"":""LEVEL_UP""},{""itemId"":2003,""participantId"":4,""timestamp"":129144,""type"":""ITEM_DESTROYED""'"
264,"b'},{""levelUpType"":""NORMAL"",""participantId"":8,""skillSlot"":2,""timestamp"":129211,""type"":""SKILL_LEVEL_UP""},{""level"":2,""participantId""'"
265,"b':9,""timestamp"":131046,""type"":""LEVEL_UP""},{""level"":2,""participantId"":10,""timestamp"":131046,""type"":""LEVEL_UP""},{""levelUpType"":""NOR'"
266,"b'MAL"",""participantId"":9,""skillSlot"":3,""timestamp"":131379,""type"":""SKILL_LEVEL_UP""},{""levelUpType"":""NORMAL"",""participantId"":10,""ski'"
267,"b'llSlot"":1,""timestamp"":131877,""type"":""SKILL_LEVEL_UP""},{""level"":2,""participantId"":6,""timestamp"":132478,""type"":""LEVEL_UP""},{""level'"
268,"b'UpType"":""NORMAL"",""participantId"":6,""skillSlot"":4,""timestamp"":133609,""type"":""SKILL_LEVEL_UP""},{""level"":2,""participantId"":1,""times'"
269,"b'tamp"":139716,""type"":""LEVEL_UP""},{""levelUpType"":""NORMAL"",""participantId"":1,""skillSlot"":1,""timestamp"":139982,""type"":""SKILL_LEVEL_U'"
270,"b'P""},{""level"":3,""participantId"":2,""timestamp"":148681,""type"":""LEVEL_UP""},{""level"":3,""participantId"":7,""timestamp"":151545,""type"":""L'"
271,"b'EVEL_UP""},{""levelUpType"":""NORMAL"",""participantId"":7,""skillSlot"":2,""timestamp"":152277,""type"":""SKILL_LEVEL_UP""},{""level"":2,""partic'"
272,"b'ipantId"":4,""timestamp"":152810,""type"":""LEVEL_UP""},{""level"":2,""participantId"":5,""timestamp"":152810,""type"":""LEVEL_UP""},{""levelUpTyp'"
273,"b'e"":""NORMAL"",""participantId"":2,""skillSlot"":2,""timestamp"":153576,""type"":""SKILL_LEVEL_UP""},{""levelUpType"":""NORMAL"",""participantId"":'"
274,"b'4,""skillSlot"":3,""timestamp"":153709,""type"":""SKILL_LEVEL_UP""},{""levelUpType"":""NORMAL"",""participantId"":5,""skillSlot"":3,""timestamp"":'"
275,"b'154312,""type"":""SKILL_LEVEL_UP""},{""itemId"":2003,""participantId"":5,""timestamp"":155342,""type"":""ITEM_DESTROYED""},{""level"":3,""partici'"
276,"b'pantId"":3,""timestamp"":156172,""type"":""LEVEL_UP""},{""level"":3,""participantId"":6,""timestamp"":156704,""type"":""LEVEL_UP""},{""itemId"":200'"
277,"b'3,""participantId"":10,""timestamp"":157837,""type"":""ITEM_DESTROYED""},{""levelUpType"":""NORMAL"",""participantId"":3,""skillSlot"":1,""timest'"
278,"b'amp"":158306,""type"":""SKILL_LEVEL_UP""},{""levelUpType"":""NORMAL"",""participantId"":6,""skillSlot"":4,""timestamp"":158671,""type"":""SKILL_LE'"
279,"b'VEL_UP""},{""creatorId"":4,""timestamp"":160043,""type"":""WARD_PLACED"",""wardType"":""YELLOW_TRINKET""},{""level"":3,""participantId"":8,""times'"
280,"b'tamp"":160243,""type"":""LEVEL_UP""},{""levelUpType"":""NORMAL"",""participantId"":8,""skillSlot"":3,""timestamp"":161679,""type"":""SKILL_LEVEL_U'"
281,"b'P""},{""creatorId"":7,""timestamp"":167818,""type"":""WARD_PLACED"",""wardType"":""YELLOW_TRINKET""},{""level"":3,""participantId"":1,""timestamp""'"
282,"b':173515,""type"":""LEVEL_UP""},{""levelUpType"":""NORMAL"",""participantId"":1,""skillSlot"":2,""timestamp"":174318,""type"":""SKILL_LEVEL_UP""},{'"
283,"b'""itemId"":2003,""participantId"":5,""timestamp"":179974,""type"":""ITEM_DESTROYED""}],""participantFrames"":{""1"":{""championStats"":{""ability'"
284,"b'Haste"":0,""abilityPower"":39,""armor"":42,""armorPen"":0,""armorPenPercent"":0,""attackDamage"":65,""attackSpeed"":102,""bonusArmorPenPercent'"
285,"b'"":0,""bonusMagicPenPercent"":0,""ccReduction"":10,""cooldownReduction"":0,""health"":673,""healthMax"":849,""healthRegen"":15,""lifesteal"":0,'"
286,"b'""magicPen"":0,""magicPenPercent"":0,""magicResist"":38,""movementSpeed"":345,""omnivamp"":0,""physicalVamp"":0,""power"":30,""powerMax"":150,""p'"
287,"b'owerRegen"":0,""spellVamp"":0},""currentGold"":276,""damageStats"":{""magicDamageDone"":2035,""magicDamageDoneToChampions"":399,""magicDamag'"
288,"b'eTaken"":54,""physicalDamageDone"":447,""physicalDamageDoneToChampions"":46,""physicalDamageTaken"":221,""totalDamageDone"":2482,""totalDa'"
289,"b'mageDoneToChampions"":445,""totalDamageTaken"":275,""trueDamageDone"":0,""trueDamageDoneToChampions"":0,""trueDamageTaken"":0},""goldPerSe'"
290,"b'cond"":0,""jungleMinionsKilled"":0,""level"":3,""minionsKilled"":7,""participantId"":1,""position"":{""x"":1136,""y"":11960},""timeEnemySpentCon'"
291,"b'trolled"":23072,""totalGold"":776,""xp"":738},""2"":{""championStats"":{""abilityHaste"":0,""abilityPower"":0,""armor"":44,""armorPen"":0,""armorP'"
292,"b'enPercent"":0,""attackDamage"":73,""attackSpeed"":134,""bonusArmorPenPercent"":0,""bonusMagicPenPercent"":0,""ccReduction"":0,""cooldownRedu'"
293,"b'ction"":0,""health"":591,""healthMax"":756,""healthRegen"":21,""lifesteal"":0,""magicPen"":0,""magicPenPercent"":0,""magicResist"":35,""movement'"
294,"b'Speed"":345,""omnivamp"":0,""physicalVamp"":0,""power"":0,""powerMax"":60,""powerRegen"":0,""spellVamp"":0},""currentGold"":537,""damageStats"":{'"
295,"b'""magicDamageDone"":161,""magicDamageDoneToChampions"":0,""magicDamageTaken"":0,""physicalDamageDone"":8099,""physicalDamageDoneToChampio'"
296,"b'ns"":0,""physicalDamageTaken"":1453,""totalDamageDone"":10312,""totalDamageDoneToChampions"":0,""totalDamageTaken"":1453,""trueDamageDone""'"
297,"b':2051,""trueDamageDoneToChampions"":0,""trueDamageTaken"":0},""goldPerSecond"":0,""jungleMinionsKilled"":16,""level"":3,""minionsKilled"":0,'"
298,"b'""participantId"":2,""position"":{""x"":5015,""y"":5911},""timeEnemySpentControlled"":50158,""totalGold"":1037,""xp"":861},""3"":{""championStats'"
299,"b'"":{""abilityHaste"":0,""abilityPower"":24,""armor"":30,""armorPen"":0,""armorPenPercent"":0,""attackDamage"":62,""attackSpeed"":112,""bonusArmo'"
300,"b'rPenPercent"":0,""bonusMagicPenPercent"":0,""ccReduction"":0,""cooldownReduction"":0,""health"":558,""healthMax"":779,""healthRegen"":14,""lif'"
301,"b'esteal"":0,""magicPen"":0,""magicPenPercent"":0,""magicResist"":31,""movementSpeed"":330,""omnivamp"":0,""physicalVamp"":0,""power"":346,""power'"
302,"b'Max"":614,""powerRegen"":18,""spellVamp"":0},""currentGold"":388,""damageStats"":{""magicDamageDone"":2497,""magicDamageDoneToChampions"":312'"
303,"b',""magicDamageTaken"":149,""physicalDamageDone"":1283,""physicalDamageDoneToChampions"":0,""physicalDamageTaken"":228,""totalDamageDone"":'"
304,"b'3781,""totalDamageDoneToChampions"":312,""totalDamageTaken"":397,""trueDamageDone"":0,""trueDamageDoneToChampions"":0,""trueDamageTaken"":'"
305,"b'18},""goldPerSecond"":0,""jungleMinionsKilled"":0,""level"":3,""minionsKilled"":14,""participantId"":3,""position"":{""x"":7081,""y"":7594},""tim'"
306,"b'eEnemySpentControlled"":7927,""totalGold"":888,""xp"":829},""4"":{""championStats"":{""abilityHaste"":0,""abilityPower"":0,""armor"":33,""armorP'"
307,"b'en"":0,""armorPenPercent"":0,""attackDamage"":77,""attackSpeed"":161,""bonusArmorPenPercent"":0,""bonusMagicPenPercent"":0,""ccReduction"":0,'"
308,"b'""cooldownReduction"":0,""health"":505,""healthMax"":753,""healthRegen"":8,""lifesteal"":0,""magicPen"":0,""magicPenPercent"":0,""magicResist"":'"
309,"b'30,""movementSpeed"":325,""omnivamp"":2,""physicalVamp"":0,""power"":164,""powerMax"":425,""powerRegen"":18,""spellVamp"":0},""currentGold"":460'"
310,"b',""damageStats"":{""magicDamageDone"":0,""magicDamageDoneToChampions"":0,""magicDamageTaken"":27,""physicalDamageDone"":4233,""physicalDama'"
311,"b'geDoneToChampions"":655,""physicalDamageTaken"":495,""totalDamageDone"":4233,""totalDamageDoneToChampions"":655,""totalDamageTaken"":522,'"
312,"b'""trueDamageDone"":0,""trueDamageDoneToChampions"":0,""trueDamageTaken"":0},""goldPerSecond"":0,""jungleMinionsKilled"":0,""level"":2,""minio'"
313,"b'nsKilled"":15,""participantId"":4,""position"":{""x"":11012,""y"":1141},""timeEnemySpentControlled"":0,""totalGold"":960,""xp"":508},""5"":{""cham'"
314,"b'pionStats"":{""abilityHaste"":0,""abilityPower"":14,""armor"":39,""armorPen"":0,""armorPenPercent"":0,""attackDamage"":64,""attackSpeed"":102,""'"
315,"b'bonusArmorPenPercent"":0,""bonusMagicPenPercent"":0,""ccReduction"":0,""cooldownReduction"":0,""health"":314,""healthMax"":711,""healthRegen'"
316,"b'"":16,""lifesteal"":0,""magicPen"":0,""magicPenPercent"":0,""magicResist"":33,""movementSpeed"":335,""omnivamp"":0,""physicalVamp"":0,""power"":3'"
317,"b'09,""powerMax"":351,""powerRegen"":18,""spellVamp"":0},""currentGold"":238,""damageStats"":{""magicDamageDone"":119,""magicDamageDoneToChampi'"
318,"b'ons"":119,""magicDamageTaken"":207,""physicalDamageDone"":658,""physicalDamageDoneToChampions"":343,""physicalDamageTaken"":468,""totalDam'"
319,"b'ageDone"":1412,""totalDamageDoneToChampions"":552,""totalDamageTaken"":683,""trueDamageDone"":635,""trueDamageDoneToChampions"":90,""trueD'"
320,"b'amageTaken"":7},""goldPerSecond"":20,""jungleMinionsKilled"":0,""level"":2,""minionsKilled"":2,""participantId"":5,""position"":{""x"":11321,""y'"
321,"b'"":1008},""timeEnemySpentControlled"":10439,""totalGold"":738,""xp"":508},""6"":{""championStats"":{""abilityHaste"":0,""abilityPower"":33,""arm'"
322,"b'or"":37,""armorPen"":0,""armorPenPercent"":0,""attackDamage"":67,""attackSpeed"":104,""bonusArmorPenPercent"":0,""bonusMagicPenPercent"":0,""c'"
323,"b'cReduction"":5,""cooldownReduction"":0,""health"":790,""healthMax"":906,""healthRegen"":14,""lifesteal"":0,""magicPen"":0,""magicPenPercent"":0'"
324,"b',""magicResist"":35,""movementSpeed"":350,""omnivamp"":0,""physicalVamp"":0,""power"":215,""powerMax"":344,""powerRegen"":16,""spellVamp"":0},""c'"
325,"b'urrentGold"":469,""damageStats"":{""magicDamageDone"":765,""magicDamageDoneToChampions"":54,""magicDamageTaken"":399,""physicalDamageDone""'"
326,"b':1591,""physicalDamageDoneToChampions"":61,""physicalDamageTaken"":138,""totalDamageDone"":2356,""totalDamageDoneToChampions"":115,""tota'"
327,"b'lDamageTaken"":537,""trueDamageDone"":0,""trueDamageDoneToChampions"":0,""trueDamageTaken"":0},""goldPerSecond"":0,""jungleMinionsKilled"":'"
328,"b'0,""level"":3,""minionsKilled"":16,""participantId"":6,""position"":{""x"":2840,""y"":11288},""timeEnemySpentControlled"":49250,""totalGold"":96'"
329,"b'9,""xp"":924},""7"":{""championStats"":{""abilityHaste"":0,""abilityPower"":9,""armor"":45,""armorPen"":0,""armorPenPercent"":0,""attackDamage"":6'"
330,"b'3,""attackSpeed"":114,""bonusArmorPenPercent"":0,""bonusMagicPenPercent"":0,""ccReduction"":0,""cooldownReduction"":0,""health"":696,""health'"
331,"b'Max"":770,""healthRegen"":21,""lifesteal"":0,""magicPen"":0,""magicPenPercent"":0,""magicResist"":31,""movementSpeed"":345,""omnivamp"":0,""phys'"
332,"b'icalVamp"":0,""power"":318,""powerMax"":361,""powerRegen"":29,""spellVamp"":0},""currentGold"":409,""damageStats"":{""magicDamageDone"":3577,""m'"
333,"b'agicDamageDoneToChampions"":117,""magicDamageTaken"":0,""physicalDamageDone"":2003,""physicalDamageDoneToChampions"":0,""physicalDamageT'"
334,"b'aken"":1237,""totalDamageDone"":8760,""totalDamageDoneToChampions"":117,""totalDamageTaken"":1237,""trueDamageDone"":3179,""trueDamageDone'"
335,"b'ToChampions"":0,""trueDamageTaken"":0},""goldPerSecond"":0,""jungleMinionsKilled"":11,""level"":3,""minionsKilled"":0,""participantId"":7,""po'"
336,"b'sition"":{""x"":9128,""y"":2341},""timeEnemySpentControlled"":25097,""totalGold"":909,""xp"":666},""8"":{""championStats"":{""abilityHaste"":0,""a'"
337,"b'bilityPower"":0,""armor"":38,""armorPen"":0,""armorPenPercent"":0,""attackDamage"":92,""attackSpeed"":104,""bonusArmorPenPercent"":0,""bonusMa'"
338,"b'gicPenPercent"":0,""ccReduction"":0,""cooldownReduction"":0,""health"":601,""healthMax"":800,""healthRegen"":99,""lifesteal"":0,""magicPen"":0,'"
339,"b'""magicPenPercent"":0,""magicResist"":40,""movementSpeed"":345,""omnivamp"":0,""physicalVamp"":0,""power"":150,""powerMax"":200,""powerRegen"":1'"
340,"b'00,""spellVamp"":0},""currentGold"":395,""damageStats"":{""magicDamageDone"":329,""magicDamageDoneToChampions"":47,""magicDamageTaken"":371,'"
341,"b'""physicalDamageDone"":2471,""physicalDamageDoneToChampions"":250,""physicalDamageTaken"":46,""totalDamageDone"":2828,""totalDamageDoneTo'"
342,"b'Champions"":324,""totalDamageTaken"":418,""trueDamageDone"":26,""trueDamageDoneToChampions"":26,""trueDamageTaken"":0},""goldPerSecond"":0,'"
343,"b'""jungleMinionsKilled"":0,""level"":3,""minionsKilled"":12,""participantId"":8,""position"":{""x"":8037,""y"":8010},""timeEnemySpentControlled""'"
344,"b':1701,""totalGold"":895,""xp"":829},""9"":{""championStats"":{""abilityHaste"":0,""abilityPower"":0,""armor"":37,""armorPen"":0,""armorPenPercent'"
345,"b'"":0,""attackDamage"":75,""attackSpeed"":112,""bonusArmorPenPercent"":0,""bonusMagicPenPercent"":0,""ccReduction"":0,""cooldownReduction"":0,'"
346,"b'""health"":562,""healthMax"":793,""healthRegen"":8,""lifesteal"":0,""magicPen"":0,""magicPenPercent"":0,""magicResist"":30,""movementSpeed"":335'"
347,"b',""omnivamp"":2,""physicalVamp"":0,""power"":152,""powerMax"":350,""powerRegen"":28,""spellVamp"":0},""currentGold"":467,""damageStats"":{""magic'"
348,"b'DamageDone"":76,""magicDamageDoneToChampions"":76,""magicDamageTaken"":0,""physicalDamageDone"":3193,""physicalDamageDoneToChampions"":65'"
349,"b'3,""physicalDamageTaken"":379,""totalDamageDone"":3269,""totalDamageDoneToChampions"":730,""totalDamageTaken"":379,""trueDamageDone"":0,""t'"
350,"b'rueDamageDoneToChampions"":0,""trueDamageTaken"":0},""goldPerSecond"":0,""jungleMinionsKilled"":0,""level"":2,""minionsKilled"":16,""partici'"
351,"b'pantId"":9,""position"":{""x"":11521,""y"":1964},""timeEnemySpentControlled"":0,""totalGold"":967,""xp"":564},""10"":{""championStats"":{""ability'"
352,"b'Haste"":0,""abilityPower"":5,""armor"":57,""armorPen"":0,""armorPenPercent"":0,""attackDamage"":57,""attackSpeed"":131,""bonusArmorPenPercent""'"
353,"b':0,""bonusMagicPenPercent"":0,""ccReduction"":0,""cooldownReduction"":0,""health"":299,""healthMax"":714,""healthRegen"":24,""lifesteal"":0,""m'"
354,"b'agicPen"":0,""magicPenPercent"":0,""magicResist"":35,""movementSpeed"":297,""omnivamp"":0,""physicalVamp"":0,""power"":292,""powerMax"":382,""po'"
355,"b'werRegen"":12,""spellVamp"":0},""currentGold"":259,""damageStats"":{""magicDamageDone"":206,""magicDamageDoneToChampions"":143,""magicDamage'"
356,"b'Taken"":59,""physicalDamageDone"":498,""physicalDamageDoneToChampions"":166,""physicalDamageTaken"":720,""totalDamageDone"":1326,""totalDa'"
357,"b'mageDoneToChampions"":309,""totalDamageTaken"":870,""trueDamageDone"":621,""trueDamageDoneToChampions"":0,""trueDamageTaken"":90},""goldPe'"
358,"b'rSecond"":20,""jungleMinionsKilled"":0,""level"":2,""minionsKilled"":3,""participantId"":10,""position"":{""x"":11743,""y"":1924},""timeEnemySpe'"
359,"b'ntControlled"":24771,""totalGold"":759,""xp"":564}},""timestamp"":180066},{""events"":[{""creatorId"":6,""timestamp"":181665,""type"":""WARD_PLA'"
360,"b'CED"",""wardType"":""YELLOW_TRINKET""},{""creatorId"":3,""timestamp"":181665,""type"":""WARD_PLACED"",""wardType"":""YELLOW_TRINKET""},{""creatorI'"
361,"b'd"":7,""timestamp"":182030,""type"":""WARD_PLACED"",""wardType"":""UNDEFINED""},{""level"":3,""participantId"":9,""timestamp"":190696,""type"":""LEV'"
362,"b'EL_UP""},{""level"":3,""participantId"":10,""timestamp"":190696,""type"":""LEVEL_UP""},{""levelUpType"":""NORMAL"",""participantId"":9,""skillSlot'"
363,"b'"":2,""timestamp"":191363,""type"":""SKILL_LEVEL_UP""},{""levelUpType"":""NORMAL"",""participantId"":10,""skillSlot"":3,""timestamp"":191430,""typ'"
364,"b'e"":""SKILL_LEVEL_UP""},{""itemId"":2010,""participantId"":4,""timestamp"":192896,""type"":""ITEM_DESTROYED""},{""level"":3,""participantId"":4,""'"
365,"b'timestamp"":194328,""type"":""LEVEL_UP""},{""level"":3,""participantId"":5,""timestamp"":194328,""type"":""LEVEL_UP""},{""levelUpType"":""NORMAL"",'"
366,"b'""participantId"":5,""skillSlot"":1,""timestamp"":194760,""type"":""SKILL_LEVEL_UP""},{""levelUpType"":""NORMAL"",""participantId"":4,""skillSlot'"
367,"b'"":2,""timestamp"":195096,""type"":""SKILL_LEVEL_UP""},{""level"":4,""participantId"":6,""timestamp"":196067,""type"":""LEVEL_UP""},{""itemId"":200'"
368,"b'3,""participantId"":2,""timestamp"":197470,""type"":""ITEM_DESTROYED""},{""itemId"":2003,""participantId"":3,""timestamp"":197703,""type"":""ITEM'"
369,"b'_DESTROYED""},{""creatorId"":7,""timestamp"":198405,""type"":""WARD_PLACED"",""wardType"":""UNDEFINED""},{""creatorId"":9,""timestamp"":200676,""t'"
370,"b'ype"":""WARD_PLACED"",""wardType"":""YELLOW_TRINKET""},{""level"":4,""participantId"":8,""timestamp"":200974,""type"":""LEVEL_UP""},{""levelUpType'"
371,"b'"":""NORMAL"",""participantId"":8,""skillSlot"":1,""timestamp"":202808,""type"":""SKILL_LEVEL_UP""},{""killerId"":5,""timestamp"":203108,""type"":""'"
372,"b'WARD_KILL"",""wardType"":""UNDEFINED""},{""creatorId"":5,""timestamp"":204277,""type"":""WARD_PLACED"",""wardType"":""YELLOW_TRINKET""},{""itemId""'"
373,"b':2003,""participantId"":1,""timestamp"":204577,""type"":""ITEM_DESTROYED""},{""itemId"":2003,""participantId"":7,""timestamp"":208078,""type"":""'"
374,"b'ITEM_DESTROYED""},{""itemId"":1083,""participantId"":6,""timestamp"":209176,""type"":""ITEM_PURCHASED""},{""level"":4,""participantId"":3,""time'"
375,"b'stamp"":209377,""type"":""LEVEL_UP""},{""itemId"":2003,""participantId"":6,""timestamp"":210210,""type"":""ITEM_SOLD""},{""level"":4,""participant'"
376,"b'Id"":1,""timestamp"":210277,""type"":""LEVEL_UP""},{""levelUpType"":""NORMAL"",""participantId"":3,""skillSlot"":2,""timestamp"":210310,""type"":""S'"
377,"b'KILL_LEVEL_UP""},{""itemId"":2010,""participantId"":9,""timestamp"":210343,""type"":""ITEM_DESTROYED""},{""itemId"":2003,""participantId"":6,""t'"
378,"b'imestamp"":210343,""type"":""ITEM_SOLD""},{""itemId"":2031,""participantId"":6,""timestamp"":211008,""type"":""ITEM_PURCHASED""},{""levelUpType""'"
379,"b':""NORMAL"",""participantId"":1,""skillSlot"":1,""timestamp"":211307,""type"":""SKILL_LEVEL_UP""},{""assistingParticipantIds"":[4,5],""bounty"":'"
380,"b'400,""killStreakLength"":0,""killerId"":2,""position"":{""x"":9834,""y"":3131},""shutdownBounty"":0,""timestamp"":211706,""type"":""CHAMPION_KILL'"
381,"b'"",""victimDamageDealt"":[{""basic"":false,""magicDamage"":0,""name"":""Nidalee"",""participantId"":2,""physicalDamage"":0,""spellName"":""burning'"
382,"b'"",""spellSlot"":-1,""trueDamage"":13,""type"":""OTHER""},{""basic"":true,""magicDamage"":0,""name"":""Nidalee"",""participantId"":2,""physicalDamag'"
383,"b'e"":46,""spellName"":""nidaleecougarbasicattack"",""spellSlot"":64,""trueDamage"":0,""type"":""OTHER""},{""basic"":false,""magicDamage"":71,""name'"
384,"b'"":""Nidalee"",""participantId"":2,""physicalDamage"":0,""spellName"":""javelintoss"",""spellSlot"":0,""trueDamage"":0,""type"":""OTHER""},{""basic""'"
385,"b':true,""magicDamage"":0,""name"":""Nidalee"",""participantId"":2,""physicalDamage"":44,""spellName"":""nidaleebasicattack"",""spellSlot"":64,""tr'"
386,"b'ueDamage"":0,""type"":""OTHER""},{""basic"":false,""magicDamage"":20,""name"":""Nidalee"",""participantId"":2,""physicalDamage"":0,""spellName"":""s'"
387,"b'wipe"",""spellSlot"":2,""trueDamage"":0,""type"":""OTHER""},{""basic"":false,""magicDamage"":50,""name"":""Nidalee"",""participantId"":2,""physicalD'"
388,"b'amage"":0,""spellName"":""pounce"",""spellSlot"":1,""trueDamage"":0,""type"":""OTHER""},{""basic"":true,""magicDamage"":0,""name"":""Nidalee"",""parti'"
389,"b'cipantId"":2,""physicalDamage"":14,""spellName"":""nidaleecougarbasicattack2"",""spellSlot"":65,""trueDamage"":0,""type"":""OTHER""},{""basic"":f'"
390,"b'alse,""magicDamage"":109,""name"":""Nidalee"",""participantId"":2,""physicalDamage"":0,""spellName"":""takedown"",""spellSlot"":0,""trueDamage"":0'"
391,"b',""type"":""OTHER""},{""basic"":false,""magicDamage"":0,""name"":""Nidalee"",""participantId"":5,""physicalDamage"":0,""spellName"":""burning"",""spe'"
392,"b'llSlot"":-1,""trueDamage"":10,""type"":""OTHER""},{""basic"":true,""magicDamage"":0,""name"":""Nidalee"",""participantId"":5,""physicalDamage"":44,'"
393,"b'""spellName"":""nidaleebasicattack2"",""spellSlot"":65,""trueDamage"":0,""type"":""OTHER""},{""basic"":false,""magicDamage"":24,""name"":""Nidalee""'"
394,"b',""participantId"":5,""physicalDamage"":0,""spellName"":""bushwhack"",""spellSlot"":1,""trueDamage"":0,""type"":""OTHER""}],""victimDamageReceive'"
395,"b'd"":[{""basic"":true,""magicDamage"":0,""name"":""Rakan"",""participantId"":5,""physicalDamage"":92,""spellName"":""rakanbasicattack2"",""spellSlo'"
396,"b't"":49,""trueDamage"":0,""type"":""OTHER""},{""basic"":false,""magicDamage"":60,""name"":""Rakan"",""participantId"":5,""physicalDamage"":0,""spellN'"
397,"b'ame"":""rakanq"",""spellSlot"":0,""trueDamage"":0,""type"":""OTHER""},{""basic"":false,""magicDamage"":61,""name"":""Rakan"",""participantId"":5,""phy'"
398,"b'sicalDamage"":0,""spellName"":""rakanw"",""spellSlot"":1,""trueDamage"":0,""type"":""OTHER""},{""basic"":true,""magicDamage"":0,""name"":""Rakan"",""p'"
399,"b'articipantId"":5,""physicalDamage"":46,""spellName"":""rakanbasicattack"",""spellSlot"":49,""trueDamage"":0,""type"":""OTHER""},{""basic"":false,'"
400,"b'""magicDamage"":81,""name"":""Belveth"",""participantId"":2,""physicalDamage"":0,""spellName"":""belvethw"",""spellSlot"":1,""trueDamage"":0,""type'"
401,"b'"":""OTHER""},{""basic"":false,""magicDamage"":0,""name"":""Belveth"",""participantId"":2,""physicalDamage"":0,""spellName"":""burning"",""spellSlot'"
402,"b'"":-1,""trueDamage"":7,""type"":""OTHER""},{""basic"":false,""magicDamage"":0,""name"":""Belveth"",""participantId"":2,""physicalDamage"":318,""spel'"
403,"b'lName"":""belvethq"",""spellSlot"":0,""trueDamage"":0,""type"":""OTHER""},{""basic"":true,""magicDamage"":0,""name"":""Belveth"",""participantId"":2,'"
404,"b'""physicalDamage"":51,""spellName"":""belvethbasicattack"",""spellSlot"":49,""trueDamage"":0,""type"":""OTHER""},{""basic"":true,""magicDamage"":0'"
405,"b',""name"":""Belveth"",""participantId"":2,""physicalDamage"":51,""spellName"":""belvethbasicattack2"",""spellSlot"":49,""trueDamage"":0,""type"":""'"
406,"b'OTHER""},{""basic"":false,""magicDamage"":70,""name"":""Ezreal"",""participantId"":4,""physicalDamage"":0,""spellName"":""ezreale"",""spellSlot"":2'"
407,"b',""trueDamage"":0,""type"":""OTHER""}],""victimId"":7},{""killType"":""KILL_FIRST_BLOOD"",""killerId"":2,""position"":{""x"":9946,""y"":3058},""times'"
408,"b'tamp"":211706,""type"":""CHAMPION_SPECIAL_KILL""},{""levelUpType"":""NORMAL"",""participantId"":6,""skillSlot"":3,""timestamp"":212407,""type"":""'"
409,"b'SKILL_LEVEL_UP""},{""assistingParticipantIds"":[2,4],""bounty"":300,""killStreakLength"":0,""killerId"":5,""position"":{""x"":10104,""y"":4165}'"
410,"b',""shutdownBounty"":0,""timestamp"":215942,""type"":""CHAMPION_KILL"",""victimDamageDealt"":[{""basic"":false,""magicDamage"":46,""name"":""Rell""'"
411,"b',""participantId"":2,""physicalDamage"":0,""spellName"":""rellq"",""spellSlot"":0,""trueDamage"":0,""type"":""OTHER""},{""basic"":false,""magicDama'"
412,"b'ge"":37,""name"":""Rell"",""participantId"":2,""physicalDamage"":0,""spellName"":""relle"",""spellSlot"":2,""trueDamage"":0,""type"":""OTHER""},{""bas'"
413,"b'ic"":false,""magicDamage"":47,""name"":""Rell"",""participantId"":2,""physicalDamage"":0,""spellName"":""rellw_dismount"",""spellSlot"":1,""trueDa'"
414,"b'mage"":0,""type"":""OTHER""},{""basic"":false,""magicDamage"":0,""name"":""Rell"",""participantId"":2,""physicalDamage"":0,""spellName"":""summonerd'"
415,"b'ot"",""spellSlot"":4,""trueDamage"":92,""type"":""OTHER""},{""basic"":true,""magicDamage"":0,""name"":""Rell"",""participantId"":2,""physicalDamage""'"
416,"b':67,""spellName"":""rellbasicattack2"",""spellSlot"":65,""trueDamage"":0,""type"":""OTHER""},{""basic"":true,""magicDamage"":0,""name"":""Rell"",""pa'"
417,"b'rticipantId"":2,""physicalDamage"":12,""spellName"":""rellbasicattack"",""spellSlot"":64,""trueDamage"":0,""type"":""OTHER""}],""victimDamageRec'"
418,"b'eived"":[{""basic"":false,""magicDamage"":73,""name"":""Belveth"",""participantId"":2,""physicalDamage"":0,""spellName"":""belvethw"",""spellSlot""'"
419,"b':1,""trueDamage"":0,""type"":""OTHER""},{""basic"":false,""magicDamage"":0,""name"":""Belveth"",""participantId"":2,""physicalDamage"":0,""spellNam'"
420,"b'e"":""burning"",""spellSlot"":-1,""trueDamage"":12,""type"":""OTHER""},{""basic"":false,""magicDamage"":0,""name"":""Belveth"",""participantId"":2,""p'"
421,"b'hysicalDamage"":0,""spellName"":""belvethe"",""spellSlot"":2,""trueDamage"":0,""type"":""OTHER""},{""basic"":false,""magicDamage"":0,""name"":""Belv'"
422,"b'eth"",""participantId"":2,""physicalDamage"":217,""spellName"":""belvethq"",""spellSlot"":0,""trueDamage"":0,""type"":""OTHER""},{""basic"":true,""m'"
423,"b'agicDamage"":0,""name"":""Belveth"",""participantId"":2,""physicalDamage"":45,""spellName"":""belvethbasicattack"",""spellSlot"":49,""trueDamage'"
424,"b'"":0,""type"":""OTHER""},{""basic"":true,""magicDamage"":0,""name"":""Belveth"",""participantId"":2,""physicalDamage"":45,""spellName"":""belvethbas'"
425,"b'icattack2"",""spellSlot"":49,""trueDamage"":0,""type"":""OTHER""},{""basic"":false,""magicDamage"":57,""name"":""Rakan"",""participantId"":5,""physi'"
426,"b'calDamage"":0,""spellName"":""rakanw"",""spellSlot"":1,""trueDamage"":0,""type"":""OTHER""},{""basic"":true,""magicDamage"":0,""name"":""Rakan"",""par'"
427,"b'ticipantId"":5,""physicalDamage"":40,""spellName"":""rakanbasicattack2"",""spellSlot"":49,""trueDamage"":0,""type"":""OTHER""},{""basic"":true,""m'"
428,"b'agicDamage"":0,""name"":""Rakan"",""participantId"":5,""physicalDamage"":40,""spellName"":""rakanbasicattackshort2"",""spellSlot"":49,""trueDama'"
429,"b'ge"":0,""type"":""OTHER""},{""basic"":true,""magicDamage"":0,""name"":""Ezreal"",""participantId"":4,""physicalDamage"":51,""spellName"":""ezrealbas'"
430,"b'icattack"",""spellSlot"":64,""trueDamage"":0,""type"":""OTHER""},{""basic"":false,""magicDamage"":66,""name"":""Ezreal"",""participantId"":4,""physi'"
431,"b'calDamage"":0,""spellName"":""ezrealw"",""spellSlot"":1,""trueDamage"":0,""type"":""OTHER""}],""victimId"":10},{""itemId"":1082,""participantId"":7'"
432,"b',""timestamp"":219248,""type"":""ITEM_PURCHASED""},{""itemId"":3340,""participantId"":7,""timestamp"":219954,""type"":""ITEM_DESTROYED""},{""item'"
433,"b'Id"":3364,""participantId"":7,""timestamp"":219954,""type"":""ITEM_PURCHASED""},{""creatorId"":5,""timestamp"":220287,""type"":""WARD_PLACED"",""w'"
434,"b'ardType"":""YELLOW_TRINKET""},{""bounty"":300,""killStreakLength"":0,""killerId"":9,""position"":{""x"":9416,""y"":1735},""shutdownBounty"":0,""ti'"
435,"b'mestamp"":223119,""type"":""CHAMPION_KILL"",""victimDamageDealt"":[{""basic"":false,""magicDamage"":0,""name"":""Ezreal"",""participantId"":9,""ph'"
436,"b'ysicalDamage"":40,""spellName"":"""",""spellSlot"":-1,""trueDamage"":0,""type"":""OTHER""},{""basic"":true,""magicDamage"":0,""name"":""Ezreal"",""par'"
437,"b'ticipantId"":9,""physicalDamage"":296,""spellName"":""ezrealbasicattack"",""spellSlot"":64,""trueDamage"":0,""type"":""OTHER""},{""basic"":false,'"
438,"b'""magicDamage"":0,""name"":""Ezreal"",""participantId"":9,""physicalDamage"":182,""spellName"":""ezrealq"",""spellSlot"":0,""trueDamage"":0,""type""'"
439,"b':""OTHER""}],""victimDamageReceived"":[{""basic"":true,""magicDamage"":0,""name"":""Lucian"",""participantId"":9,""physicalDamage"":118,""spellNa'"
440,"b'me"":""lucianbasicattack2"",""spellSlot"":65,""trueDamage"":0,""type"":""OTHER""},{""basic"":false,""magicDamage"":0,""name"":""Lucian"",""participa'"
441,"b'ntId"":9,""physicalDamage"":30,""spellName"":""lucianpassiveattack"",""spellSlot"":0,""trueDamage"":0,""type"":""OTHER""},{""basic"":false,""magic'"
442,"b'Damage"":0,""name"":""Lucian"",""participantId"":9,""physicalDamage"":41,""spellName"":"""",""spellSlot"":-1,""trueDamage"":0,""type"":""OTHER""},{""b'"
443,"b'asic"":true,""magicDamage"":0,""name"":""Lucian"",""participantId"":9,""physicalDamage"":118,""spellName"":""lucianbasicattack"",""spellSlot"":64'"
444,"b',""trueDamage"":0,""type"":""OTHER""},{""basic"":true,""magicDamage"":0,""name"":""Lucian"",""participantId"":9,""physicalDamage"":56,""spellName"":'"
445,"b'""lucianpassive"",""spellSlot"":63,""trueDamage"":0,""type"":""OTHER""}],""victimId"":4},{""itemId"":1001,""participantId"":10,""timestamp"":22408'"
446,"b'4,""type"":""ITEM_PURCHASED""},{""itemId"":2031,""participantId"":7,""timestamp"":224652,""type"":""ITEM_PURCHASED""},{""afterId"":0,""beforeId"":'"
447,"b'1001,""goldGain"":300,""participantId"":10,""timestamp"":225453,""type"":""ITEM_UNDO""},{""itemId"":2055,""participantId"":10,""timestamp"":2264'"
448,"b'53,""type"":""ITEM_PURCHASED""},{""itemId"":2031,""participantId"":10,""timestamp"":226721,""type"":""ITEM_PURCHASED""},{""itemId"":3070,""partic'"
449,"b'ipantId"":4,""timestamp"":232418,""type"":""ITEM_PURCHASED""},{""itemId"":1036,""participantId"":4,""timestamp"":232851,""type"":""ITEM_PURCHASE'"
450,"b'D""},{""itemId"":2003,""participantId"":4,""timestamp"":234918,""type"":""ITEM_PURCHASED""},{""bounty"":300,""killStreakLength"":1,""killerId"":5'"
451,"b',""position"":{""x"":11032,""y"":1111},""shutdownBounty"":0,""timestamp"":237858,""type"":""CHAMPION_KILL"",""victimDamageDealt"":[{""basic"":fals'"
452,"b'e,""magicDamage"":0,""name"":""Lucian"",""participantId"":5,""physicalDamage"":54,""spellName"":""lucianpassiveattack"",""spellSlot"":0,""trueDam'"
453,"b'age"":0,""type"":""OTHER""},{""basic"":false,""magicDamage"":0,""name"":""Lucian"",""participantId"":5,""physicalDamage"":39,""spellName"":"""",""spel'"
454,"b'lSlot"":-1,""trueDamage"":0,""type"":""OTHER""},{""basic"":true,""magicDamage"":0,""name"":""Lucian"",""participantId"":5,""physicalDamage"":113,""s'"
455,"b'pellName"":""lucianbasicattack"",""spellSlot"":64,""trueDamage"":0,""type"":""OTHER""},{""basic"":false,""magicDamage"":0,""name"":""Lucian"",""part'"
456,"b'icipantId"":5,""physicalDamage"":71,""spellName"":""lucianq"",""spellSlot"":0,""trueDamage"":0,""type"":""OTHER""},{""basic"":true,""magicDamage"":'"
457,"b'0,""name"":""Lucian"",""participantId"":5,""physicalDamage"":113,""spellName"":""lucianpassive"",""spellSlot"":63,""trueDamage"":0,""type"":""OTHER'"
458,"b'""},{""basic"":true,""magicDamage"":0,""name"":""Lucian"",""participantId"":5,""physicalDamage"":58,""spellName"":""lucianbasicattack2"",""spellSl'"
459,"b'ot"":65,""trueDamage"":0,""type"":""OTHER""}],""victimDamageReceived"":[{""basic"":true,""magicDamage"":0,""name"":""SRU_OrderMinionMelee"",""part'"
460,"b'icipantId"":0,""physicalDamage"":9,""spellName"":""sru_orderminionrangedbasicattack"",""spellSlot"":64,""trueDamage"":0,""type"":""MINION""},{""'"
461,"b'basic"":true,""magicDamage"":0,""name"":""SRU_OrderMinionMelee"",""participantId"":0,""physicalDamage"":21,""spellName"":""sru_orderminionmele'"
462,"b'ebasicattack"",""spellSlot"":64,""trueDamage"":0,""type"":""MINION""},{""basic"":true,""magicDamage"":0,""name"":""Turret"",""participantId"":0,""ph'"
463,"b'ysicalDamage"":408,""spellName"":""turretbasicattack"",""spellSlot"":64,""trueDamage"":0,""type"":""TOWER""},{""basic"":false,""magicDamage"":0,""'"
464,"b'name"":""Ezreal"",""participantId"":4,""physicalDamage"":40,""spellName"":"""",""spellSlot"":-1,""trueDamage"":0,""type"":""OTHER""},{""basic"":true,'"
465,"b'""magicDamage"":0,""name"":""Ezreal"",""participantId"":4,""physicalDamage"":296,""spellName"":""ezrealbasicattack"",""spellSlot"":64,""trueDamag'"
466,"b'e"":0,""type"":""OTHER""},{""basic"":false,""magicDamage"":0,""name"":""Ezreal"",""participantId"":4,""physicalDamage"":182,""spellName"":""ezrealq""'"
467,"b',""spellSlot"":0,""trueDamage"":0,""type"":""OTHER""},{""basic"":false,""magicDamage"":60,""name"":""Rakan"",""participantId"":5,""physicalDamage"":'"
468,"b'0,""spellName"":""rakanq"",""spellSlot"":0,""trueDamage"":0,""type"":""OTHER""}],""victimId"":9}],""participantFrames"":{""1"":{""championStats"":{""'"
469,"b'abilityHaste"":0,""abilityPower"":40,""armor"":46,""armorPen"":0,""armorPenPercent"":0,""attackDamage"":68,""attackSpeed"":104,""bonusArmorPen'"
470,"b'Percent"":0,""bonusMagicPenPercent"":0,""ccReduction"":7,""cooldownReduction"":0,""health"":837,""healthMax"":932,""healthRegen"":16,""lifeste'"
471,"b'al"":0,""magicPen"":0,""magicPenPercent"":0,""magicResist"":39,""movementSpeed"":345,""omnivamp"":0,""physicalVamp"":0,""power"":80,""powerMax"":'"
472,"b'150,""powerRegen"":0,""spellVamp"":0},""currentGold"":613,""damageStats"":{""magicDamageDone"":3529,""magicDamageDoneToChampions"":557,""magi'"
473,"b'cDamageTaken"":156,""physicalDamageDone"":1088,""physicalDamageDoneToChampions"":46,""physicalDamageTaken"":285,""totalDamageDone"":4618,'"
474,"b'""totalDamageDoneToChampions"":604,""totalDamageTaken"":441,""trueDamageDone"":0,""trueDamageDoneToChampions"":0,""trueDamageTaken"":0},""g'"
475,"b'oldPerSecond"":0,""jungleMinionsKilled"":0,""level"":4,""minionsKilled"":17,""participantId"":1,""position"":{""x"":1294,""y"":11239},""timeEnem'"
476,"b'ySpentControlled"":28001,""totalGold"":1113,""xp"":1386},""2"":{""championStats"":{""abilityHaste"":0,""abilityPower"":0,""armor"":44,""armorPen'"
477,"b'"":0,""armorPenPercent"":0,""attackDamage"":75,""attackSpeed"":139,""bonusArmorPenPercent"":0,""bonusMagicPenPercent"":0,""ccReduction"":0,""c'"
478,"b'ooldownReduction"":0,""health"":278,""healthMax"":756,""healthRegen"":21,""lifesteal"":0,""magicPen"":0,""magicPenPercent"":0,""magicResist"":3'"
479,"b'5,""movementSpeed"":340,""omnivamp"":0,""physicalVamp"":0,""power"":0,""powerMax"":60,""powerRegen"":0,""spellVamp"":0},""currentGold"":1250,""da'"
480,"b'mageStats"":{""magicDamageDone"":397,""magicDamageDoneToChampions"":155,""magicDamageTaken"":382,""physicalDamageDone"":12124,""physicalDa'"
481,"b'mageDoneToChampions"":729,""physicalDamageTaken"":1917,""totalDamageDone"":15121,""totalDamageDoneToChampions"":905,""totalDamageTaken"":'"
482,"b'2405,""trueDamageDone"":2599,""trueDamageDoneToChampions"":20,""trueDamageTaken"":105},""goldPerSecond"":0,""jungleMinionsKilled"":20,""lev'"
483,"b'el"":3,""minionsKilled"":0,""participantId"":2,""position"":{""x"":10433,""y"":5578},""timeEnemySpentControlled"":79512,""totalGold"":1750,""xp""'"
484,"b':1074},""3"":{""championStats"":{""abilityHaste"":0,""abilityPower"":24,""armor"":34,""armorPen"":0,""armorPenPercent"":0,""attackDamage"":65,""a'"
485,"b'ttackSpeed"":113,""bonusArmorPenPercent"":0,""bonusMagicPenPercent"":0,""ccReduction"":0,""cooldownReduction"":0,""health"":627,""healthMax""'"
486,"b':864,""healthRegen"":15,""lifesteal"":0,""magicPen"":0,""magicPenPercent"":0,""magicResist"":32,""movementSpeed"":330,""omnivamp"":0,""physical'"
487,"b'Vamp"":0,""power"":250,""powerMax"":662,""powerRegen"":19,""spellVamp"":0},""currentGold"":725,""damageStats"":{""magicDamageDone"":4564,""magic'"
488,"b'DamageDoneToChampions"":420,""magicDamageTaken"":167,""physicalDamageDone"":1561,""physicalDamageDoneToChampions"":0,""physicalDamageTak'"
489,"b'en"":424,""totalDamageDone"":6126,""totalDamageDoneToChampions"":420,""totalDamageTaken"":626,""trueDamageDone"":0,""trueDamageDoneToChamp'"
490,"b'ions"":0,""trueDamageTaken"":34},""goldPerSecond"":0,""jungleMinionsKilled"":0,""level"":4,""minionsKilled"":24,""participantId"":3,""position'"
491,"b'"":{""x"":6635,""y"":6753},""timeEnemySpentControlled"":17507,""totalGold"":1225,""xp"":1477},""4"":{""championStats"":{""abilityHaste"":0,""abili'"
492,"b'tyPower"":0,""armor"":36,""armorPen"":0,""armorPenPercent"":0,""attackDamage"":89,""attackSpeed"":113,""bonusArmorPenPercent"":0,""bonusMagicP'"
493,"b'enPercent"":0,""ccReduction"":0,""cooldownReduction"":0,""health"":830,""healthMax"":830,""healthRegen"":9,""lifesteal"":0,""magicPen"":0,""magi'"
494,"b'cPenPercent"":0,""magicResist"":31,""movementSpeed"":427,""omnivamp"":2,""physicalVamp"":0,""power"":674,""powerMax"":758,""powerRegen"":19,""sp'"
495,"b'ellVamp"":0},""currentGold"":42,""damageStats"":{""magicDamageDone"":137,""magicDamageDoneToChampions"":137,""magicDamageTaken"":275,""physi'"
496,"b'calDamageDone"":5864,""physicalDamageDoneToChampions"":1226,""physicalDamageTaken"":1022,""totalDamageDone"":6002,""totalDamageDoneToCha'"
497,"b'mpions"":1364,""totalDamageTaken"":1298,""trueDamageDone"":0,""trueDamageDoneToChampions"":0,""trueDamageTaken"":0},""goldPerSecond"":0,""ju'"
498,"b'ngleMinionsKilled"":0,""level"":3,""minionsKilled"":20,""participantId"":4,""position"":{""x"":3830,""y"":848},""timeEnemySpentControlled"":0,""'"
499,"b'totalGold"":1342,""xp"":797},""5"":{""championStats"":{""abilityHaste"":0,""abilityPower"":14,""armor"":43,""armorPen"":0,""armorPenPercent"":0,""'"
500,"b'attackDamage"":67,""attackSpeed"":104,""bonusArmorPenPercent"":0,""bonusMagicPenPercent"":0,""ccReduction"":0,""cooldownReduction"":0,""heal'"
501,"b'th"":41,""healthMax"":786,""healthRegen"":17,""lifesteal"":0,""magicPen"":0,""magicPenPercent"":0,""magicResist"":35,""movementSpeed"":335,""omn'"
502,"b'ivamp"":0,""physicalVamp"":0,""power"":184,""powerMax"":388,""powerRegen"":18,""spellVamp"":0},""currentGold"":1104,""damageStats"":{""magicDama'"
503,"b'geDone"":358,""magicDamageDoneToChampions"":358,""magicDamageTaken"":232,""physicalDamageDone"":1012,""physicalDamageDoneToChampions"":56'"
504,"b'2,""physicalDamageTaken"":1139,""totalDamageDone"":2281,""totalDamageDoneToChampions"":1011,""totalDamageTaken"":1389,""trueDamageDone"":9'"
505,"b'09,""trueDamageDoneToChampions"":90,""trueDamageTaken"":17},""goldPerSecond"":20,""jungleMinionsKilled"":0,""level"":3,""minionsKilled"":4,""'"
506,"b'participantId"":5,""position"":{""x"":9814,""y"":927},""timeEnemySpentControlled"":18197,""totalGold"":1604,""xp"":941},""6"":{""championStats"":'"
507,"b'{""abilityHaste"":0,""abilityPower"":33,""armor"":41,""armorPen"":0,""armorPenPercent"":0,""attackDamage"":78,""attackSpeed"":106,""bonusArmorP'"
508,"b'enPercent"":0,""bonusMagicPenPercent"":0,""ccReduction"":5,""cooldownReduction"":0,""health"":986,""healthMax"":986,""healthRegen"":15,""lifes'"
509,"b'teal"":0,""magicPen"":0,""magicPenPercent"":0,""magicResist"":36,""movementSpeed"":350,""omnivamp"":0,""physicalVamp"":0,""power"":384,""powerMa'"
510,"b'x"":384,""powerRegen"":17,""spellVamp"":0},""currentGold"":67,""damageStats"":{""magicDamageDone"":1621,""magicDamageDoneToChampions"":156,""m'"
511,"b'agicDamageTaken"":557,""physicalDamageDone"":2023,""physicalDamageDoneToChampions"":61,""physicalDamageTaken"":138,""totalDamageDone"":36'"
512,"b'45,""totalDamageDoneToChampions"":217,""totalDamageTaken"":695,""trueDamageDone"":0,""trueDamageDoneToChampions"":0,""trueDamageTaken"":0}'"
513,"b',""goldPerSecond"":0,""jungleMinionsKilled"":0,""level"":4,""minionsKilled"":18,""participantId"":6,""position"":{""x"":3677,""y"":13159},""timeE'"
514,"b'nemySpentControlled"":92001,""totalGold"":1127,""xp"":1170},""7"":{""championStats"":{""abilityHaste"":0,""abilityPower"":24,""armor"":45,""armo'"
515,"b'rPen"":0,""armorPenPercent"":0,""attackDamage"":63,""attackSpeed"":114,""bonusArmorPenPercent"":0,""bonusMagicPenPercent"":0,""ccReduction"":'"
516,"b'0,""cooldownReduction"":0,""health"":810,""healthMax"":810,""healthRegen"":13,""lifesteal"":0,""magicPen"":0,""magicPenPercent"":0,""magicResis'"
517,"b't"":31,""movementSpeed"":345,""omnivamp"":0,""physicalVamp"":0,""power"":361,""powerMax"":361,""powerRegen"":14,""spellVamp"":0},""currentGold"":'"
518,"b'32,""damageStats"":{""magicDamageDone"":4044,""magicDamageDoneToChampions"":583,""magicDamageTaken"":274,""physicalDamageDone"":2152,""phys'"
519,"b'icalDamageDoneToChampions"":149,""physicalDamageTaken"":1797,""totalDamageDone"":9399,""totalDamageDoneToChampions"":756,""totalDamageTa'"
520,"b'ken"":2080,""trueDamageDone"":3202,""trueDamageDoneToChampions"":23,""trueDamageTaken"":7},""goldPerSecond"":0,""jungleMinionsKilled"":11,""'"
521,"b'level"":3,""minionsKilled"":0,""participantId"":7,""position"":{""x"":11852,""y"":7593},""timeEnemySpentControlled"":35398,""totalGold"":1032,""'"
522,"b'xp"":678},""8"":{""championStats"":{""abilityHaste"":0,""abilityPower"":0,""armor"":42,""armorPen"":0,""armorPenPercent"":0,""attackDamage"":96,""'"
523,"b'attackSpeed"":107,""bonusArmorPenPercent"":0,""bonusMagicPenPercent"":0,""ccReduction"":0,""cooldownReduction"":0,""health"":808,""healthMax'"
524,"b'"":878,""healthRegen"":16,""lifesteal"":0,""magicPen"":0,""magicPenPercent"":0,""magicResist"":41,""movementSpeed"":345,""omnivamp"":0,""physica'"
525,"b'lVamp"":0,""power"":200,""powerMax"":200,""powerRegen"":100,""spellVamp"":0},""currentGold"":750,""damageStats"":{""magicDamageDone"":491,""magi'"
526,"b'cDamageDoneToChampions"":65,""magicDamageTaken"":479,""physicalDamageDone"":4939,""physicalDamageDoneToChampions"":446,""physicalDamageT'"
527,"b'aken"":46,""totalDamageDone"":5473,""totalDamageDoneToChampions"":553,""totalDamageTaken"":526,""trueDamageDone"":41,""trueDamageDoneToCha'"
528,"b'mpions"":41,""trueDamageTaken"":0},""goldPerSecond"":0,""jungleMinionsKilled"":0,""level"":4,""minionsKilled"":21,""participantId"":8,""positi'"
529,"b'on"":{""x"":7484,""y"":7495},""timeEnemySpentControlled"":12610,""totalGold"":1250,""xp"":1446},""9"":{""championStats"":{""abilityHaste"":0,""abi'"
530,"b'lityPower"":0,""armor"":40,""armorPen"":0,""armorPenPercent"":0,""attackDamage"":77,""attackSpeed"":114,""bonusArmorPenPercent"":0,""bonusMagi'"
531,"b'cPenPercent"":0,""ccReduction"":0,""cooldownReduction"":0,""health"":0,""healthMax"":868,""healthRegen"":9,""lifesteal"":0,""magicPen"":0,""magi'"
532,"b'cPenPercent"":0,""magicResist"":31,""movementSpeed"":335,""omnivamp"":2,""physicalVamp"":0,""power"":36,""powerMax"":423,""powerRegen"":16,""spe'"
533,"b'llVamp"":0},""currentGold"":974,""damageStats"":{""magicDamageDone"":133,""magicDamageDoneToChampions"":133,""magicDamageTaken"":60,""physic'"
534,"b'alDamageDone"":5543,""physicalDamageDoneToChampions"":1878,""physicalDamageTaken"":1397,""totalDamageDone"":5677,""totalDamageDoneToCham'"
535,"b'pions"":2012,""totalDamageTaken"":1458,""trueDamageDone"":0,""trueDamageDoneToChampions"":0,""trueDamageTaken"":0},""goldPerSecond"":0,""jun'"
536,"b'gleMinionsKilled"":0,""level"":3,""minionsKilled"":21,""participantId"":9,""position"":{""x"":11032,""y"":1111},""timeEnemySpentControlled"":0,'"
537,"b'""totalGold"":1474,""xp"":894},""10"":{""championStats"":{""abilityHaste"":0,""abilityPower"":5,""armor"":54,""armorPen"":0,""armorPenPercent"":0,'"
538,"b'""attackDamage"":59,""attackSpeed"":102,""bonusArmorPenPercent"":0,""bonusMagicPenPercent"":0,""ccReduction"":0,""cooldownReduction"":0,""hea'"
539,"b'lth"":793,""healthMax"":793,""healthRegen"":26,""lifesteal"":0,""magicPen"":0,""magicPenPercent"":0,""magicResist"":32,""movementSpeed"":341,""o'"
540,"b'mnivamp"":0,""physicalVamp"":0,""power"":416,""powerMax"":416,""powerRegen"":13,""spellVamp"":0},""currentGold"":190,""damageStats"":{""magicDam'"
541,"b'ageDone"":349,""magicDamageDoneToChampions"":274,""magicDamageTaken"":257,""physicalDamageDone"":811,""physicalDamageDoneToChampions"":24'"
542,"b'5,""physicalDamageTaken"":1161,""totalDamageDone"":1979,""totalDamageDoneToChampions"":613,""totalDamageTaken"":1521,""trueDamageDone"":81'"
543,"b'8,""trueDamageDoneToChampions"":92,""trueDamageTaken"":102},""goldPerSecond"":20,""jungleMinionsKilled"":0,""level"":3,""minionsKilled"":4,""'"
544,"b'participantId"":10,""position"":{""x"":13149,""y"":9067},""timeEnemySpentControlled"":33001,""totalGold"":915,""xp"":720}},""timestamp"":240066'"
545,"b'},{""events"":[{""level"":4,""participantId"":2,""timestamp"":243708,""type"":""LEVEL_UP""},{""itemId"":1036,""participantId"":9,""timestamp"":244'"
546,"b'546,""type"":""ITEM_PURCHASED""},{""itemId"":1036,""participantId"":9,""timestamp"":244714,""type"":""ITEM_PURCHASED""},{""itemId"":3158,""partic'"
547,"b'ipantId"":5,""timestamp"":247341,""type"":""ITEM_PURCHASED""},{""creatorId"":7,""timestamp"":247877,""type"":""WARD_PLACED"",""wardType"":""UNDEFI'"
548,"b'NED""},{""itemId"":2031,""participantId"":5,""timestamp"":248245,""type"":""ITEM_PURCHASED""},{""creatorId"":2,""timestamp"":248379,""type"":""WAR'"
549,"b'D_PLACED"",""wardType"":""YELLOW_TRINKET""},{""itemId"":3340,""participantId"":5,""timestamp"":248578,""type"":""ITEM_DESTROYED""},{""itemId"":33'"
550,"b'64,""participantId"":5,""timestamp"":248578,""type"":""ITEM_PURCHASED""},{""levelUpType"":""NORMAL"",""participantId"":2,""skillSlot"":2,""timest'"
551,"b'amp"":248946,""type"":""SKILL_LEVEL_UP""},{""itemId"":2031,""participantId"":5,""timestamp"":252382,""type"":""ITEM_SOLD""},{""afterId"":2031,""be'"
552,"b'foreId"":0,""goldGain"":-60,""participantId"":5,""timestamp"":252783,""type"":""ITEM_UNDO""},{""itemId"":2031,""participantId"":5,""timestamp"":2'"
553,"b'53850,""type"":""ITEM_SOLD""},{""afterId"":2031,""beforeId"":0,""goldGain"":-60,""participantId"":5,""timestamp"":254414,""type"":""ITEM_UNDO""},{'"
554,"b'""itemId"":2003,""participantId"":3,""timestamp"":258293,""type"":""ITEM_DESTROYED""},{""level"":5,""participantId"":1,""timestamp"":260524,""typ'"
555,"b'e"":""LEVEL_UP""},{""levelUpType"":""NORMAL"",""participantId"":1,""skillSlot"":1,""timestamp"":262125,""type"":""SKILL_LEVEL_UP""},{""creatorId"":'"
556,"b'7,""timestamp"":262826,""type"":""WARD_PLACED"",""wardType"":""UNDEFINED""},{""level"":5,""participantId"":3,""timestamp"":263756,""type"":""LEVEL_'"
557,"b'UP""},{""levelUpType"":""NORMAL"",""participantId"":3,""skillSlot"":1,""timestamp"":264589,""type"":""SKILL_LEVEL_UP""},{""level"":5,""participant'"
558,"b'Id"":8,""timestamp"":273521,""type"":""LEVEL_UP""},{""levelUpType"":""NORMAL"",""participantId"":8,""skillSlot"":1,""timestamp"":275682,""type"":""S'"
559,"b'KILL_LEVEL_UP""},{""creatorId"":6,""timestamp"":278720,""type"":""WARD_PLACED"",""wardType"":""YELLOW_TRINKET""},{""itemId"":2403,""participantI'"
560,"b'd"":5,""timestamp"":280216,""type"":""ITEM_DESTROYED""},{""creatorId"":1,""timestamp"":282318,""type"":""WARD_PLACED"",""wardType"":""YELLOW_TRINK'"
561,"b'ET""},{""creatorId"":7,""timestamp"":284620,""type"":""WARD_PLACED"",""wardType"":""UNDEFINED""},{""itemId"":3070,""participantId"":3,""timestamp""'"
562,"b':285555,""type"":""ITEM_PURCHASED""},{""itemId"":1052,""participantId"":3,""timestamp"":286690,""type"":""ITEM_PURCHASED""},{""afterId"":0,""befo'"
563,"b'reId"":1052,""goldGain"":435,""participantId"":3,""timestamp"":287526,""type"":""ITEM_UNDO""},{""itemId"":1001,""participantId"":3,""timestamp"":'"
564,"b'288126,""type"":""ITEM_PURCHASED""},{""itemId"":2031,""participantId"":3,""timestamp"":288460,""type"":""ITEM_PURCHASED""},{""itemId"":2055,""par'"
565,"b'ticipantId"":3,""timestamp"":288793,""type"":""ITEM_PURCHASED""},{""level"":4,""participantId"":7,""timestamp"":291695,""type"":""LEVEL_UP""},{""l'"
566,"b'evelUpType"":""NORMAL"",""participantId"":7,""skillSlot"":1,""timestamp"":292261,""type"":""SKILL_LEVEL_UP""},{""itemId"":3009,""participantId"":'"
567,"b'1,""timestamp"":293194,""type"":""ITEM_PURCHASED""},{""itemId"":3340,""participantId"":1,""timestamp"":293828,""type"":""ITEM_DESTROYED""},{""ite'"
568,"b'mId"":3364,""participantId"":1,""timestamp"":293828,""type"":""ITEM_PURCHASED""},{""itemId"":6670,""participantId"":2,""timestamp"":295097,""typ'"
569,"b'e"":""ITEM_PURCHASED""},{""itemId"":2055,""participantId"":2,""timestamp"":295663,""type"":""ITEM_PURCHASED""},{""itemId"":3340,""participantId""'"
570,"b':2,""timestamp"":295995,""type"":""ITEM_DESTROYED""},{""itemId"":3364,""participantId"":2,""timestamp"":295995,""type"":""ITEM_PURCHASED""},{""it'"
571,"b'emId"":1036,""participantId"":8,""timestamp"":298197,""type"":""ITEM_DESTROYED""},{""itemId"":3133,""participantId"":8,""timestamp"":298197,""ty'"
572,"b'pe"":""ITEM_PURCHASED""},{""level"":5,""participantId"":6,""timestamp"":298298,""type"":""LEVEL_UP""},{""itemId"":1036,""participantId"":8,""times'"
573,"b'tamp"":298432,""type"":""ITEM_PURCHASED""},{""level"":4,""participantId"":4,""timestamp"":299067,""type"":""LEVEL_UP""},{""level"":4,""participant'"
574,"b'Id"":5,""timestamp"":299067,""type"":""LEVEL_UP""},{""levelUpType"":""NORMAL"",""participantId"":5,""skillSlot"":2,""timestamp"":299802,""type"":""S'"
575,"b'KILL_LEVEL_UP""},{""levelUpType"":""NORMAL"",""participantId"":4,""skillSlot"":1,""timestamp"":299903,""type"":""SKILL_LEVEL_UP""}],""participan'"
576,"b'tFrames"":{""1"":{""championStats"":{""abilityHaste"":0,""abilityPower"":42,""armor"":50,""armorPen"":0,""armorPenPercent"":0,""attackDamage"":70'"
577,"b',""attackSpeed"":105,""bonusArmorPenPercent"":0,""bonusMagicPenPercent"":0,""ccReduction"":5,""cooldownReduction"":0,""health"":1019,""health'"
578,"b'Max"":1019,""healthRegen"":17,""lifesteal"":0,""magicPen"":0,""magicPenPercent"":0,""magicResist"":40,""movementSpeed"":405,""omnivamp"":0,""phy'"
579,"b'sicalVamp"":0,""power"":70,""powerMax"":150,""powerRegen"":0,""spellVamp"":0},""currentGold"":80,""damageStats"":{""magicDamageDone"":6068,""mag'"
580,"b'icDamageDoneToChampions"":602,""magicDamageTaken"":297,""physicalDamageDone"":1617,""physicalDamageDoneToChampions"":46,""physicalDamage'"
581,"b'Taken"":294,""totalDamageDone"":7685,""totalDamageDoneToChampions"":648,""totalDamageTaken"":591,""trueDamageDone"":0,""trueDamageDoneToCh'"
582,"b'ampions"":0,""trueDamageTaken"":0},""goldPerSecond"":0,""jungleMinionsKilled"":0,""level"":5,""minionsKilled"":29,""participantId"":1,""positi'"
583,"b'on"":{""x"":1350,""y"":3414},""timeEnemySpentControlled"":42555,""totalGold"":1480,""xp"":2125},""2"":{""championStats"":{""abilityHaste"":0,""abi'"
584,"b'lityPower"":0,""armor"":48,""armorPen"":0,""armorPenPercent"":0,""attackDamage"":106,""attackSpeed"":156,""bonusArmorPenPercent"":0,""bonusMag'"
585,"b'icPenPercent"":0,""ccReduction"":0,""cooldownReduction"":0,""health"":834,""healthMax"":834,""healthRegen"":31,""lifesteal"":0,""magicPen"":0,""'"
586,"b'magicPenPercent"":0,""magicResist"":36,""movementSpeed"":361,""omnivamp"":0,""physicalVamp"":0,""power"":0,""powerMax"":60,""powerRegen"":0,""sp'"
587,"b'ellVamp"":0},""currentGold"":169,""damageStats"":{""magicDamageDone"":1220,""magicDamageDoneToChampions"":155,""magicDamageTaken"":382,""phy'"
588,"b'sicalDamageDone"":13677,""physicalDamageDoneToChampions"":729,""physicalDamageTaken"":1926,""totalDamageDone"":18299,""totalDamageDoneTo'"
589,"b'Champions"":905,""totalDamageTaken"":2414,""trueDamageDone"":3401,""trueDamageDoneToChampions"":20,""trueDamageTaken"":105},""goldPerSecon'"
590,"b'd"":0,""jungleMinionsKilled"":28,""level"":4,""minionsKilled"":0,""participantId"":2,""position"":{""x"":2942,""y"":733},""timeEnemySpentControl'"
591,"b'led"":111312,""totalGold"":2044,""xp"":1397},""3"":{""championStats"":{""abilityHaste"":0,""abilityPower"":24,""armor"":38,""armorPen"":0,""armorP'"
592,"b'enPercent"":0,""attackDamage"":68,""attackSpeed"":114,""bonusArmorPenPercent"":0,""bonusMagicPenPercent"":0,""ccReduction"":0,""cooldownRedu'"
593,"b'ction"":0,""health"":956,""healthMax"":956,""healthRegen"":17,""lifesteal"":0,""magicPen"":0,""magicPenPercent"":0,""magicResist"":34,""movement'"
594,"b'Speed"":355,""omnivamp"":0,""physicalVamp"":0,""power"":826,""powerMax"":955,""powerRegen"":20,""spellVamp"":0},""currentGold"":111,""damageStat'"
595,"b's"":{""magicDamageDone"":6401,""magicDamageDoneToChampions"":420,""magicDamageTaken"":185,""physicalDamageDone"":2059,""physicalDamageDone'"
596,"b'ToChampions"":0,""physicalDamageTaken"":682,""totalDamageDone"":8461,""totalDamageDoneToChampions"":420,""totalDamageTaken"":921,""trueDam'"
597,"b'ageDone"":0,""trueDamageDoneToChampions"":0,""trueDamageTaken"":53},""goldPerSecond"":0,""jungleMinionsKilled"":0,""level"":5,""minionsKille'"
598,"b'd"":32,""participantId"":3,""position"":{""x"":7172,""y"":7439},""timeEnemySpentControlled"":31349,""totalGold"":1536,""xp"":1981},""4"":{""champi'"
599,"b'onStats"":{""abilityHaste"":0,""abilityPower"":0,""armor"":40,""armorPen"":0,""armorPenPercent"":0,""attackDamage"":91,""attackSpeed"":125,""bon'"
600,"b'usArmorPenPercent"":0,""bonusMagicPenPercent"":0,""ccReduction"":0,""cooldownReduction"":0,""health"":911,""healthMax"":911,""healthRegen"":1'"
601,"b'0,""lifesteal"":1,""magicPen"":0,""magicPenPercent"":0,""magicResist"":32,""movementSpeed"":325,""omnivamp"":2,""physicalVamp"":0,""power"":637,'"
602,"b'""powerMax"":828,""powerRegen"":21,""spellVamp"":0},""currentGold"":360,""damageStats"":{""magicDamageDone"":137,""magicDamageDoneToChampions'"
603,"b'"":137,""magicDamageTaken"":275,""physicalDamageDone"":7133,""physicalDamageDoneToChampions"":1226,""physicalDamageTaken"":1022,""totalDam'"
604,"b'ageDone"":7271,""totalDamageDoneToChampions"":1364,""totalDamageTaken"":1298,""trueDamageDone"":0,""trueDamageDoneToChampions"":0,""trueDa'"
605,"b'mageTaken"":0},""goldPerSecond"":0,""jungleMinionsKilled"":0,""level"":4,""minionsKilled"":29,""participantId"":4,""position"":{""x"":12035,""y""'"
606,"b':1674},""timeEnemySpentControlled"":0,""totalGold"":1660,""xp"":1158},""5"":{""championStats"":{""abilityHaste"":0,""abilityPower"":14,""armor""'"
607,"b':47,""armorPen"":0,""armorPenPercent"":0,""attackDamage"":69,""attackSpeed"":106,""bonusArmorPenPercent"":0,""bonusMagicPenPercent"":0,""ccRe'"
608,"b'duction"":0,""cooldownReduction"":0,""health"":864,""healthMax"":864,""healthRegen"":18,""lifesteal"":0,""magicPen"":0,""magicPenPercent"":0,""m'"
609,"b'agicResist"":36,""movementSpeed"":380,""omnivamp"":0,""physicalVamp"":0,""power"":370,""powerMax"":428,""powerRegen"":19,""spellVamp"":0},""curr'"
610,"b'entGold"":222,""damageStats"":{""magicDamageDone"":358,""magicDamageDoneToChampions"":358,""magicDamageTaken"":232,""physicalDamageDone"":1'"
611,"b'080,""physicalDamageDoneToChampions"":562,""physicalDamageTaken"":1139,""totalDamageDone"":2488,""totalDamageDoneToChampions"":1011,""tot'"
612,"b'alDamageTaken"":1389,""trueDamageDone"":1049,""trueDamageDoneToChampions"":90,""trueDamageTaken"":17},""goldPerSecond"":20,""jungleMinions'"
613,"b'Killed"":0,""level"":4,""minionsKilled"":6,""participantId"":5,""position"":{""x"":12392,""y"":1867},""timeEnemySpentControlled"":18197,""totalG'"
614,"b'old"":1822,""xp"":1149},""6"":{""championStats"":{""abilityHaste"":0,""abilityPower"":33,""armor"":45,""armorPen"":0,""armorPenPercent"":0,""attac'"
615,"b'kDamage"":81,""attackSpeed"":139,""bonusArmorPenPercent"":0,""bonusMagicPenPercent"":0,""ccReduction"":6,""cooldownReduction"":0,""health"":9'"
616,"b'51,""healthMax"":1069,""healthRegen"":16,""lifesteal"":30,""magicPen"":0,""magicPenPercent"":0,""magicResist"":38,""movementSpeed"":350,""omniv'"
617,"b'amp"":0,""physicalVamp"":0,""power"":319,""powerMax"":425,""powerRegen"":17,""spellVamp"":0},""currentGold"":391,""damageStats"":{""magicDamageD'"
618,"b'one"":3634,""magicDamageDoneToChampions"":297,""magicDamageTaken"":602,""physicalDamageDone"":2771,""physicalDamageDoneToChampions"":61,""'"
619,"b'physicalDamageTaken"":443,""totalDamageDone"":6405,""totalDamageDoneToChampions"":358,""totalDamageTaken"":1045,""trueDamageDone"":0,""tru'"
620,"b'eDamageDoneToChampions"":0,""trueDamageTaken"":0},""goldPerSecond"":0,""jungleMinionsKilled"":0,""level"":5,""minionsKilled"":26,""participa'"
621,"b'ntId"":6,""position"":{""x"":2951,""y"":12912},""timeEnemySpentControlled"":204819,""totalGold"":1451,""xp"":1727},""7"":{""championStats"":{""abi'"
622,"b'lityHaste"":0,""abilityPower"":33,""armor"":49,""armorPen"":0,""armorPenPercent"":0,""attackDamage"":65,""attackSpeed"":117,""bonusArmorPenPer'"
623,"b'cent"":0,""bonusMagicPenPercent"":0,""ccReduction"":0,""cooldownReduction"":0,""health"":749,""healthMax"":896,""healthRegen"":14,""lifesteal""'"
624,"b':0,""magicPen"":0,""magicPenPercent"":0,""magicResist"":32,""movementSpeed"":370,""omnivamp"":0,""physicalVamp"":0,""power"":397,""powerMax"":39'"
625,"b'7,""powerRegen"":105,""spellVamp"":0},""currentGold"":469,""damageStats"":{""magicDamageDone"":7775,""magicDamageDoneToChampions"":583,""magi'"
626,"b'cDamageTaken"":658,""physicalDamageDone"":3541,""physicalDamageDoneToChampions"":149,""physicalDamageTaken"":2543,""totalDamageDone"":167'"
627,"b'33,""totalDamageDoneToChampions"":756,""totalDamageTaken"":3208,""trueDamageDone"":5415,""trueDamageDoneToChampions"":23,""trueDamageTake'"
628,"b'n"":7},""goldPerSecond"":0,""jungleMinionsKilled"":23,""level"":4,""minionsKilled"":0,""participantId"":7,""position"":{""x"":11394,""y"":4873},""'"
629,"b'timeEnemySpentControlled"":35398,""totalGold"":1469,""xp"":1213},""8"":{""championStats"":{""abilityHaste"":0,""abilityPower"":0,""armor"":46,""'"
630,"b'armorPen"":0,""armorPenPercent"":0,""attackDamage"":124,""attackSpeed"":110,""bonusArmorPenPercent"":0,""bonusMagicPenPercent"":0,""ccReduct'"
631,"b'ion"":0,""cooldownReduction"":0,""health"":959,""healthMax"":959,""healthRegen"":18,""lifesteal"":0,""magicPen"":0,""magicPenPercent"":0,""magic'"
632,"b'Resist"":43,""movementSpeed"":345,""omnivamp"":0,""physicalVamp"":0,""power"":200,""powerMax"":200,""powerRegen"":100,""spellVamp"":0},""current'"
633,"b'Gold"":41,""damageStats"":{""magicDamageDone"":788,""magicDamageDoneToChampions"":82,""magicDamageTaken"":479,""physicalDamageDone"":7693,""'"
634,"b'physicalDamageDoneToChampions"":704,""physicalDamageTaken"":119,""totalDamageDone"":8542,""totalDamageDoneToChampions"":848,""totalDamag'"
635,"b'eTaken"":598,""trueDamageDone"":61,""trueDamageDoneToChampions"":61,""trueDamageTaken"":0},""goldPerSecond"":0,""jungleMinionsKilled"":0,""l'"
636,"b'evel"":5,""minionsKilled"":33,""participantId"":8,""position"":{""x"":14340,""y"":14391},""timeEnemySpentControlled"":22940,""totalGold"":1641,'"
637,"b'""xp"":2125},""9"":{""championStats"":{""abilityHaste"":0,""abilityPower"":0,""armor"":40,""armorPen"":0,""armorPenPercent"":0,""attackDamage"":97'"
638,"b',""attackSpeed"":114,""bonusArmorPenPercent"":0,""bonusMagicPenPercent"":0,""ccReduction"":0,""cooldownReduction"":0,""health"":868,""healthM'"
639,"b'ax"":868,""healthRegen"":9,""lifesteal"":0,""magicPen"":0,""magicPenPercent"":0,""magicResist"":31,""movementSpeed"":335,""omnivamp"":2,""physic'"
640,"b'alVamp"":0,""power"":423,""powerMax"":423,""powerRegen"":16,""spellVamp"":0},""currentGold"":515,""damageStats"":{""magicDamageDone"":133,""magi'"
641,"b'cDamageDoneToChampions"":133,""magicDamageTaken"":60,""physicalDamageDone"":6227,""physicalDamageDoneToChampions"":1878,""physicalDamage'"
642,"b'Taken"":1397,""totalDamageDone"":6360,""totalDamageDoneToChampions"":2012,""totalDamageTaken"":1458,""trueDamageDone"":0,""trueDamageDoneT'"
643,"b'oChampions"":0,""trueDamageTaken"":0},""goldPerSecond"":0,""jungleMinionsKilled"":0,""level"":3,""minionsKilled"":28,""participantId"":9,""pos'"
644,"b'ition"":{""x"":12368,""y"":2663},""timeEnemySpentControlled"":0,""totalGold"":1715,""xp"":1106},""10"":{""championStats"":{""abilityHaste"":0,""ab'"
645,"b'ilityPower"":5,""armor"":54,""armorPen"":0,""armorPenPercent"":0,""attackDamage"":59,""attackSpeed"":102,""bonusArmorPenPercent"":0,""bonusMag'"
646,"b'icPenPercent"":0,""ccReduction"":0,""cooldownReduction"":0,""health"":793,""healthMax"":793,""healthRegen"":26,""lifesteal"":0,""magicPen"":0,""'"
647,"b'magicPenPercent"":0,""magicResist"":32,""movementSpeed"":341,""omnivamp"":0,""physicalVamp"":0,""power"":332,""powerMax"":416,""powerRegen"":13'"
648,"b',""spellVamp"":0},""currentGold"":324,""damageStats"":{""magicDamageDone"":349,""magicDamageDoneToChampions"":274,""magicDamageTaken"":257,""'"
649,"b'physicalDamageDone"":811,""physicalDamageDoneToChampions"":245,""physicalDamageTaken"":1161,""totalDamageDone"":1979,""totalDamageDoneTo'"
650,"b'Champions"":613,""totalDamageTaken"":1521,""trueDamageDone"":818,""trueDamageDoneToChampions"":92,""trueDamageTaken"":102},""goldPerSecond'"
651,"b'"":20,""jungleMinionsKilled"":0,""level"":3,""minionsKilled"":4,""participantId"":10,""position"":{""x"":12904,""y"":2232},""timeEnemySpentContr'"
652,"b'olled"":33001,""totalGold"":1049,""xp"":870}},""timestamp"":300091},{""events"":[{""levelUpType"":""NORMAL"",""participantId"":6,""skillSlot"":4,'"
653,"b'""timestamp"":301787,""type"":""SKILL_LEVEL_UP""},{""level"":4,""participantId"":9,""timestamp"":305683,""type"":""LEVEL_UP""},{""creatorId"":3,""t'"
654,"b'imestamp"":313932,""type"":""WARD_PLACED"",""wardType"":""YELLOW_TRINKET""},{""itemId"":2403,""participantId"":5,""timestamp"":316435,""type"":""I'"
655,"b'TEM_DESTROYED""},{""level"":6,""participantId"":8,""timestamp"":316835,""type"":""LEVEL_UP""},{""creatorId"":8,""timestamp"":317469,""type"":""WAR'"
656,"b'D_PLACED"",""wardType"":""YELLOW_TRINKET""},{""levelUpType"":""NORMAL"",""participantId"":8,""skillSlot"":4,""timestamp"":317804,""type"":""SKILL_'"
657,"b'LEVEL_UP""},{""itemId"":2003,""participantId"":4,""timestamp"":318004,""type"":""ITEM_DESTROYED""},{""itemId"":2055,""participantId"":3,""timest'"
658,"b'amp"":318071,""type"":""ITEM_DESTROYED""},{""creatorId"":3,""timestamp"":318071,""type"":""WARD_PLACED"",""wardType"":""CONTROL_WARD""},{""creator'"
659,"b'Id"":7,""timestamp"":325641,""type"":""WARD_PLACED"",""wardType"":""UNDEFINED""},{""itemId"":2055,""participantId"":2,""timestamp"":325707,""type""'"
660,"b':""ITEM_DESTROYED""},{""creatorId"":2,""timestamp"":325707,""type"":""WARD_PLACED"",""wardType"":""CONTROL_WARD""},{""creatorId"":9,""timestamp"":'"
661,"b'327772,""type"":""WARD_PLACED"",""wardType"":""YELLOW_TRINKET""},{""killerId"":8,""timestamp"":328970,""type"":""WARD_KILL"",""wardType"":""CONTROL'"
662,"b'_WARD""},{""levelUpType"":""NORMAL"",""participantId"":9,""skillSlot"":1,""timestamp"":329805,""type"":""SKILL_LEVEL_UP""},{""level"":6,""particip'"
663,"b'antId"":1,""timestamp"":336718,""type"":""LEVEL_UP""},{""levelUpType"":""NORMAL"",""participantId"":1,""skillSlot"":4,""timestamp"":337448,""type""'"
664,"b':""SKILL_LEVEL_UP""},{""itemId"":1001,""participantId"":7,""timestamp"":339280,""type"":""ITEM_PURCHASED""},{""itemId"":2055,""participantId"":7'"
665,"b',""timestamp"":340013,""type"":""ITEM_PURCHASED""},{""creatorId"":10,""timestamp"":346949,""type"":""WARD_PLACED"",""wardType"":""YELLOW_TRINKET""'"
666,"b'},{""creatorId"":4,""timestamp"":350880,""type"":""WARD_PLACED"",""wardType"":""YELLOW_TRINKET""},{""itemId"":2403,""participantId"":10,""timesta'"
667,"b'mp"":356723,""type"":""ITEM_DESTROYED""},{""level"":4,""participantId"":10,""timestamp"":357724,""type"":""LEVEL_UP""},{""creatorId"":7,""timestam'"
668,"b'p"":357892,""type"":""WARD_PLACED"",""wardType"":""UNDEFINED""},{""levelUpType"":""NORMAL"",""participantId"":10,""skillSlot"":3,""timestamp"":3586'"
669,"b'24,""type"":""SKILL_LEVEL_UP""}],""participantFrames"":{""1"":{""championStats"":{""abilityHaste"":0,""abilityPower"":43,""armor"":54,""armorPen""'"
670,"b':0,""armorPenPercent"":0,""attackDamage"":73,""attackSpeed"":107,""bonusArmorPenPercent"":0,""bonusMagicPenPercent"":0,""ccReduction"":6,""co'"
671,"b'oldownReduction"":0,""health"":1041,""healthMax"":1109,""healthRegen"":18,""lifesteal"":0,""magicPen"":0,""magicPenPercent"":0,""magicResist"":'"
672,"b'42,""movementSpeed"":405,""omnivamp"":0,""physicalVamp"":0,""power"":110,""powerMax"":150,""powerRegen"":0,""spellVamp"":0},""currentGold"":409,'"
673,"b'""damageStats"":{""magicDamageDone"":9207,""magicDamageDoneToChampions"":887,""magicDamageTaken"":400,""physicalDamageDone"":1923,""physica'"
674,"b'lDamageDoneToChampions"":46,""physicalDamageTaken"":298,""totalDamageDone"":11131,""totalDamageDoneToChampions"":933,""totalDamageTaken""'"
675,"b':698,""trueDamageDone"":0,""trueDamageDoneToChampions"":0,""trueDamageTaken"":0},""goldPerSecond"":0,""jungleMinionsKilled"":0,""level"":6,""'"
676,"b'minionsKilled"":38,""participantId"":1,""position"":{""x"":3351,""y"":13275},""timeEnemySpentControlled"":48286,""totalGold"":1809,""xp"":2649}'"
677,"b',""2"":{""championStats"":{""abilityHaste"":0,""abilityPower"":0,""armor"":48,""armorPen"":0,""armorPenPercent"":0,""attackDamage"":106,""attackS'"
678,"b'peed"":158,""bonusArmorPenPercent"":0,""bonusMagicPenPercent"":0,""ccReduction"":0,""cooldownReduction"":0,""health"":834,""healthMax"":834,""'"
679,"b'healthRegen"":31,""lifesteal"":0,""magicPen"":0,""magicPenPercent"":0,""magicResist"":36,""movementSpeed"":361,""omnivamp"":0,""physicalVamp"":'"
680,"b'0,""power"":0,""powerMax"":60,""powerRegen"":0,""spellVamp"":0},""currentGold"":387,""damageStats"":{""magicDamageDone"":2629,""magicDamageDone'"
681,"b'ToChampions"":155,""magicDamageTaken"":382,""physicalDamageDone"":18011,""physicalDamageDoneToChampions"":729,""physicalDamageTaken"":212'"
682,"b'9,""totalDamageDone"":24615,""totalDamageDoneToChampions"":905,""totalDamageTaken"":2618,""trueDamageDone"":3975,""trueDamageDoneToChampi'"
683,"b'ons"":20,""trueDamageTaken"":105},""goldPerSecond"":0,""jungleMinionsKilled"":32,""level"":4,""minionsKilled"":0,""participantId"":2,""positio'"
684,"b'n"":{""x"":7934,""y"":2361},""timeEnemySpentControlled"":137879,""totalGold"":2262,""xp"":1572},""3"":{""championStats"":{""abilityHaste"":0,""abi'"
685,"b'lityPower"":24,""armor"":38,""armorPen"":0,""armorPenPercent"":0,""attackDamage"":68,""attackSpeed"":114,""bonusArmorPenPercent"":0,""bonusMag'"
686,"b'icPenPercent"":0,""ccReduction"":0,""cooldownReduction"":0,""health"":870,""healthMax"":959,""healthRegen"":17,""lifesteal"":0,""magicPen"":0,""'"
687,"b'magicPenPercent"":0,""magicResist"":34,""movementSpeed"":390,""omnivamp"":0,""physicalVamp"":0,""power"":800,""powerMax"":998,""powerRegen"":20'"
688,"b',""spellVamp"":0},""currentGold"":375,""damageStats"":{""magicDamageDone"":8528,""magicDamageDoneToChampions"":682,""magicDamageTaken"":185,'"
689,"b'""physicalDamageDone"":2354,""physicalDamageDoneToChampions"":0,""physicalDamageTaken"":897,""totalDamageDone"":10883,""totalDamageDoneTo'"
690,"b'Champions"":682,""totalDamageTaken"":1150,""trueDamageDone"":0,""trueDamageDoneToChampions"":0,""trueDamageTaken"":68},""goldPerSecond"":0,'"
691,"b'""jungleMinionsKilled"":0,""level"":5,""minionsKilled"":37,""participantId"":3,""position"":{""x"":6662,""y"":7187},""timeEnemySpentControlled""'"
692,"b':52546,""totalGold"":1800,""xp"":2353},""4"":{""championStats"":{""abilityHaste"":0,""abilityPower"":0,""armor"":40,""armorPen"":0,""armorPenPerc'"
693,"b'ent"":0,""attackDamage"":91,""attackSpeed"":125,""bonusArmorPenPercent"":0,""bonusMagicPenPercent"":0,""ccReduction"":0,""cooldownReduction""'"
694,"b':0,""health"":769,""healthMax"":911,""healthRegen"":10,""lifesteal"":1,""magicPen"":0,""magicPenPercent"":0,""magicResist"":32,""movementSpeed""'"
695,"b':325,""omnivamp"":2,""physicalVamp"":0,""power"":379,""powerMax"":864,""powerRegen"":21,""spellVamp"":0},""currentGold"":787,""damageStats"":{""m'"
696,"b'agicDamageDone"":206,""magicDamageDoneToChampions"":206,""magicDamageTaken"":275,""physicalDamageDone"":12163,""physicalDamageDoneToCham'"
697,"b'pions"":1595,""physicalDamageTaken"":1723,""totalDamageDone"":12369,""totalDamageDoneToChampions"":1801,""totalDamageTaken"":1999,""trueDa'"
698,"b'mageDone"":0,""trueDamageDoneToChampions"":0,""trueDamageTaken"":0},""goldPerSecond"":0,""jungleMinionsKilled"":0,""level"":4,""minionsKille'"
699,"b'd"":44,""participantId"":4,""position"":{""x"":13225,""y"":3140},""timeEnemySpentControlled"":0,""totalGold"":2087,""xp"":1578},""5"":{""championS'"
700,"b'tats"":{""abilityHaste"":0,""abilityPower"":14,""armor"":47,""armorPen"":0,""armorPenPercent"":0,""attackDamage"":69,""attackSpeed"":106,""bonus'"
701,"b'ArmorPenPercent"":0,""bonusMagicPenPercent"":0,""ccReduction"":0,""cooldownReduction"":0,""health"":864,""healthMax"":864,""healthRegen"":18,'"
702,"b'""lifesteal"":0,""magicPen"":0,""magicPenPercent"":0,""magicResist"":36,""movementSpeed"":380,""omnivamp"":0,""physicalVamp"":0,""power"":209,""p'"
703,"b'owerMax"":428,""powerRegen"":19,""spellVamp"":0},""currentGold"":404,""damageStats"":{""magicDamageDone"":539,""magicDamageDoneToChampions"":'"
704,"b'539,""magicDamageTaken"":517,""physicalDamageDone"":1450,""physicalDamageDoneToChampions"":787,""physicalDamageTaken"":1264,""totalDamage'"
705,"b'Done"":3641,""totalDamageDoneToChampions"":1546,""totalDamageTaken"":1799,""trueDamageDone"":1652,""trueDamageDoneToChampions"":220,""true'"
706,"b'DamageTaken"":17},""goldPerSecond"":20,""jungleMinionsKilled"":0,""level"":4,""minionsKilled"":8,""participantId"":5,""position"":{""x"":13418,'"
707,"b'""y"":3114},""timeEnemySpentControlled"":30616,""totalGold"":2004,""xp"":1569},""6"":{""championStats"":{""abilityHaste"":0,""abilityPower"":33,'"
708,"b'""armor"":45,""armorPen"":0,""armorPenPercent"":0,""attackDamage"":81,""attackSpeed"":139,""bonusArmorPenPercent"":0,""bonusMagicPenPercent"":'"
709,"b'0,""ccReduction"":6,""cooldownReduction"":0,""health"":643,""healthMax"":1069,""healthRegen"":16,""lifesteal"":15,""magicPen"":0,""magicPenPerc'"
710,"b'ent"":0,""magicResist"":38,""movementSpeed"":350,""omnivamp"":0,""physicalVamp"":0,""power"":240,""powerMax"":425,""powerRegen"":17,""spellVamp""'"
711,"b':0},""currentGold"":751,""damageStats"":{""magicDamageDone"":5754,""magicDamageDoneToChampions"":400,""magicDamageTaken"":887,""physicalDam'"
712,"b'ageDone"":4412,""physicalDamageDoneToChampions"":61,""physicalDamageTaken"":789,""totalDamageDone"":10166,""totalDamageDoneToChampions"":'"
713,"b'462,""totalDamageTaken"":1676,""trueDamageDone"":0,""trueDamageDoneToChampions"":0,""trueDamageTaken"":0},""goldPerSecond"":0,""jungleMinio'"
714,"b'nsKilled"":0,""level"":5,""minionsKilled"":39,""participantId"":6,""position"":{""x"":3891,""y"":13922},""timeEnemySpentControlled"":312657,""to'"
715,"b'talGold"":1811,""xp"":2310},""7"":{""championStats"":{""abilityHaste"":0,""abilityPower"":24,""armor"":49,""armorPen"":0,""armorPenPercent"":0,""a'"
716,"b'ttackDamage"":65,""attackSpeed"":117,""bonusArmorPenPercent"":0,""bonusMagicPenPercent"":0,""ccReduction"":0,""cooldownReduction"":0,""healt'"
717,"b'h"":853,""healthMax"":896,""healthRegen"":14,""lifesteal"":0,""magicPen"":0,""magicPenPercent"":0,""magicResist"":32,""movementSpeed"":462,""omn'"
718,"b'ivamp"":0,""physicalVamp"":0,""power"":349,""powerMax"":397,""powerRegen"":123,""spellVamp"":0},""currentGold"":245,""damageStats"":{""magicDama'"
719,"b'geDone"":9686,""magicDamageDoneToChampions"":795,""magicDamageTaken"":658,""physicalDamageDone"":3541,""physicalDamageDoneToChampions"":1'"
720,"b'49,""physicalDamageTaken"":2724,""totalDamageDone"":18871,""totalDamageDoneToChampions"":968,""totalDamageTaken"":3390,""trueDamageDone"":'"
721,"b'5643,""trueDamageDoneToChampions"":23,""trueDamageTaken"":7},""goldPerSecond"":0,""jungleMinionsKilled"":23,""level"":4,""minionsKilled"":2,'"
722,"b'""participantId"":7,""position"":{""x"":7818,""y"":9832},""timeEnemySpentControlled"":35398,""totalGold"":1620,""xp"":1232},""8"":{""championStat'"
723,"b's"":{""abilityHaste"":0,""abilityPower"":0,""armor"":50,""armorPen"":0,""armorPenPercent"":0,""attackDamage"":128,""attackSpeed"":113,""bonusArm'"
724,"b'orPenPercent"":0,""bonusMagicPenPercent"":0,""ccReduction"":0,""cooldownReduction"":0,""health"":804,""healthMax"":1045,""healthRegen"":102,""'"
725,"b'lifesteal"":0,""magicPen"":0,""magicPenPercent"":0,""magicResist"":45,""movementSpeed"":345,""omnivamp"":0,""physicalVamp"":0,""power"":200,""po'"
726,"b'werMax"":200,""powerRegen"":100,""spellVamp"":0},""currentGold"":384,""damageStats"":{""magicDamageDone"":931,""magicDamageDoneToChampions"":'"
727,"b'82,""magicDamageTaken"":741,""physicalDamageDone"":10520,""physicalDamageDoneToChampions"":918,""physicalDamageTaken"":267,""totalDamageD'"
728,"b'one"":11527,""totalDamageDoneToChampions"":1077,""totalDamageTaken"":1009,""trueDamageDone"":75,""trueDamageDoneToChampions"":75,""trueDam'"
729,"b'ageTaken"":0},""goldPerSecond"":0,""jungleMinionsKilled"":0,""level"":6,""minionsKilled"":41,""participantId"":8,""position"":{""x"":7727,""y"":7'"
730,"b'267},""timeEnemySpentControlled"":33521,""totalGold"":1989,""xp"":2596},""9"":{""championStats"":{""abilityHaste"":0,""abilityPower"":0,""armor'"
731,"b'"":43,""armorPen"":0,""armorPenPercent"":0,""attackDamage"":99,""attackSpeed"":117,""bonusArmorPenPercent"":0,""bonusMagicPenPercent"":0,""ccR'"
732,"b'eduction"":0,""cooldownReduction"":0,""health"":835,""healthMax"":947,""healthRegen"":10,""lifesteal"":0,""magicPen"":0,""magicPenPercent"":0,""'"
733,"b'magicResist"":32,""movementSpeed"":335,""omnivamp"":2,""physicalVamp"":0,""power"":284,""powerMax"":457,""powerRegen"":34,""spellVamp"":0},""cur'"
734,"b'rentGold"":891,""damageStats"":{""magicDamageDone"":232,""magicDamageDoneToChampions"":207,""magicDamageTaken"":180,""physicalDamageDone"":'"
735,"b'9469,""physicalDamageDoneToChampions"":2582,""physicalDamageTaken"":1504,""totalDamageDone"":9701,""totalDamageDoneToChampions"":2789,""t'"
736,"b'otalDamageTaken"":1685,""trueDamageDone"":0,""trueDamageDoneToChampions"":0,""trueDamageTaken"":0},""goldPerSecond"":0,""jungleMinionsKill'"
737,"b'ed"":0,""level"":4,""minionsKilled"":39,""participantId"":9,""position"":{""x"":13746,""y"":4100},""timeEnemySpentControlled"":0,""totalGold"":20'"
738,"b'91,""xp"":1507},""10"":{""championStats"":{""abilityHaste"":0,""abilityPower"":5,""armor"":64,""armorPen"":0,""armorPenPercent"":0,""attackDamage'"
739,"b'"":61,""attackSpeed"":133,""bonusArmorPenPercent"":0,""bonusMagicPenPercent"":0,""ccReduction"":0,""cooldownReduction"":0,""health"":457,""hea'"
740,"b'lthMax"":875,""healthRegen"":28,""lifesteal"":0,""magicPen"":0,""magicPenPercent"":0,""magicResist"":38,""movementSpeed"":297,""omnivamp"":0,""p'"
741,"b'hysicalVamp"":0,""power"":316,""powerMax"":451,""powerRegen"":13,""spellVamp"":0},""currentGold"":546,""damageStats"":{""magicDamageDone"":349,'"
742,"b'""magicDamageDoneToChampions"":274,""magicDamageTaken"":386,""physicalDamageDone"":872,""physicalDamageDoneToChampions"":247,""physicalDa'"
743,"b'mageTaken"":1681,""totalDamageDone"":2590,""totalDamageDoneToChampions"":615,""totalDamageTaken"":2300,""trueDamageDone"":1368,""trueDamag'"
744,"b'eDoneToChampions"":92,""trueDamageTaken"":232},""goldPerSecond"":20,""jungleMinionsKilled"":0,""level"":4,""minionsKilled"":6,""participantI'"
745,"b'd"":10,""position"":{""x"":13597,""y"":4315},""timeEnemySpentControlled"":33001,""totalGold"":1271,""xp"":1209}},""timestamp"":360091},{""events'"
746,"b'"":[{""killerId"":4,""timestamp"":360292,""type"":""WARD_KILL"",""wardType"":""YELLOW_TRINKET""},{""creatorId"":5,""timestamp"":360292,""type"":""WA'"
747,"b'RD_PLACED"",""wardType"":""UNDEFINED""},{""level"":6,""participantId"":6,""timestamp"":364435,""type"":""LEVEL_UP""},{""level"":5,""participantId""'"
748,"b':2,""timestamp"":365829,""type"":""LEVEL_UP""},{""levelUpType"":""NORMAL"",""participantId"":6,""skillSlot"":1,""timestamp"":365929,""type"":""SKIL'"
749,"b'L_LEVEL_UP""},{""level"":6,""participantId"":3,""timestamp"":366996,""type"":""LEVEL_UP""},{""levelUpType"":""NORMAL"",""participantId"":3,""skill'"
750,"b'Slot"":4,""timestamp"":367560,""type"":""SKILL_LEVEL_UP""},{""level"":5,""participantId"":4,""timestamp"":372926,""type"":""LEVEL_UP""},{""level"":'"
751,"b'5,""participantId"":5,""timestamp"":372926,""type"":""LEVEL_UP""},{""levelUpType"":""NORMAL"",""participantId"":5,""skillSlot"":2,""timestamp"":37'"
752,"b'3557,""type"":""SKILL_LEVEL_UP""},{""levelUpType"":""NORMAL"",""participantId"":4,""skillSlot"":1,""timestamp"":376799,""type"":""SKILL_LEVEL_UP""'"
753,"b'},{""creatorId"":7,""timestamp"":377767,""type"":""WARD_PLACED"",""wardType"":""UNDEFINED""},{""itemId"":2403,""participantId"":10,""timestamp"":3'"
754,"b'80597,""type"":""ITEM_DESTROYED""},{""levelUpType"":""NORMAL"",""participantId"":2,""skillSlot"":2,""timestamp"":381599,""type"":""SKILL_LEVEL_UP'"
755,"b'""},{""creatorId"":7,""timestamp"":393307,""type"":""WARD_PLACED"",""wardType"":""UNDEFINED""},{""creatorId"":10,""timestamp"":396273,""type"":""WAR'"
756,"b'D_PLACED"",""wardType"":""YELLOW_TRINKET""},{""level"":7,""participantId"":8,""timestamp"":402970,""type"":""LEVEL_UP""},{""itemId"":2055,""partic'"
757,"b'ipantId"":7,""timestamp"":403369,""type"":""ITEM_DESTROYED""},{""creatorId"":7,""timestamp"":403369,""type"":""WARD_PLACED"",""wardType"":""CONTRO'"
758,"b'L_WARD""},{""levelUpType"":""NORMAL"",""participantId"":8,""skillSlot"":1,""timestamp"":403702,""type"":""SKILL_LEVEL_UP""},{""level"":5,""partici'"
759,"b'pantId"":9,""timestamp"":404465,""type"":""LEVEL_UP""},{""assistingParticipantIds"":[5],""bounty"":0,""killerId"":2,""killerTeamId"":100,""monst'"
760,"b'erSubType"":""AIR_DRAGON"",""monsterType"":""DRAGON"",""position"":{""x"":9866,""y"":4414},""timestamp"":405795,""type"":""ELITE_MONSTER_KILL""},{""'"
761,"b'level"":7,""participantId"":1,""timestamp"":406163,""type"":""LEVEL_UP""},{""itemId"":1001,""participantId"":10,""timestamp"":406565,""type"":""IT'"
762,"b'EM_PURCHASED""},{""levelUpType"":""NORMAL"",""participantId"":9,""skillSlot"":1,""timestamp"":407601,""type"":""SKILL_LEVEL_UP""},{""itemId"":334'"
763,"b'0,""participantId"":10,""timestamp"":407702,""type"":""ITEM_DESTROYED""},{""itemId"":3364,""participantId"":10,""timestamp"":407702,""type"":""IT'"
764,"b'EM_PURCHASED""},{""levelUpType"":""NORMAL"",""participantId"":1,""skillSlot"":1,""timestamp"":407902,""type"":""SKILL_LEVEL_UP""},{""creatorId"":'"
765,"b'7,""timestamp"":410004,""type"":""WARD_PLACED"",""wardType"":""UNDEFINED""},{""itemId"":1028,""participantId"":10,""timestamp"":410237,""type"":""I'"
766,"b'TEM_PURCHASED""},{""level"":5,""participantId"":7,""timestamp"":413892,""type"":""LEVEL_UP""},{""levelUpType"":""NORMAL"",""participantId"":7,""sk'"
767,"b'illSlot"":1,""timestamp"":414756,""type"":""SKILL_LEVEL_UP""}],""participantFrames"":{""1"":{""championStats"":{""abilityHaste"":0,""abilityPowe'"
768,"b'r"":45,""armor"":58,""armorPen"":0,""armorPenPercent"":0,""attackDamage"":76,""attackSpeed"":108,""bonusArmorPenPercent"":0,""bonusMagicPenPer'"
769,"b'cent"":0,""ccReduction"":7,""cooldownReduction"":0,""health"":1099,""healthMax"":1203,""healthRegen"":19,""lifesteal"":0,""magicPen"":0,""magicP'"
770,"b'enPercent"":0,""magicResist"":43,""movementSpeed"":429,""omnivamp"":0,""physicalVamp"":0,""power"":100,""powerMax"":150,""powerRegen"":0,""spell'"
771,"b'Vamp"":0},""currentGold"":727,""damageStats"":{""magicDamageDone"":11557,""magicDamageDoneToChampions"":1033,""magicDamageTaken"":400,""phys'"
772,"b'icalDamageDone"":2553,""physicalDamageDoneToChampions"":46,""physicalDamageTaken"":482,""totalDamageDone"":14110,""totalDamageDoneToCham'"
773,"b'pions"":1080,""totalDamageTaken"":883,""trueDamageDone"":0,""trueDamageDoneToChampions"":0,""trueDamageTaken"":0},""goldPerSecond"":0,""jung'"
774,"b'leMinionsKilled"":0,""level"":7,""minionsKilled"":49,""participantId"":1,""position"":{""x"":2779,""y"":12830},""timeEnemySpentControlled"":582'"
775,"b'58,""totalGold"":2127,""xp"":3202},""2"":{""championStats"":{""abilityHaste"":0,""abilityPower"":0,""armor"":52,""armorPen"":0,""armorPenPercent""'"
776,"b':0,""attackDamage"":107,""attackSpeed"":133,""bonusArmorPenPercent"":0,""bonusMagicPenPercent"":0,""ccReduction"":0,""cooldownReduction"":0,'"
777,"b'""health"":622,""healthMax"":915,""healthRegen"":15,""lifesteal"":0,""magicPen"":0,""magicPenPercent"":0,""magicResist"":38,""movementSpeed"":38'"
778,"b'6,""omnivamp"":0,""physicalVamp"":0,""power"":0,""powerMax"":60,""powerRegen"":0,""spellVamp"":0},""currentGold"":663,""damageStats"":{""magicDam'"
779,"b'ageDone"":2926,""magicDamageDoneToChampions"":155,""magicDamageTaken"":382,""physicalDamageDone"":24492,""physicalDamageDoneToChampions""'"
780,"b':729,""physicalDamageTaken"":3143,""totalDamageDone"":33302,""totalDamageDoneToChampions"":905,""totalDamageTaken"":3631,""trueDamageDone'"
781,"b'"":5883,""trueDamageDoneToChampions"":20,""trueDamageTaken"":105},""goldPerSecond"":0,""jungleMinionsKilled"":40,""level"":5,""minionsKilled'"
782,"b'"":0,""participantId"":2,""position"":{""x"":7126,""y"":4587},""timeEnemySpentControlled"":145370,""totalGold"":2538,""xp"":1937},""3"":{""champio'"
783,"b'nStats"":{""abilityHaste"":0,""abilityPower"":24,""armor"":42,""armorPen"":0,""armorPenPercent"":0,""attackDamage"":71,""attackSpeed"":115,""bon'"
784,"b'usArmorPenPercent"":0,""bonusMagicPenPercent"":0,""ccReduction"":0,""cooldownReduction"":0,""health"":894,""healthMax"":1054,""healthRegen"":'"
785,"b'18,""lifesteal"":0,""magicPen"":0,""magicPenPercent"":0,""magicResist"":35,""movementSpeed"":355,""omnivamp"":0,""physicalVamp"":0,""power"":685'"
786,"b',""powerMax"":1048,""powerRegen"":22,""spellVamp"":0},""currentGold"":714,""damageStats"":{""magicDamageDone"":12288,""magicDamageDoneToChamp'"
787,"b'ions"":811,""magicDamageTaken"":204,""physicalDamageDone"":2884,""physicalDamageDoneToChampions"":0,""physicalDamageTaken"":1136,""totalDa'"
788,"b'mageDone"":15172,""totalDamageDoneToChampions"":811,""totalDamageTaken"":1429,""trueDamageDone"":0,""trueDamageDoneToChampions"":0,""trueD'"
789,"b'amageTaken"":88},""goldPerSecond"":0,""jungleMinionsKilled"":0,""level"":6,""minionsKilled"":50,""participantId"":3,""position"":{""x"":7176,""y'"
790,"b'"":6972},""timeEnemySpentControlled"":54140,""totalGold"":2139,""xp"":2997},""4"":{""championStats"":{""abilityHaste"":0,""abilityPower"":0,""ar'"
791,"b'mor"":44,""armorPen"":0,""armorPenPercent"":0,""attackDamage"":93,""attackSpeed"":117,""bonusArmorPenPercent"":0,""bonusMagicPenPercent"":0,""'"
792,"b'ccReduction"":0,""cooldownReduction"":0,""health"":987,""healthMax"":995,""healthRegen"":12,""lifesteal"":1,""magicPen"":0,""magicPenPercent"":'"
793,"b'0,""magicResist"":34,""movementSpeed"":347,""omnivamp"":2,""physicalVamp"":0,""power"":369,""powerMax"":940,""powerRegen"":23,""spellVamp"":0},""'"
794,"b'currentGold"":1110,""damageStats"":{""magicDamageDone"":345,""magicDamageDoneToChampions"":345,""magicDamageTaken"":331,""physicalDamageDo'"
795,"b'ne"":16067,""physicalDamageDoneToChampions"":1775,""physicalDamageTaken"":1758,""totalDamageDone"":16413,""totalDamageDoneToChampions"":2'"
796,"b'121,""totalDamageTaken"":2089,""trueDamageDone"":0,""trueDamageDoneToChampions"":0,""trueDamageTaken"":0},""goldPerSecond"":0,""jungleMinio'"
797,"b'nsKilled"":0,""level"":5,""minionsKilled"":56,""participantId"":4,""position"":{""x"":11499,""y"":3513},""timeEnemySpentControlled"":0,""totalGo'"
798,"b'ld"":2415,""xp"":2022},""5"":{""championStats"":{""abilityHaste"":0,""abilityPower"":16,""armor"":51,""armorPen"":0,""armorPenPercent"":0,""attack'"
799,"b'Damage"":72,""attackSpeed"":109,""bonusArmorPenPercent"":0,""bonusMagicPenPercent"":0,""ccReduction"":0,""cooldownReduction"":0,""health"":59'"
800,"b'9,""healthMax"":945,""healthRegen"":19,""lifesteal"":0,""magicPen"":0,""magicPenPercent"":0,""magicResist"":38,""movementSpeed"":380,""omnivamp'"
801,"b'"":0,""physicalVamp"":0,""power"":350,""powerMax"":469,""powerRegen"":20,""spellVamp"":0},""currentGold"":569,""damageStats"":{""magicDamageDone'"
802,"b'"":658,""magicDamageDoneToChampions"":658,""magicDamageTaken"":537,""physicalDamageDone"":2019,""physicalDamageDoneToChampions"":787,""phy'"
803,"b'sicalDamageTaken"":1642,""totalDamageDone"":4542,""totalDamageDoneToChampions"":1665,""totalDamageTaken"":2226,""trueDamageDone"":1863,""t'"
804,"b'rueDamageDoneToChampions"":220,""trueDamageTaken"":47},""goldPerSecond"":20,""jungleMinionsKilled"":0,""level"":5,""minionsKilled"":9,""part'"
805,"b'icipantId"":5,""position"":{""x"":8913,""y"":6348},""timeEnemySpentControlled"":30616,""totalGold"":2169,""xp"":1874},""6"":{""championStats"":{""'"
806,"b'abilityHaste"":0,""abilityPower"":33,""armor"":49,""armorPen"":0,""armorPenPercent"":0,""attackDamage"":84,""attackSpeed"":111,""bonusArmorPen'"
807,"b'Percent"":0,""bonusMagicPenPercent"":0,""ccReduction"":7,""cooldownReduction"":0,""health"":880,""healthMax"":1156,""healthRegen"":17,""lifest'"
808,"b'eal"":0,""magicPen"":0,""magicPenPercent"":0,""magicResist"":40,""movementSpeed"":350,""omnivamp"":0,""physicalVamp"":0,""power"":138,""powerMax'"
809,"b'"":468,""powerRegen"":18,""spellVamp"":0},""currentGold"":1177,""damageStats"":{""magicDamageDone"":7233,""magicDamageDoneToChampions"":400,""'"
810,"b'magicDamageTaken"":1033,""physicalDamageDone"":6103,""physicalDamageDoneToChampions"":61,""physicalDamageTaken"":1026,""totalDamageDone""'"
811,"b':13336,""totalDamageDoneToChampions"":462,""totalDamageTaken"":2059,""trueDamageDone"":0,""trueDamageDoneToChampions"":0,""trueDamageTake'"
812,"b'n"":0},""goldPerSecond"":0,""jungleMinionsKilled"":0,""level"":6,""minionsKilled"":53,""participantId"":6,""position"":{""x"":3336,""y"":13522},""'"
813,"b'timeEnemySpentControlled"":369658,""totalGold"":2237,""xp"":2988},""7"":{""championStats"":{""abilityHaste"":0,""abilityPower"":24,""armor"":53'"
814,"b',""armorPen"":0,""armorPenPercent"":0,""attackDamage"":68,""attackSpeed"":119,""bonusArmorPenPercent"":0,""bonusMagicPenPercent"":0,""ccReduc'"
815,"b'tion"":0,""cooldownReduction"":0,""health"":810,""healthMax"":986,""healthRegen"":15,""lifesteal"":0,""magicPen"":0,""magicPenPercent"":0,""magi'"
816,"b'cResist"":34,""movementSpeed"":407,""omnivamp"":0,""physicalVamp"":0,""power"":288,""powerMax"":434,""powerRegen"":64,""spellVamp"":0},""current'"
817,"b'Gold"":647,""damageStats"":{""magicDamageDone"":14800,""magicDamageDoneToChampions"":795,""magicDamageTaken"":1142,""physicalDamageDone"":4'"
818,"b'965,""physicalDamageDoneToChampions"":149,""physicalDamageTaken"":3382,""totalDamageDone"":27705,""totalDamageDoneToChampions"":968,""tot'"
819,"b'alDamageTaken"":4532,""trueDamageDone"":7939,""trueDamageDoneToChampions"":23,""trueDamageTaken"":7},""goldPerSecond"":0,""jungleMinionsKi'"
820,"b'lled"":35,""level"":5,""minionsKilled"":2,""participantId"":7,""position"":{""x"":3324,""y"":7788},""timeEnemySpentControlled"":35398,""totalGol'"
821,"b'd"":2022,""xp"":1954},""8"":{""championStats"":{""abilityHaste"":0,""abilityPower"":0,""armor"":54,""armorPen"":0,""armorPenPercent"":0,""attackDa'"
822,"b'mage"":132,""attackSpeed"":115,""bonusArmorPenPercent"":0,""bonusMagicPenPercent"":0,""ccReduction"":0,""cooldownReduction"":0,""health"":110'"
823,"b'9,""healthMax"":1133,""healthRegen"":20,""lifesteal"":0,""magicPen"":0,""magicPenPercent"":0,""magicResist"":46,""movementSpeed"":345,""omnivam'"
824,"b'p"":0,""physicalVamp"":0,""power"":130,""powerMax"":200,""powerRegen"":100,""spellVamp"":0},""currentGold"":819,""damageStats"":{""magicDamageDo'"
825,"b'ne"":1101,""magicDamageDoneToChampions"":121,""magicDamageTaken"":870,""physicalDamageDone"":15518,""physicalDamageDoneToChampions"":1436'"
826,"b',""physicalDamageTaken"":296,""totalDamageDone"":16745,""totalDamageDoneToChampions"":1683,""totalDamageTaken"":1167,""trueDamageDone"":12'"
827,"b'5,""trueDamageDoneToChampions"":125,""trueDamageTaken"":0},""goldPerSecond"":0,""jungleMinionsKilled"":0,""level"":7,""minionsKilled"":56,""p'"
828,"b'articipantId"":8,""position"":{""x"":9102,""y"":7503},""timeEnemySpentControlled"":46791,""totalGold"":2424,""xp"":3240},""9"":{""championStats""'"
829,"b':{""abilityHaste"":0,""abilityPower"":0,""armor"":46,""armorPen"":0,""armorPenPercent"":0,""attackDamage"":102,""attackSpeed"":120,""bonusArmor'"
830,"b'PenPercent"":0,""bonusMagicPenPercent"":0,""ccReduction"":0,""cooldownReduction"":0,""health"":767,""healthMax"":1030,""healthRegen"":11,""lif'"
831,"b'esteal"":1,""magicPen"":0,""magicPenPercent"":0,""magicResist"":34,""movementSpeed"":335,""omnivamp"":2,""physicalVamp"":0,""power"":321,""power'"
832,"b'Max"":492,""powerRegen"":18,""spellVamp"":0},""currentGold"":1209,""damageStats"":{""magicDamageDone"":288,""magicDamageDoneToChampions"":263'"
833,"b',""magicDamageTaken"":381,""physicalDamageDone"":10881,""physicalDamageDoneToChampions"":2582,""physicalDamageTaken"":1563,""totalDamageD'"
834,"b'one"":11169,""totalDamageDoneToChampions"":2845,""totalDamageTaken"":1945,""trueDamageDone"":0,""trueDamageDoneToChampions"":0,""trueDamag'"
835,"b'eTaken"":0},""goldPerSecond"":0,""jungleMinionsKilled"":0,""level"":5,""minionsKilled"":50,""participantId"":9,""position"":{""x"":13477,""y"":30'"
836,"b'31},""timeEnemySpentControlled"":0,""totalGold"":2409,""xp"":1971},""10"":{""championStats"":{""abilityHaste"":0,""abilityPower"":5,""armor"":57'"
837,"b',""armorPen"":0,""armorPenPercent"":0,""attackDamage"":61,""attackSpeed"":103,""bonusArmorPenPercent"":0,""bonusMagicPenPercent"":0,""ccReduc'"
838,"b'tion"":0,""cooldownReduction"":0,""health"":950,""healthMax"":1025,""healthRegen"":28,""lifesteal"":0,""magicPen"":0,""magicPenPercent"":0,""mag'"
839,"b'icResist"":34,""movementSpeed"":369,""omnivamp"":0,""physicalVamp"":0,""power"":424,""powerMax"":451,""powerRegen"":13,""spellVamp"":0},""curren'"
840,"b'tGold"":22,""damageStats"":{""magicDamageDone"":349,""magicDamageDoneToChampions"":274,""magicDamageTaken"":444,""physicalDamageDone"":934,'"
841,"b'""physicalDamageDoneToChampions"":247,""physicalDamageTaken"":1862,""totalDamageDone"":3149,""totalDamageDoneToChampions"":615,""totalDam'"
842,"b'ageTaken"":2539,""trueDamageDone"":1865,""trueDamageDoneToChampions"":92,""trueDamageTaken"":232},""goldPerSecond"":20,""jungleMinionsKill'"
843,"b'ed"":0,""level"":4,""minionsKilled"":8,""participantId"":10,""position"":{""x"":11303,""y"":10816},""timeEnemySpentControlled"":33001,""totalGol'"
844,"b'd"":1447,""xp"":1396}},""timestamp"":420112},{""events"":[{""killerId"":9,""timestamp"":421644,""type"":""WARD_KILL"",""wardType"":""UNDEFINED""},{'"
845,"b'""itemId"":1001,""participantId"":7,""timestamp"":425188,""type"":""ITEM_DESTROYED""},{""itemId"":3158,""participantId"":7,""timestamp"":425188,'"
846,"b'""type"":""ITEM_PURCHASED""},{""itemId"":2403,""participantId"":5,""timestamp"":425321,""type"":""ITEM_DESTROYED""},{""level"":7,""participantId""'"
847,"b':3,""timestamp"":428659,""type"":""LEVEL_UP""},{""levelUpType"":""NORMAL"",""participantId"":3,""skillSlot"":1,""timestamp"":429560,""type"":""SKIL'"
848,"b'L_LEVEL_UP""},{""itemId"":1028,""participantId"":5,""timestamp"":438696,""type"":""ITEM_PURCHASED""},{""itemId"":1004,""participantId"":5,""time'"
849,"b'stamp"":439132,""type"":""ITEM_PURCHASED""},{""creatorId"":8,""timestamp"":442187,""type"":""WARD_PLACED"",""wardType"":""YELLOW_TRINKET""},{""lev'"
850,"b'el"":7,""participantId"":6,""timestamp"":442320,""type"":""LEVEL_UP""},{""creatorId"":7,""timestamp"":442556,""type"":""WARD_PLACED"",""wardType"":'"
851,"b'""UNDEFINED""},{""itemId"":2055,""participantId"":10,""timestamp"":444188,""type"":""ITEM_DESTROYED""},{""creatorId"":10,""timestamp"":444188,""t'"
852,"b'ype"":""WARD_PLACED"",""wardType"":""CONTROL_WARD""},{""creatorId"":3,""timestamp"":447186,""type"":""WARD_PLACED"",""wardType"":""YELLOW_TRINKET""'"
853,"b'},{""levelUpType"":""NORMAL"",""participantId"":6,""skillSlot"":4,""timestamp"":447650,""type"":""SKILL_LEVEL_UP""},{""creatorId"":7,""timestamp""'"
854,"b':456848,""type"":""WARD_PLACED"",""wardType"":""UNDEFINED""},{""level"":6,""participantId"":4,""timestamp"":460414,""type"":""LEVEL_UP""},{""levelU'"
855,"b'pType"":""NORMAL"",""participantId"":4,""skillSlot"":4,""timestamp"":461549,""type"":""SKILL_LEVEL_UP""},{""creatorId"":6,""timestamp"":465079,""t'"
856,"b'ype"":""WARD_PLACED"",""wardType"":""YELLOW_TRINKET""},{""itemId"":3077,""participantId"":8,""timestamp"":467442,""type"":""ITEM_PURCHASED""},{""c'"
857,"b'reatorId"":7,""timestamp"":467575,""type"":""WARD_PLACED"",""wardType"":""UNDEFINED""},{""itemId"":3340,""participantId"":8,""timestamp"":469905,'"
858,"b'""type"":""ITEM_DESTROYED""},{""itemId"":3364,""participantId"":8,""timestamp"":469905,""type"":""ITEM_PURCHASED""},{""level"":6,""participantId""'"
859,"b':9,""timestamp"":471007,""type"":""LEVEL_UP""},{""levelUpType"":""NORMAL"",""participantId"":9,""skillSlot"":4,""timestamp"":471974,""type"":""SKIL'"
860,"b'L_LEVEL_UP""},{""level"":6,""participantId"":7,""timestamp"":474145,""type"":""LEVEL_UP""},{""itemId"":1043,""participantId"":2,""timestamp"":474'"
861,"b'279,""type"":""ITEM_PURCHASED""},{""itemId"":2055,""participantId"":2,""timestamp"":474745,""type"":""ITEM_PURCHASED""},{""itemId"":1001,""partic'"
862,"b'ipantId"":3,""timestamp"":474778,""type"":""ITEM_DESTROYED""},{""itemId"":3020,""participantId"":3,""timestamp"":474778,""type"":""ITEM_PURCHASE'"
863,"b'D""},{""levelUpType"":""NORMAL"",""participantId"":7,""skillSlot"":4,""timestamp"":474945,""type"":""SKILL_LEVEL_UP""},{""itemId"":2055,""particip'"
864,"b'antId"":3,""timestamp"":475314,""type"":""ITEM_PURCHASED""},{""killerId"":5,""timestamp"":475414,""type"":""WARD_KILL"",""wardType"":""CONTROL_WAR'"
865,"b'D""},{""creatorId"":5,""timestamp"":475414,""type"":""WARD_PLACED"",""wardType"":""UNDEFINED""}],""participantFrames"":{""1"":{""championStats"":{""'"
866,"b'abilityHaste"":0,""abilityPower"":45,""armor"":58,""armorPen"":0,""armorPenPercent"":0,""attackDamage"":76,""attackSpeed"":108,""bonusArmorPen'"
867,"b'Percent"":0,""bonusMagicPenPercent"":0,""ccReduction"":8,""cooldownReduction"":0,""health"":1040,""healthMax"":1203,""healthRegen"":19,""lifes'"
868,"b'teal"":0,""magicPen"":0,""magicPenPercent"":0,""magicResist"":43,""movementSpeed"":405,""omnivamp"":0,""physicalVamp"":0,""power"":140,""powerMa'"
869,"b'x"":150,""powerRegen"":0,""spellVamp"":0},""currentGold"":1107,""damageStats"":{""magicDamageDone"":16404,""magicDamageDoneToChampions"":1596'"
870,"b',""magicDamageTaken"":473,""physicalDamageDone"":3286,""physicalDamageDoneToChampions"":46,""physicalDamageTaken"":625,""totalDamageDone""'"
871,"b':19691,""totalDamageDoneToChampions"":1642,""totalDamageTaken"":1098,""trueDamageDone"":0,""trueDamageDoneToChampions"":0,""trueDamageTak'"
872,"b'en"":0},""goldPerSecond"":0,""jungleMinionsKilled"":0,""level"":7,""minionsKilled"":61,""participantId"":1,""position"":{""x"":2862,""y"":12876},'"
873,"b'""timeEnemySpentControlled"":60156,""totalGold"":2507,""xp"":3850},""2"":{""championStats"":{""abilityHaste"":0,""abilityPower"":0,""armor"":52,'"
874,"b'""armorPen"":0,""armorPenPercent"":0,""attackDamage"":107,""attackSpeed"":180,""bonusArmorPenPercent"":0,""bonusMagicPenPercent"":0,""ccReduc'"
875,"b'tion"":0,""cooldownReduction"":0,""health"":915,""healthMax"":915,""healthRegen"":34,""lifesteal"":0,""magicPen"":0,""magicPenPercent"":0,""magi'"
876,"b'cResist"":38,""movementSpeed"":386,""omnivamp"":0,""physicalVamp"":0,""power"":0,""powerMax"":60,""powerRegen"":0,""spellVamp"":0},""currentGold'"
877,"b'"":197,""damageStats"":{""magicDamageDone"":3506,""magicDamageDoneToChampions"":155,""magicDamageTaken"":382,""physicalDamageDone"":28766,""'"
878,"b'physicalDamageDoneToChampions"":729,""physicalDamageTaken"":3580,""totalDamageDone"":38551,""totalDamageDoneToChampions"":905,""totalDam'"
879,"b'ageTaken"":4069,""trueDamageDone"":6277,""trueDamageDoneToChampions"":20,""trueDamageTaken"":105},""goldPerSecond"":0,""jungleMinionsKille'"
880,"b'd"":48,""level"":5,""minionsKilled"":0,""participantId"":2,""position"":{""x"":1805,""y"":3408},""timeEnemySpentControlled"":161308,""totalGold""'"
881,"b':2847,""xp"":2351},""3"":{""championStats"":{""abilityHaste"":0,""abilityPower"":24,""armor"":46,""armorPen"":0,""armorPenPercent"":0,""attackDam'"
882,"b'age"":73,""attackSpeed"":116,""bonusArmorPenPercent"":0,""bonusMagicPenPercent"":0,""ccReduction"":0,""cooldownReduction"":0,""health"":1153,'"
883,"b'""healthMax"":1153,""healthRegen"":19,""lifesteal"":0,""magicPen"":18,""magicPenPercent"":0,""magicResist"":36,""movementSpeed"":433,""omnivamp'"
884,"b'"":0,""physicalVamp"":0,""power"":1155,""powerMax"":1155,""powerRegen"":23,""spellVamp"":0},""currentGold"":205,""damageStats"":{""magicDamageDo'"
885,"b'ne"":15933,""magicDamageDoneToChampions"":928,""magicDamageTaken"":204,""physicalDamageDone"":3428,""physicalDamageDoneToChampions"":0,""p'"
886,"b'hysicalDamageTaken"":1247,""totalDamageDone"":19361,""totalDamageDoneToChampions"":928,""totalDamageTaken"":1540,""trueDamageDone"":0,""tr'"
887,"b'ueDamageDoneToChampions"":0,""trueDamageTaken"":88},""goldPerSecond"":0,""jungleMinionsKilled"":0,""level"":7,""minionsKilled"":61,""partici'"
888,"b'pantId"":3,""position"":{""x"":2700,""y"":2161},""timeEnemySpentControlled"":83058,""totalGold"":2505,""xp"":3524},""4"":{""championStats"":{""abi'"
889,"b'lityHaste"":0,""abilityPower"":0,""armor"":48,""armorPen"":0,""armorPenPercent"":0,""attackDamage"":95,""attackSpeed"":129,""bonusArmorPenPerc'"
890,"b'ent"":0,""bonusMagicPenPercent"":0,""ccReduction"":0,""cooldownReduction"":0,""health"":912,""healthMax"":1082,""healthRegen"":13,""lifesteal""'"
891,"b':1,""magicPen"":0,""magicPenPercent"":0,""magicResist"":35,""movementSpeed"":325,""omnivamp"":2,""physicalVamp"":0,""power"":119,""powerMax"":10'"
892,"b'30,""powerRegen"":24,""spellVamp"":0},""currentGold"":1502,""damageStats"":{""magicDamageDone"":345,""magicDamageDoneToChampions"":345,""magi'"
893,"b'cDamageTaken"":331,""physicalDamageDone"":19323,""physicalDamageDoneToChampions"":1775,""physicalDamageTaken"":2010,""totalDamageDone"":1'"
894,"b'9669,""totalDamageDoneToChampions"":2121,""totalDamageTaken"":2342,""trueDamageDone"":0,""trueDamageDoneToChampions"":0,""trueDamageTaken'"
895,"b'"":0},""goldPerSecond"":0,""jungleMinionsKilled"":0,""level"":6,""minionsKilled"":68,""participantId"":4,""position"":{""x"":11899,""y"":2198},""t'"
896,"b'imeEnemySpentControlled"":0,""totalGold"":2807,""xp"":2646},""5"":{""championStats"":{""abilityHaste"":0,""abilityPower"":18,""armor"":51,""armo'"
897,"b'rPen"":0,""armorPenPercent"":0,""attackDamage"":72,""attackSpeed"":109,""bonusArmorPenPercent"":0,""bonusMagicPenPercent"":0,""ccReduction"":'"
898,"b'0,""cooldownReduction"":0,""health"":1095,""healthMax"":1095,""healthRegen"":19,""lifesteal"":0,""magicPen"":0,""magicPenPercent"":0,""magicRes'"
899,"b'ist"":38,""movementSpeed"":406,""omnivamp"":0,""physicalVamp"":0,""power"":406,""powerMax"":469,""powerRegen"":30,""spellVamp"":0},""currentGold'"
900,"b'"":168,""damageStats"":{""magicDamageDone"":658,""magicDamageDoneToChampions"":658,""magicDamageTaken"":537,""physicalDamageDone"":2100,""ph'"
901,"b'ysicalDamageDoneToChampions"":787,""physicalDamageTaken"":1642,""totalDamageDone"":5773,""totalDamageDoneToChampions"":1665,""totalDamag'"
902,"b'eTaken"":2226,""trueDamageDone"":3013,""trueDamageDoneToChampions"":220,""trueDamageTaken"":47},""goldPerSecond"":20,""jungleMinionsKilled'"
903,"b'"":0,""level"":5,""minionsKilled"":12,""participantId"":5,""position"":{""x"":12241,""y"":2214},""timeEnemySpentControlled"":30616,""totalGold"":'"
904,"b'2423,""xp"":2161},""6"":{""championStats"":{""abilityHaste"":0,""abilityPower"":33,""armor"":53,""armorPen"":0,""armorPenPercent"":0,""attackDama'"
905,"b'ge"":88,""attackSpeed"":114,""bonusArmorPenPercent"":0,""bonusMagicPenPercent"":0,""ccReduction"":7,""cooldownReduction"":0,""health"":959,""h'"
906,"b'ealthMax"":1245,""healthRegen"":19,""lifesteal"":15,""magicPen"":0,""magicPenPercent"":0,""magicResist"":41,""movementSpeed"":350,""omnivamp"":'"
907,"b'0,""physicalVamp"":0,""power"":39,""powerMax"":513,""powerRegen"":19,""spellVamp"":0},""currentGold"":1488,""damageStats"":{""magicDamageDone"":'"
908,"b'9739,""magicDamageDoneToChampions"":473,""magicDamageTaken"":1596,""physicalDamageDone"":7074,""physicalDamageDoneToChampions"":61,""phys'"
909,"b'icalDamageTaken"":1075,""totalDamageDone"":16814,""totalDamageDoneToChampions"":534,""totalDamageTaken"":2671,""trueDamageDone"":0,""trueD'"
910,"b'amageDoneToChampions"":0,""trueDamageTaken"":0},""goldPerSecond"":0,""jungleMinionsKilled"":0,""level"":7,""minionsKilled"":61,""participant'"
911,"b'Id"":6,""position"":{""x"":4834,""y"":13937},""timeEnemySpentControlled"":459441,""totalGold"":2548,""xp"":3697},""7"":{""championStats"":{""abili'"
912,"b'tyHaste"":0,""abilityPower"":36,""armor"":57,""armorPen"":0,""armorPenPercent"":0,""attackDamage"":71,""attackSpeed"":142,""bonusArmorPenPerce'"
913,"b'nt"":0,""bonusMagicPenPercent"":0,""ccReduction"":0,""cooldownReduction"":0,""health"":891,""healthMax"":1080,""healthRegen"":81,""lifesteal"":'"
914,"b'0,""magicPen"":0,""magicPenPercent"":0,""magicResist"":35,""movementSpeed"":448,""omnivamp"":0,""physicalVamp"":0,""power"":307,""powerMax"":472'"
915,"b',""powerRegen"":54,""spellVamp"":0},""currentGold"":338,""damageStats"":{""magicDamageDone"":18647,""magicDamageDoneToChampions"":795,""magic'"
916,"b'DamageTaken"":1142,""physicalDamageDone"":6011,""physicalDamageDoneToChampions"":149,""physicalDamageTaken"":4377,""totalDamageDone"":339'"
917,"b'70,""totalDamageDoneToChampions"":968,""totalDamageTaken"":5527,""trueDamageDone"":9311,""trueDamageDoneToChampions"":23,""trueDamageTake'"
918,"b'n"":7},""goldPerSecond"":0,""jungleMinionsKilled"":43,""level"":6,""minionsKilled"":2,""participantId"":7,""position"":{""x"":5208,""y"":10430},""'"
919,"b'timeEnemySpentControlled"":35398,""totalGold"":2363,""xp"":2465},""8"":{""championStats"":{""abilityHaste"":0,""abilityPower"":0,""armor"":54,""'"
920,"b'armorPen"":0,""armorPenPercent"":0,""attackDamage"":157,""attackSpeed"":115,""bonusArmorPenPercent"":0,""bonusMagicPenPercent"":0,""ccReduct'"
921,"b'ion"":0,""cooldownReduction"":0,""health"":1133,""healthMax"":1133,""healthRegen"":20,""lifesteal"":0,""magicPen"":0,""magicPenPercent"":0,""mag'"
922,"b'icResist"":46,""movementSpeed"":345,""omnivamp"":0,""physicalVamp"":0,""power"":200,""powerMax"":200,""powerRegen"":100,""spellVamp"":0},""curre'"
923,"b'ntGold"":20,""damageStats"":{""magicDamageDone"":1411,""magicDamageDoneToChampions"":121,""magicDamageTaken"":987,""physicalDamageDone"":21'"
924,"b'337,""physicalDamageDoneToChampions"":1505,""physicalDamageTaken"":472,""totalDamageDone"":22874,""totalDamageDoneToChampions"":1753,""to'"
925,"b'talDamageTaken"":1460,""trueDamageDone"":125,""trueDamageDoneToChampions"":125,""trueDamageTaken"":0},""goldPerSecond"":0,""jungleMinionsK'"
926,"b'illed"":0,""level"":7,""minionsKilled"":69,""participantId"":8,""position"":{""x"":11136,""y"":10886},""timeEnemySpentControlled"":59074,""total'"
927,"b'Gold"":2825,""xp"":3888},""9"":{""championStats"":{""abilityHaste"":0,""abilityPower"":0,""armor"":50,""armorPen"":0,""armorPenPercent"":0,""attac'"
928,"b'kDamage"":104,""attackSpeed"":123,""bonusArmorPenPercent"":0,""bonusMagicPenPercent"":0,""ccReduction"":0,""cooldownReduction"":0,""health"":'"
929,"b'971,""healthMax"":1116,""healthRegen"":12,""lifesteal"":1,""magicPen"":0,""magicPenPercent"":0,""magicResist"":35,""movementSpeed"":335,""omniv'"
930,"b'amp"":2,""physicalVamp"":0,""power"":296,""powerMax"":529,""powerRegen"":20,""spellVamp"":0},""currentGold"":1569,""damageStats"":{""magicDamage'"
931,"b'Done"":288,""magicDamageDoneToChampions"":263,""magicDamageTaken"":381,""physicalDamageDone"":13123,""physicalDamageDoneToChampions"":283'"
932,"b'5,""physicalDamageTaken"":1573,""totalDamageDone"":13411,""totalDamageDoneToChampions"":3098,""totalDamageTaken"":1955,""trueDamageDone"":'"
933,"b'0,""trueDamageDoneToChampions"":0,""trueDamageTaken"":0},""goldPerSecond"":0,""jungleMinionsKilled"":0,""level"":6,""minionsKilled"":61,""par'"
934,"b'ticipantId"":9,""position"":{""x"":13065,""y"":2850},""timeEnemySpentControlled"":0,""totalGold"":2769,""xp"":2420},""10"":{""championStats"":{""a'"
935,"b'bilityHaste"":0,""abilityPower"":5,""armor"":57,""armorPen"":0,""armorPenPercent"":0,""attackDamage"":61,""attackSpeed"":103,""bonusArmorPenPe'"
936,"b'rcent"":0,""bonusMagicPenPercent"":0,""ccReduction"":0,""cooldownReduction"":0,""health"":1025,""healthMax"":1025,""healthRegen"":28,""lifeste'"
937,"b'al"":0,""magicPen"":0,""magicPenPercent"":0,""magicResist"":34,""movementSpeed"":369,""omnivamp"":0,""physicalVamp"":0,""power"":425,""powerMax""'"
938,"b':451,""powerRegen"":13,""spellVamp"":0},""currentGold"":198,""damageStats"":{""magicDamageDone"":405,""magicDamageDoneToChampions"":274,""mag'"
939,"b'icDamageTaken"":444,""physicalDamageDone"":1118,""physicalDamageDoneToChampions"":247,""physicalDamageTaken"":1866,""totalDamageDone"":37'"
940,"b'88,""totalDamageDoneToChampions"":615,""totalDamageTaken"":2543,""trueDamageDone"":2264,""trueDamageDoneToChampions"":92,""trueDamageTake'"
941,"b'n"":232},""goldPerSecond"":20,""jungleMinionsKilled"":0,""level"":4,""minionsKilled"":10,""participantId"":10,""position"":{""x"":13126,""y"":212'"
942,"b'7},""timeEnemySpentControlled"":35566,""totalGold"":1623,""xp"":1565}},""timestamp"":480116},{""events"":[{""creatorId"":7,""timestamp"":48201'"
943,"b'2,""type"":""WARD_PLACED"",""wardType"":""UNDEFINED""},{""itemId"":3067,""participantId"":6,""timestamp"":483816,""type"":""ITEM_PURCHASED""},{""it'"
944,"b'emId"":1033,""participantId"":6,""timestamp"":484183,""type"":""ITEM_PURCHASED""},{""level"":8,""participantId"":1,""timestamp"":485853,""type"":'"
945,"b'""LEVEL_UP""},{""levelUpType"":""NORMAL"",""participantId"":1,""skillSlot"":3,""timestamp"":489218,""type"":""SKILL_LEVEL_UP""},{""itemId"":2010,""'"
946,"b'participantId"":4,""timestamp"":492486,""type"":""ITEM_DESTROYED""},{""level"":8,""participantId"":8,""timestamp"":497489,""type"":""LEVEL_UP""},'"
947,"b'{""itemId"":2010,""participantId"":9,""timestamp"":498321,""type"":""ITEM_DESTROYED""},{""levelUpType"":""NORMAL"",""participantId"":8,""skillSlo'"
948,"b't"":3,""timestamp"":498654,""type"":""SKILL_LEVEL_UP""},{""itemId"":2003,""participantId"":1,""timestamp"":499618,""type"":""ITEM_DESTROYED""},{""'"
949,"b'assistingParticipantIds"":[10],""bounty"":274,""killStreakLength"":0,""killerId"":9,""position"":{""x"":11468,""y"":1857},""shutdownBounty"":0,'"
950,"b'""timestamp"":500883,""type"":""CHAMPION_KILL"",""victimDamageDealt"":[{""basic"":false,""magicDamage"":0,""name"":""Ezreal"",""participantId"":9,'"
951,"b'""physicalDamage"":128,""spellName"":""ezrealq"",""spellSlot"":0,""trueDamage"":0,""type"":""OTHER""}],""victimDamageReceived"":[{""basic"":false,'"
952,"b'""magicDamage"":55,""name"":""Lucian"",""participantId"":9,""physicalDamage"":0,""spellName"":""lucianw"",""spellSlot"":1,""trueDamage"":0,""type"":'"
953,"b'""OTHER""},{""basic"":false,""magicDamage"":21,""name"":""Lucian"",""participantId"":9,""physicalDamage"":0,""spellName"":""lucianpassive"",""spell'"
954,"b'Slot"":63,""trueDamage"":0,""type"":""OTHER""},{""basic"":true,""magicDamage"":0,""name"":""Lucian"",""participantId"":9,""physicalDamage"":220,""sp'"
955,"b'ellName"":""lucianpassive"",""spellSlot"":63,""trueDamage"":0,""type"":""OTHER""},{""basic"":false,""magicDamage"":0,""name"":""Lucian"",""participa'"
956,"b'ntId"":9,""physicalDamage"":54,""spellName"":"""",""spellSlot"":-1,""trueDamage"":0,""type"":""OTHER""},{""basic"":false,""magicDamage"":0,""name"":""'"
957,"b'Lucian"",""participantId"":9,""physicalDamage"":73,""spellName"":""lucianpassiveattack"",""spellSlot"":0,""trueDamage"":0,""type"":""OTHER""},{""b'"
958,"b'asic"":false,""magicDamage"":0,""name"":""Lucian"",""participantId"":9,""physicalDamage"":138,""spellName"":""lucianq"",""spellSlot"":0,""trueDama'"
959,"b'ge"":0,""type"":""OTHER""},{""basic"":false,""magicDamage"":0,""name"":""Lucian"",""participantId"":9,""physicalDamage"":186,""spellName"":""lucianr'"
960,"b'"",""spellSlot"":3,""trueDamage"":0,""type"":""OTHER""},{""basic"":false,""magicDamage"":50,""name"":""Rell"",""participantId"":10,""physicalDamage""'"
961,"b':0,""spellName"":""rellq"",""spellSlot"":0,""trueDamage"":0,""type"":""OTHER""},{""basic"":false,""magicDamage"":56,""name"":""Rell"",""participantId'"
962,"b'"":10,""physicalDamage"":0,""spellName"":""relle"",""spellSlot"":2,""trueDamage"":0,""type"":""OTHER""},{""basic"":false,""magicDamage"":0,""name"":""'"
963,"b'Rell"",""participantId"":10,""physicalDamage"":0,""spellName"":""summonerdot"",""spellSlot"":4,""trueDamage"":45,""type"":""OTHER""},{""basic"":fal'"
964,"b'se,""magicDamage"":51,""name"":""Rell"",""participantId"":10,""physicalDamage"":0,""spellName"":""rellw_dismount"",""spellSlot"":1,""trueDamage"":'"
965,"b'0,""type"":""OTHER""},{""basic"":true,""magicDamage"":0,""name"":""Rell"",""participantId"":10,""physicalDamage"":46,""spellName"":""rellbasicattac'"
966,"b'k2"",""spellSlot"":65,""trueDamage"":0,""type"":""OTHER""}],""victimId"":4},{""level"":5,""participantId"":10,""timestamp"":500883,""type"":""LEVEL_'"
967,"b'UP""},{""levelUpType"":""NORMAL"",""participantId"":10,""skillSlot"":3,""timestamp"":501952,""type"":""SKILL_LEVEL_UP""},{""itemId"":2055,""partic'"
968,"b'ipantId"":3,""timestamp"":504320,""type"":""ITEM_DESTROYED""},{""creatorId"":3,""timestamp"":504320,""type"":""WARD_PLACED"",""wardType"":""CONTRO'"
969,"b'L_WARD""},{""itemId"":3057,""participantId"":4,""timestamp"":504621,""type"":""ITEM_PURCHASED""},{""itemId"":1036,""participantId"":4,""timestam'"
970,"b'p"":504788,""type"":""ITEM_DESTROYED""},{""itemId"":3051,""participantId"":4,""timestamp"":504788,""type"":""ITEM_PURCHASED""},{""itemId"":2055,""'"
971,"b'participantId"":2,""timestamp"":508194,""type"":""ITEM_DESTROYED""},{""creatorId"":2,""timestamp"":508194,""type"":""WARD_PLACED"",""wardType"":""'"
972,"b'CONTROL_WARD""},{""itemId"":2031,""participantId"":4,""timestamp"":511895,""type"":""ITEM_PURCHASED""},{""killerId"":7,""timestamp"":515802,""ty'"
973,"b'pe"":""WARD_KILL"",""wardType"":""CONTROL_WARD""},{""creatorId"":7,""timestamp"":518268,""type"":""WARD_PLACED"",""wardType"":""UNDEFINED""},{""kill'"
974,"b'erId"":6,""timestamp"":519101,""type"":""WARD_KILL"",""wardType"":""CONTROL_WARD""},{""creatorId"":9,""timestamp"":528466,""type"":""WARD_PLACED"",'"
975,"b'""wardType"":""YELLOW_TRINKET""},{""creatorId"":7,""timestamp"":537959,""type"":""WARD_PLACED"",""wardType"":""UNDEFINED""},{""level"":6,""particip'"
976,"b'antId"":5,""timestamp"":538460,""type"":""LEVEL_UP""},{""killerId"":9,""timestamp"":539492,""type"":""WARD_KILL"",""wardType"":""UNDEFINED""},{""lev'"
977,"b'elUpType"":""NORMAL"",""participantId"":5,""skillSlot"":4,""timestamp"":540057,""type"":""SKILL_LEVEL_UP""}],""participantFrames"":{""1"":{""champ'"
978,"b'ionStats"":{""abilityHaste"":0,""abilityPower"":33,""armor"":63,""armorPen"":0,""armorPenPercent"":0,""attackDamage"":79,""attackSpeed"":110,""b'"
979,"b'onusArmorPenPercent"":0,""bonusMagicPenPercent"":0,""ccReduction"":16,""cooldownReduction"":0,""health"":799,""healthMax"":1301,""healthRege'"
980,"b'n"":20,""lifesteal"":0,""magicPen"":0,""magicPenPercent"":0,""magicResist"":44,""movementSpeed"":429,""omnivamp"":0,""physicalVamp"":0,""power"":'"
981,"b'60,""powerMax"":150,""powerRegen"":0,""spellVamp"":0},""currentGold"":1370,""damageStats"":{""magicDamageDone"":18887,""magicDamageDoneToCham'"
982,"b'pions"":2121,""magicDamageTaken"":808,""physicalDamageDone"":4029,""physicalDamageDoneToChampions"":46,""physicalDamageTaken"":907,""total'"
983,"b'DamageDone"":23127,""totalDamageDoneToChampions"":2377,""totalDamageTaken"":1715,""trueDamageDone"":210,""trueDamageDoneToChampions"":210'"
984,"b',""trueDamageTaken"":0},""goldPerSecond"":0,""jungleMinionsKilled"":0,""level"":8,""minionsKilled"":69,""participantId"":1,""position"":{""x"":1'"
985,"b'440,""y"":12214},""timeEnemySpentControlled"":76047,""totalGold"":2770,""xp"":4249},""2"":{""championStats"":{""abilityHaste"":0,""abilityPower'"
986,"b'"":0,""armor"":52,""armorPen"":0,""armorPenPercent"":0,""attackDamage"":107,""attackSpeed"":149,""bonusArmorPenPercent"":0,""bonusMagicPenPerc'"
987,"b'ent"":0,""ccReduction"":0,""cooldownReduction"":0,""health"":771,""healthMax"":915,""healthRegen"":34,""lifesteal"":0,""magicPen"":0,""magicPenP'"
988,"b'ercent"":0,""magicResist"":38,""movementSpeed"":386,""omnivamp"":0,""physicalVamp"":0,""power"":0,""powerMax"":60,""powerRegen"":0,""spellVamp"":'"
989,"b'0},""currentGold"":320,""damageStats"":{""magicDamageDone"":3944,""magicDamageDoneToChampions"":333,""magicDamageTaken"":821,""physicalDama'"
990,"b'geDone"":29973,""physicalDamageDoneToChampions"":1034,""physicalDamageTaken"":3991,""totalDamageDone"":40427,""totalDamageDoneToChampion'"
991,"b's"":1395,""totalDamageTaken"":4944,""trueDamageDone"":6509,""trueDamageDoneToChampions"":27,""trueDamageTaken"":130},""goldPerSecond"":0,""j'"
992,"b'ungleMinionsKilled"":48,""level"":5,""minionsKilled"":0,""participantId"":2,""position"":{""x"":6499,""y"":1641},""timeEnemySpentControlled"":1'"
993,"b'88896,""totalGold"":2970,""xp"":2351},""3"":{""championStats"":{""abilityHaste"":0,""abilityPower"":24,""armor"":46,""armorPen"":0,""armorPenPerc'"
994,"b'ent"":0,""attackDamage"":73,""attackSpeed"":116,""bonusArmorPenPercent"":0,""bonusMagicPenPercent"":0,""ccReduction"":0,""cooldownReduction""'"
995,"b':0,""health"":1153,""healthMax"":1153,""healthRegen"":19,""lifesteal"":0,""magicPen"":18,""magicPenPercent"":0,""magicResist"":36,""movementSpe'"
996,"b'ed"":433,""omnivamp"":0,""physicalVamp"":0,""power"":909,""powerMax"":1189,""powerRegen"":23,""spellVamp"":0},""currentGold"":375,""damageStats""'"
997,"b':{""magicDamageDone"":16478,""magicDamageDoneToChampions"":1034,""magicDamageTaken"":204,""physicalDamageDone"":3554,""physicalDamageDone'"
998,"b'ToChampions"":46,""physicalDamageTaken"":1247,""totalDamageDone"":20033,""totalDamageDoneToChampions"":1081,""totalDamageTaken"":1540,""tr'"
999,"b'ueDamageDone"":0,""trueDamageDoneToChampions"":0,""trueDamageTaken"":88},""goldPerSecond"":0,""jungleMinionsKilled"":0,""level"":7,""minions'"
1000,"b'Killed"":63,""participantId"":3,""position"":{""x"":6474,""y"":6508},""timeEnemySpentControlled"":84494,""totalGold"":2675,""xp"":3647},""4"":{""c'"
1001,"b'hampionStats"":{""abilityHaste"":0,""abilityPower"":0,""armor"":48,""armorPen"":0,""armorPenPercent"":0,""attackDamage"":105,""attackSpeed"":14'"
1002,"b'4,""bonusArmorPenPercent"":0,""bonusMagicPenPercent"":0,""ccReduction"":0,""cooldownReduction"":0,""health"":1082,""healthMax"":1082,""health'"
1003,"b'Regen"":13,""lifesteal"":1,""magicPen"":0,""magicPenPercent"":0,""magicResist"":35,""movementSpeed"":325,""omnivamp"":2,""physicalVamp"":0,""pow'"
1004,"b'er"":946,""powerMax"":1088,""powerRegen"":44,""spellVamp"":0},""currentGold"":81,""damageStats"":{""magicDamageDone"":629,""magicDamageDoneToC'"
1005,"b'hampions"":629,""magicDamageTaken"":567,""physicalDamageDone"":20596,""physicalDamageDoneToChampions"":1963,""physicalDamageTaken"":2731,'"
1006,"b'""totalDamageDone"":21226,""totalDamageDoneToChampions"":2593,""totalDamageTaken"":3344,""trueDamageDone"":0,""trueDamageDoneToChampions""'"
1007,"b':0,""trueDamageTaken"":45},""goldPerSecond"":0,""jungleMinionsKilled"":0,""level"":6,""minionsKilled"":71,""participantId"":4,""position"":{""x'"
1008,"b'"":9361,""y"":1457},""timeEnemySpentControlled"":0,""totalGold"":2986,""xp"":2814},""5"":{""championStats"":{""abilityHaste"":0,""abilityPower"":'"
1009,"b'18,""armor"":55,""armorPen"":0,""armorPenPercent"":0,""attackDamage"":75,""attackSpeed"":111,""bonusArmorPenPercent"":0,""bonusMagicPenPercen'"
1010,"b't"":0,""ccReduction"":0,""cooldownReduction"":0,""health"":1076,""healthMax"":1181,""healthRegen"":20,""lifesteal"":0,""magicPen"":0,""magicPenP'"
1011,"b'ercent"":0,""magicResist"":40,""movementSpeed"":380,""omnivamp"":0,""physicalVamp"":0,""power"":349,""powerMax"":512,""powerRegen"":32,""spellVa'"
1012,"b'mp"":0},""currentGold"":438,""damageStats"":{""magicDamageDone"":720,""magicDamageDoneToChampions"":720,""magicDamageTaken"":782,""physicalD'"
1013,"b'amageDone"":2561,""physicalDamageDoneToChampions"":787,""physicalDamageTaken"":1995,""totalDamageDone"":6545,""totalDamageDoneToChampion'"
1014,"b's"":1727,""totalDamageTaken"":2825,""trueDamageDone"":3263,""trueDamageDoneToChampions"":220,""trueDamageTaken"":47},""goldPerSecond"":20,""'"
1015,"b'jungleMinionsKilled"":0,""level"":6,""minionsKilled"":16,""participantId"":5,""position"":{""x"":10675,""y"":1793},""timeEnemySpentControlled""'"
1016,"b':30616,""totalGold"":2693,""xp"":2548},""6"":{""championStats"":{""abilityHaste"":0,""abilityPower"":33,""armor"":53,""armorPen"":0,""armorPenPer'"
1017,"b'cent"":0,""attackDamage"":88,""attackSpeed"":114,""bonusArmorPenPercent"":0,""bonusMagicPenPercent"":0,""ccReduction"":7,""cooldownReduction'"
1018,"b'"":0,""health"":1135,""healthMax"":1452,""healthRegen"":19,""lifesteal"":0,""magicPen"":0,""magicPenPercent"":0,""magicResist"":66,""movementSpe'"
1019,"b'ed"":350,""omnivamp"":0,""physicalVamp"":0,""power"":307,""powerMax"":513,""powerRegen"":19,""spellVamp"":0},""currentGold"":423,""damageStats"":'"
1020,"b'{""magicDamageDone"":10460,""magicDamageDoneToChampions"":808,""magicDamageTaken"":2121,""physicalDamageDone"":7573,""physicalDamageDoneT'"
1021,"b'oChampions"":276,""physicalDamageTaken"":1075,""totalDamageDone"":18034,""totalDamageDoneToChampions"":1085,""totalDamageTaken"":3407,""tr'"
1022,"b'ueDamageDone"":0,""trueDamageDoneToChampions"":0,""trueDamageTaken"":210},""goldPerSecond"":0,""jungleMinionsKilled"":0,""level"":7,""minion'"
1023,"b'sKilled"":64,""participantId"":6,""position"":{""x"":1899,""y"":12597},""timeEnemySpentControlled"":485737,""totalGold"":2738,""xp"":3997},""7"":'"
1024,"b'{""championStats"":{""abilityHaste"":0,""abilityPower"":36,""armor"":57,""armorPen"":0,""armorPenPercent"":0,""attackDamage"":71,""attackSpeed""'"
1025,"b':142,""bonusArmorPenPercent"":0,""bonusMagicPenPercent"":0,""ccReduction"":0,""cooldownReduction"":0,""health"":790,""healthMax"":1080,""heal'"
1026,"b'thRegen"":16,""lifesteal"":0,""magicPen"":0,""magicPenPercent"":0,""magicResist"":35,""movementSpeed"":496,""omnivamp"":0,""physicalVamp"":0,""p'"
1027,"b'ower"":209,""powerMax"":473,""powerRegen"":200,""spellVamp"":0},""currentGold"":601,""damageStats"":{""magicDamageDone"":22410,""magicDamageDo'"
1028,"b'neToChampions"":1234,""magicDamageTaken"":1426,""physicalDamageDone"":7094,""physicalDamageDoneToChampions"":245,""physicalDamageTaken"":'"
1029,"b'5551,""totalDamageDone"":40428,""totalDamageDoneToChampions"":1528,""totalDamageTaken"":6992,""trueDamageDone"":10923,""trueDamageDoneToC'"
1030,"b'hampions"":48,""trueDamageTaken"":15},""goldPerSecond"":0,""jungleMinionsKilled"":47,""level"":6,""minionsKilled"":3,""participantId"":7,""pos'"
1031,"b'ition"":{""x"":5068,""y"":10401},""timeEnemySpentControlled"":59251,""totalGold"":2631,""xp"":2715},""8"":{""championStats"":{""abilityHaste"":0,'"
1032,"b'""abilityPower"":0,""armor"":59,""armorPen"":0,""armorPenPercent"":0,""attackDamage"":161,""attackSpeed"":119,""bonusArmorPenPercent"":0,""bonu'"
1033,"b'sMagicPenPercent"":0,""ccReduction"":0,""cooldownReduction"":0,""health"":1225,""healthMax"":1225,""healthRegen"":21,""lifesteal"":0,""magicPe'"
1034,"b'n"":0,""magicPenPercent"":0,""magicResist"":48,""movementSpeed"":345,""omnivamp"":0,""physicalVamp"":0,""power"":200,""powerMax"":200,""powerReg'"
1035,"b'en"":100,""spellVamp"":0},""currentGold"":225,""damageStats"":{""magicDamageDone"":1992,""magicDamageDoneToChampions"":121,""magicDamageTake'"
1036,"b'n"":987,""physicalDamageDone"":23546,""physicalDamageDoneToChampions"":1505,""physicalDamageTaken"":472,""totalDamageDone"":25665,""totalD'"
1037,"b'amageDoneToChampions"":1753,""totalDamageTaken"":1460,""trueDamageDone"":125,""trueDamageDoneToChampions"":125,""trueDamageTaken"":0},""go'"
1038,"b'ldPerSecond"":0,""jungleMinionsKilled"":0,""level"":8,""minionsKilled"":73,""participantId"":8,""position"":{""x"":7035,""y"":7337},""timeEnemyS'"
1039,"b'pentControlled"":59074,""totalGold"":3030,""xp"":4218},""9"":{""championStats"":{""abilityHaste"":0,""abilityPower"":0,""armor"":50,""armorPen"":'"
1040,"b'0,""armorPenPercent"":0,""attackDamage"":104,""attackSpeed"":123,""bonusArmorPenPercent"":0,""bonusMagicPenPercent"":0,""ccReduction"":0,""co'"
1041,"b'oldownReduction"":0,""health"":509,""healthMax"":1116,""healthRegen"":12,""lifesteal"":1,""magicPen"":0,""magicPenPercent"":0,""magicResist"":3'"
1042,"b'5,""movementSpeed"":335,""omnivamp"":2,""physicalVamp"":0,""power"":45,""powerMax"":569,""powerRegen"":20,""spellVamp"":0},""currentGold"":2263,'"
1043,"b'""damageStats"":{""magicDamageDone"":597,""magicDamageDoneToChampions"":396,""magicDamageTaken"":726,""physicalDamageDone"":18450,""physica'"
1044,"b'lDamageDoneToChampions"":3769,""physicalDamageTaken"":1975,""totalDamageDone"":19048,""totalDamageDoneToChampions"":4166,""totalDamageTa'"
1045,"b'ken"":2701,""trueDamageDone"":0,""trueDamageDoneToChampions"":0,""trueDamageTaken"":0},""goldPerSecond"":0,""jungleMinionsKilled"":0,""level'"
1046,"b'"":6,""minionsKilled"":76,""participantId"":9,""position"":{""x"":11865,""y"":4038},""timeEnemySpentControlled"":0,""totalGold"":3463,""xp"":2949'"
1047,"b'},""10"":{""championStats"":{""abilityHaste"":0,""abilityPower"":5,""armor"":60,""armorPen"":0,""armorPenPercent"":0,""attackDamage"":64,""attack'"
1048,"b'Speed"":104,""bonusArmorPenPercent"":0,""bonusMagicPenPercent"":0,""ccReduction"":0,""cooldownReduction"":0,""health"":1022,""healthMax"":111'"
1049,"b'1,""healthRegen"":30,""lifesteal"":0,""magicPen"":0,""magicPenPercent"":0,""magicResist"":35,""movementSpeed"":372,""omnivamp"":0,""physicalVam'"
1050,"b'p"":0,""power"":146,""powerMax"":489,""powerRegen"":14,""spellVamp"":0},""currentGold"":505,""damageStats"":{""magicDamageDone"":1297,""magicDam'"
1051,"b'ageDoneToChampions"":622,""magicDamageTaken"":444,""physicalDamageDone"":2052,""physicalDamageDoneToChampions"":378,""physicalDamageTake'"
1052,"b'n"":2128,""totalDamageDone"":6042,""totalDamageDoneToChampions"":1139,""totalDamageTaken"":2805,""trueDamageDone"":2692,""trueDamageDoneTo'"
1053,"b'Champions"":137,""trueDamageTaken"":232},""goldPerSecond"":20,""jungleMinionsKilled"":0,""level"":5,""minionsKilled"":12,""participantId"":10'"
1054,"b',""position"":{""x"":13025,""y"":2000},""timeEnemySpentControlled"":59257,""totalGold"":1930,""xp"":2103}},""timestamp"":540145},{""events"":[{""'"
1055,"b'itemId"":2055,""participantId"":10,""timestamp"":544711,""type"":""ITEM_PURCHASED""},{""level"":8,""participantId"":6,""timestamp"":546379,""typ'"
1056,"b'e"":""LEVEL_UP""},{""levelUpType"":""NORMAL"",""participantId"":6,""skillSlot"":2,""timestamp"":548614,""type"":""SKILL_LEVEL_UP""},{""level"":6,""p'"
1057,"b'articipantId"":2,""timestamp"":549084,""type"":""LEVEL_UP""},{""levelUpType"":""NORMAL"",""participantId"":2,""skillSlot"":4,""timestamp"":550785'"
1058,"b',""type"":""SKILL_LEVEL_UP""},{""killerId"":4,""timestamp"":551649,""type"":""WARD_KILL"",""wardType"":""YELLOW_TRINKET""},{""creatorId"":5,""times'"
1059,"b'tamp"":551649,""type"":""WARD_PLACED"",""wardType"":""UNDEFINED""},{""creatorId"":7,""timestamp"":554220,""type"":""WARD_PLACED"",""wardType"":""UND'"
1060,"b'EFINED""},{""itemId"":2010,""participantId"":9,""timestamp"":555454,""type"":""ITEM_SOLD""},{""itemId"":1036,""participantId"":9,""timestamp"":55'"
1061,"b'5887,""type"":""ITEM_DESTROYED""},{""itemId"":1036,""participantId"":9,""timestamp"":555887,""type"":""ITEM_DESTROYED""},{""itemId"":6672,""parti'"
1062,"b'cipantId"":9,""timestamp"":555887,""type"":""ITEM_PURCHASED""},{""creatorId"":4,""timestamp"":557252,""type"":""WARD_PLACED"",""wardType"":""YELLO'"
1063,"b'W_TRINKET""},{""assistingParticipantIds"":[8],""bounty"":0,""killerId"":7,""killerTeamId"":200,""monsterType"":""RIFTHERALD"",""position"":{""x""'"
1064,"b':4622,""y"":9600},""timestamp"":561825,""type"":""ELITE_MONSTER_KILL""},{""itemId"":3364,""participantId"":7,""timestamp"":563493,""type"":""ITEM'"
1065,"b'_DESTROYED""},{""itemId"":1028,""participantId"":5,""timestamp"":565932,""type"":""ITEM_DESTROYED""},{""itemId"":3067,""participantId"":5,""time'"
1066,"b'stamp"":565932,""type"":""ITEM_PURCHASED""},{""itemId"":2055,""participantId"":5,""timestamp"":566865,""type"":""ITEM_PURCHASED""},{""itemId"":20'"
1067,"b'31,""participantId"":7,""timestamp"":568697,""type"":""ITEM_SOLD""},{""killerId"":4,""laneType"":""BOT_LANE"",""position"":{""x"":13866,""y"":4505},'"
1068,"b'""teamId"":200,""timestamp"":569430,""type"":""TURRET_PLATE_DESTROYED""},{""itemId"":3108,""participantId"":7,""timestamp"":570298,""type"":""ITE'"
1069,"b'M_PURCHASED""},{""level"":7,""participantId"":4,""timestamp"":573796,""type"":""LEVEL_UP""},{""level"":8,""participantId"":3,""timestamp"":573895'"
1070,"b',""type"":""LEVEL_UP""},{""levelUpType"":""NORMAL"",""participantId"":4,""skillSlot"":1,""timestamp"":574625,""type"":""SKILL_LEVEL_UP""},{""levelU'"
1071,"b'pType"":""NORMAL"",""participantId"":3,""skillSlot"":3,""timestamp"":574659,""type"":""SKILL_LEVEL_UP""},{""level"":9,""participantId"":8,""timest'"
1072,"b'amp"":578763,""type"":""LEVEL_UP""},{""levelUpType"":""NORMAL"",""participantId"":8,""skillSlot"":1,""timestamp"":579429,""type"":""SKILL_LEVEL_UP'"
1073,"b'""},{""creatorId"":7,""timestamp"":585525,""type"":""WARD_PLACED"",""wardType"":""UNDEFINED""},{""creatorId"":7,""timestamp"":595510,""type"":""WARD'"
1074,"b'_PLACED"",""wardType"":""UNDEFINED""},{""itemId"":3858,""participantId"":5,""timestamp"":598707,""type"":""ITEM_DESTROYED""},{""itemId"":2055,""pa'"
1075,"b'rticipantId"":10,""timestamp"":598972,""type"":""ITEM_DESTROYED""},{""creatorId"":10,""timestamp"":598972,""type"":""WARD_PLACED"",""wardType"":""'"
1076,"b'CONTROL_WARD""}],""participantFrames"":{""1"":{""championStats"":{""abilityHaste"":0,""abilityPower"":47,""armor"":63,""armorPen"":0,""armorPenP'"
1077,"b'ercent"":0,""attackDamage"":79,""attackSpeed"":110,""bonusArmorPenPercent"":0,""bonusMagicPenPercent"":0,""ccReduction"":12,""cooldownReduct'"
1078,"b'ion"":0,""health"":961,""healthMax"":1301,""healthRegen"":20,""lifesteal"":0,""magicPen"":0,""magicPenPercent"":0,""magicResist"":44,""movementS'"
1079,"b'peed"":405,""omnivamp"":0,""physicalVamp"":0,""power"":80,""powerMax"":150,""powerRegen"":0,""spellVamp"":0},""currentGold"":1723,""damageStats""'"
1080,"b':{""magicDamageDone"":22935,""magicDamageDoneToChampions"":2715,""magicDamageTaken"":808,""physicalDamageDone"":4198,""physicalDamageDone'"
1081,"b'ToChampions"":46,""physicalDamageTaken"":907,""totalDamageDone"":27344,""totalDamageDoneToChampions"":2971,""totalDamageTaken"":1715,""tru'"
1082,"b'eDamageDone"":210,""trueDamageDoneToChampions"":210,""trueDamageTaken"":0},""goldPerSecond"":0,""jungleMinionsKilled"":0,""level"":8,""minio'"
1083,"b'nsKilled"":82,""participantId"":1,""position"":{""x"":1363,""y"":11629},""timeEnemySpentControlled"":92328,""totalGold"":3123,""xp"":4989},""2"":'"
1084,"b'{""championStats"":{""abilityHaste"":0,""abilityPower"":0,""armor"":56,""armorPen"":0,""armorPenPercent"":0,""attackDamage"":109,""attackSpeed""'"
1085,"b':185,""bonusArmorPenPercent"":0,""bonusMagicPenPercent"":0,""ccReduction"":0,""cooldownReduction"":0,""health"":993,""healthMax"":1001,""heal'"
1086,"b'thRegen"":16,""lifesteal"":0,""magicPen"":0,""magicPenPercent"":0,""magicResist"":40,""movementSpeed"":386,""omnivamp"":0,""physicalVamp"":0,""p'"
1087,"b'ower"":0,""powerMax"":60,""powerRegen"":0,""spellVamp"":0},""currentGold"":751,""damageStats"":{""magicDamageDone"":6764,""magicDamageDoneToCh'"
1088,"b'ampions"":333,""magicDamageTaken"":821,""physicalDamageDone"":40552,""physicalDamageDoneToChampions"":1034,""physicalDamageTaken"":4457,""'"
1089,"b'totalDamageDone"":55298,""totalDamageDoneToChampions"":1395,""totalDamageTaken"":5410,""trueDamageDone"":7982,""trueDamageDoneToChampion'"
1090,"b's"":27,""trueDamageTaken"":130},""goldPerSecond"":0,""jungleMinionsKilled"":60,""level"":6,""minionsKilled"":0,""participantId"":2,""position""'"
1091,"b':{""x"":8918,""y"":5637},""timeEnemySpentControlled"":214743,""totalGold"":3401,""xp"":3118},""3"":{""championStats"":{""abilityHaste"":0,""abili'"
1092,"b'tyPower"":24,""armor"":51,""armorPen"":0,""armorPenPercent"":0,""attackDamage"":77,""attackSpeed"":117,""bonusArmorPenPercent"":0,""bonusMagic'"
1093,"b'PenPercent"":0,""ccReduction"":0,""cooldownReduction"":0,""health"":1256,""healthMax"":1256,""healthRegen"":20,""lifesteal"":0,""magicPen"":18,'"
1094,"b'""magicPenPercent"":0,""magicResist"":37,""movementSpeed"":401,""omnivamp"":0,""physicalVamp"":0,""power"":713,""powerMax"":1244,""powerRegen"":'"
1095,"b'25,""spellVamp"":0},""currentGold"":779,""damageStats"":{""magicDamageDone"":21645,""magicDamageDoneToChampions"":1168,""magicDamageTaken"":'"
1096,"b'204,""physicalDamageDone"":4196,""physicalDamageDoneToChampions"":46,""physicalDamageTaken"":1445,""totalDamageDone"":25842,""totalDamage'"
1097,"b'DoneToChampions"":1215,""totalDamageTaken"":1740,""trueDamageDone"":0,""trueDamageDoneToChampions"":0,""trueDamageTaken"":90},""goldPerSec'"
1098,"b'ond"":0,""jungleMinionsKilled"":0,""level"":8,""minionsKilled"":76,""participantId"":3,""position"":{""x"":6803,""y"":6845},""timeEnemySpentCont'"
1099,"b'rolled"":118034,""totalGold"":3079,""xp"":4325},""4"":{""championStats"":{""abilityHaste"":0,""abilityPower"":0,""armor"":52,""armorPen"":0,""armo'"
1100,"b'rPenPercent"":0,""attackDamage"":107,""attackSpeed"":137,""bonusArmorPenPercent"":0,""bonusMagicPenPercent"":0,""ccReduction"":0,""cooldownR'"
1101,"b'eduction"":0,""health"":1174,""healthMax"":1174,""healthRegen"":14,""lifesteal"":1,""magicPen"":0,""magicPenPercent"":0,""magicResist"":36,""mov'"
1102,"b'ementSpeed"":347,""omnivamp"":2,""physicalVamp"":0,""power"":780,""powerMax"":1175,""powerRegen"":26,""spellVamp"":0},""currentGold"":628,""dama'"
1103,"b'geStats"":{""magicDamageDone"":701,""magicDamageDoneToChampions"":629,""magicDamageTaken"":567,""physicalDamageDone"":25809,""physicalDama'"
1104,"b'geDoneToChampions"":1963,""physicalDamageTaken"":2771,""totalDamageDone"":26511,""totalDamageDoneToChampions"":2593,""totalDamageTaken"":'"
1105,"b'3384,""trueDamageDone"":0,""trueDamageDoneToChampions"":0,""trueDamageTaken"":45},""goldPerSecond"":0,""jungleMinionsKilled"":0,""level"":7,'"
1106,"b'""minionsKilled"":86,""participantId"":4,""position"":{""x"":11071,""y"":2124},""timeEnemySpentControlled"":0,""totalGold"":3538,""xp"":3412},""5'"
1107,"b'"":{""championStats"":{""abilityHaste"":0,""abilityPower"":25,""armor"":55,""armorPen"":0,""armorPenPercent"":0,""attackDamage"":75,""attackSpee'"
1108,"b'd"":111,""bonusArmorPenPercent"":0,""bonusMagicPenPercent"":0,""ccReduction"":0,""cooldownReduction"":0,""health"":1301,""healthMax"":1301,""h'"
1109,"b'ealthRegen"":24,""lifesteal"":0,""magicPen"":0,""magicPenPercent"":0,""magicResist"":40,""movementSpeed"":406,""omnivamp"":0,""physicalVamp"":0'"
1110,"b',""power"":445,""powerMax"":512,""powerRegen"":32,""spellVamp"":0},""currentGold"":154,""damageStats"":{""magicDamageDone"":1306,""magicDamageD'"
1111,"b'oneToChampions"":720,""magicDamageTaken"":782,""physicalDamageDone"":2885,""physicalDamageDoneToChampions"":787,""physicalDamageTaken"":2'"
1112,"b'067,""totalDamageDone"":7926,""totalDamageDoneToChampions"":1727,""totalDamageTaken"":2896,""trueDamageDone"":3735,""trueDamageDoneToCham'"
1113,"b'pions"":220,""trueDamageTaken"":47},""goldPerSecond"":30,""jungleMinionsKilled"":0,""level"":6,""minionsKilled"":18,""participantId"":5,""posi'"
1114,"b'tion"":{""x"":2046,""y"":861},""timeEnemySpentControlled"":33453,""totalGold"":2884,""xp"":2778},""6"":{""championStats"":{""abilityHaste"":0,""ab'"
1115,"b'ilityPower"":33,""armor"":58,""armorPen"":0,""armorPenPercent"":0,""attackDamage"":92,""attackSpeed"":147,""bonusArmorPenPercent"":0,""bonusMa'"
1116,"b'gicPenPercent"":0,""ccReduction"":9,""cooldownReduction"":0,""health"":1074,""healthMax"":1545,""healthRegen"":20,""lifesteal"":0,""magicPen"":'"
1117,"b'0,""magicPenPercent"":0,""magicResist"":39,""movementSpeed"":350,""omnivamp"":0,""physicalVamp"":0,""power"":105,""powerMax"":559,""powerRegen""'"
1118,"b':20,""spellVamp"":0},""currentGold"":854,""damageStats"":{""magicDamageDone"":13373,""magicDamageDoneToChampions"":808,""magicDamageTaken"":'"
1119,"b'2715,""physicalDamageDone"":9116,""physicalDamageDoneToChampions"":276,""physicalDamageTaken"":1313,""totalDamageDone"":22489,""totalDama'"
1120,"b'geDoneToChampions"":1085,""totalDamageTaken"":4239,""trueDamageDone"":0,""trueDamageDoneToChampions"":0,""trueDamageTaken"":210},""goldPer'"
1121,"b'Second"":0,""jungleMinionsKilled"":0,""level"":8,""minionsKilled"":78,""participantId"":6,""position"":{""x"":1877,""y"":11997},""timeEnemySpent'"
1122,"b'Controlled"":589946,""totalGold"":3169,""xp"":4706},""7"":{""championStats"":{""abilityHaste"":0,""abilityPower"":59,""armor"":57,""armorPen"":0,'"
1123,"b'""armorPenPercent"":0,""attackDamage"":71,""attackSpeed"":142,""bonusArmorPenPercent"":0,""bonusMagicPenPercent"":0,""ccReduction"":0,""coold'"
1124,"b'ownReduction"":0,""health"":996,""healthMax"":1080,""healthRegen"":16,""lifesteal"":0,""magicPen"":0,""magicPenPercent"":0,""magicResist"":35,""'"
1125,"b'movementSpeed"":480,""omnivamp"":0,""physicalVamp"":0,""power"":358,""powerMax"":473,""powerRegen"":153,""spellVamp"":0},""currentGold"":83,""da'"
1126,"b'mageStats"":{""magicDamageDone"":25829,""magicDamageDoneToChampions"":1234,""magicDamageTaken"":1426,""physicalDamageDone"":7758,""physica'"
1127,"b'lDamageDoneToChampions"":245,""physicalDamageTaken"":6270,""totalDamageDone"":48344,""totalDamageDoneToChampions"":1528,""totalDamageTak'"
1128,"b'en"":7711,""trueDamageDone"":14756,""trueDamageDoneToChampions"":48,""trueDamageTaken"":15},""goldPerSecond"":0,""jungleMinionsKilled"":51,'"
1129,"b'""level"":6,""minionsKilled"":3,""participantId"":7,""position"":{""x"":11313,""y"":6608},""timeEnemySpentControlled"":62495,""totalGold"":2953,'"
1130,"b'""xp"":2949},""8"":{""championStats"":{""abilityHaste"":0,""abilityPower"":0,""armor"":63,""armorPen"":0,""armorPenPercent"":0,""attackDamage"":16'"
1131,"b'6,""attackSpeed"":122,""bonusArmorPenPercent"":0,""bonusMagicPenPercent"":0,""ccReduction"":0,""cooldownReduction"":0,""health"":1237,""healt'"
1132,"b'hMax"":1321,""healthRegen"":22,""lifesteal"":0,""magicPen"":0,""magicPenPercent"":0,""magicResist"":50,""movementSpeed"":345,""omnivamp"":0,""ph'"
1133,"b'ysicalVamp"":0,""power"":200,""powerMax"":200,""powerRegen"":100,""spellVamp"":0},""currentGold"":743,""damageStats"":{""magicDamageDone"":2877'"
1134,"b',""magicDamageDoneToChampions"":121,""magicDamageTaken"":1121,""physicalDamageDone"":30256,""physicalDamageDoneToChampions"":1598,""physi'"
1135,"b'calDamageTaken"":507,""totalDamageDone"":33262,""totalDamageDoneToChampions"":1848,""totalDamageTaken"":1629,""trueDamageDone"":127,""true'"
1136,"b'DamageDoneToChampions"":127,""trueDamageTaken"":0},""goldPerSecond"":0,""jungleMinionsKilled"":0,""level"":9,""minionsKilled"":87,""particip'"
1137,"b'antId"":8,""position"":{""x"":9563,""y"":7094},""timeEnemySpentControlled"":70420,""totalGold"":3548,""xp"":5081},""9"":{""championStats"":{""abil'"
1138,"b'ityHaste"":0,""abilityPower"":0,""armor"":50,""armorPen"":0,""armorPenPercent"":0,""attackDamage"":124,""attackSpeed"":153,""bonusArmorPenPerc'"
1139,"b'ent"":0,""bonusMagicPenPercent"":0,""ccReduction"":0,""cooldownReduction"":0,""health"":1116,""healthMax"":1116,""healthRegen"":12,""lifesteal'"
1140,"b'"":1,""magicPen"":0,""magicPenPercent"":0,""magicResist"":35,""movementSpeed"":335,""omnivamp"":2,""physicalVamp"":0,""power"":468,""powerMax"":6'"
1141,"b'09,""powerRegen"":20,""spellVamp"":0},""currentGold"":196,""damageStats"":{""magicDamageDone"":597,""magicDamageDoneToChampions"":396,""magic'"
1142,"b'DamageTaken"":726,""physicalDamageDone"":20050,""physicalDamageDoneToChampions"":3769,""physicalDamageTaken"":1975,""totalDamageDone"":20'"
1143,"b'648,""totalDamageDoneToChampions"":4166,""totalDamageTaken"":2701,""trueDamageDone"":0,""trueDamageDoneToChampions"":0,""trueDamageTaken""'"
1144,"b':0},""goldPerSecond"":0,""jungleMinionsKilled"":0,""level"":6,""minionsKilled"":82,""participantId"":9,""position"":{""x"":11899,""y"":4876},""ti'"
1145,"b'meEnemySpentControlled"":0,""totalGold"":3691,""xp"":3118},""10"":{""championStats"":{""abilityHaste"":0,""abilityPower"":5,""armor"":60,""armor'"
1146,"b'Pen"":0,""armorPenPercent"":0,""attackDamage"":64,""attackSpeed"":104,""bonusArmorPenPercent"":0,""bonusMagicPenPercent"":0,""ccReduction"":0'"
1147,"b',""cooldownReduction"":0,""health"":1111,""healthMax"":1111,""healthRegen"":30,""lifesteal"":0,""magicPen"":0,""magicPenPercent"":0,""magicResi'"
1148,"b'st"":35,""movementSpeed"":372,""omnivamp"":0,""physicalVamp"":0,""power"":403,""powerMax"":489,""powerRegen"":14,""spellVamp"":0},""currentGold""'"
1149,"b':606,""damageStats"":{""magicDamageDone"":1297,""magicDamageDoneToChampions"":622,""magicDamageTaken"":444,""physicalDamageDone"":2257,""ph'"
1150,"b'ysicalDamageDoneToChampions"":378,""physicalDamageTaken"":2165,""totalDamageDone"":6429,""totalDamageDoneToChampions"":1139,""totalDamag'"
1151,"b'eTaken"":2842,""trueDamageDone"":2875,""trueDamageDoneToChampions"":137,""trueDamageTaken"":232},""goldPerSecond"":20,""jungleMinionsKille'"
1152,"b'd"":0,""level"":5,""minionsKilled"":14,""participantId"":10,""position"":{""x"":11973,""y"":4824},""timeEnemySpentControlled"":59257,""totalGold'"
1153,"b'"":2106,""xp"":2332}},""timestamp"":600173},{""events"":[{""level"":9,""participantId"":1,""timestamp"":605118,""type"":""LEVEL_UP""},{""creatorId'"
1154,"b'"":7,""timestamp"":606687,""type"":""WARD_PLACED"",""wardType"":""UNDEFINED""},{""killerId"":9,""timestamp"":607089,""type"":""WARD_KILL"",""wardTyp'"
1155,"b'e"":""UNDEFINED""},{""levelUpType"":""NORMAL"",""participantId"":1,""skillSlot"":1,""timestamp"":607987,""type"":""SKILL_LEVEL_UP""},{""level"":7,""'"
1156,"b'participantId"":9,""timestamp"":611594,""type"":""LEVEL_UP""},{""level"":9,""participantId"":6,""timestamp"":612292,""type"":""LEVEL_UP""},{""leve'"
1157,"b'lUpType"":""NORMAL"",""participantId"":6,""skillSlot"":4,""timestamp"":613157,""type"":""SKILL_LEVEL_UP""},{""levelUpType"":""NORMAL"",""participa'"
1158,"b'ntId"":9,""skillSlot"":1,""timestamp"":613491,""type"":""SKILL_LEVEL_UP""},{""level"":7,""participantId"":7,""timestamp"":616196,""type"":""LEVEL_'"
1159,"b'UP""},{""levelUpType"":""NORMAL"",""participantId"":7,""skillSlot"":1,""timestamp"":616799,""type"":""SKILL_LEVEL_UP""},{""creatorId"":7,""timesta'"
1160,"b'mp"":617469,""type"":""WARD_PLACED"",""wardType"":""UNDEFINED""},{""level"":7,""participantId"":2,""timestamp"":619302,""type"":""LEVEL_UP""},{""lev'"
1161,"b'elUpType"":""NORMAL"",""participantId"":2,""skillSlot"":2,""timestamp"":622034,""type"":""SKILL_LEVEL_UP""},{""level"":6,""participantId"":10,""ti'"
1162,"b'mestamp"":623173,""type"":""LEVEL_UP""},{""creatorId"":6,""timestamp"":626237,""type"":""WARD_PLACED"",""wardType"":""YELLOW_TRINKET""},{""levelUp'"
1163,"b'Type"":""NORMAL"",""participantId"":10,""skillSlot"":4,""timestamp"":626606,""type"":""SKILL_LEVEL_UP""},{""itemId"":2403,""participantId"":10,""t'"
1164,"b'imestamp"":629070,""type"":""ITEM_DESTROYED""},{""creatorId"":7,""timestamp"":630335,""type"":""WARD_PLACED"",""wardType"":""UNDEFINED""},{""itemI'"
1165,"b'd"":2055,""participantId"":5,""timestamp"":634555,""type"":""ITEM_DESTROYED""},{""creatorId"":5,""timestamp"":634555,""type"":""WARD_PLACED"",""wa'"
1166,"b'rdType"":""CONTROL_WARD""},{""itemId"":3858,""participantId"":10,""timestamp"":637125,""type"":""ITEM_DESTROYED""},{""killerId"":2,""timestamp"":'"
1167,"b'640995,""type"":""WARD_KILL"",""wardType"":""CONTROL_WARD""},{""itemId"":3077,""participantId"":8,""timestamp"":644434,""type"":""ITEM_DESTROYED""'"
1168,"b'},{""itemId"":1036,""participantId"":8,""timestamp"":644434,""type"":""ITEM_DESTROYED""},{""itemId"":3133,""participantId"":8,""timestamp"":6444'"
1169,"b'34,""type"":""ITEM_DESTROYED""},{""itemId"":3074,""participantId"":8,""timestamp"":644434,""type"":""ITEM_PURCHASED""},{""creatorId"":4,""timesta'"
1170,"b'mp"":644535,""type"":""WARD_PLACED"",""wardType"":""YELLOW_TRINKET""},{""itemId"":1036,""participantId"":8,""timestamp"":644636,""type"":""ITEM_PU'"
1171,"b'RCHASED""},{""itemId"":3364,""participantId"":8,""timestamp"":647406,""type"":""ITEM_DESTROYED""},{""itemId"":3363,""participantId"":8,""timesta'"
1172,"b'mp"":647406,""type"":""ITEM_PURCHASED""},{""itemId"":3802,""participantId"":3,""timestamp"":649940,""type"":""ITEM_PURCHASED""},{""creatorId"":10'"
1173,"b',""timestamp"":650373,""type"":""WARD_PLACED"",""wardType"":""SIGHT_WARD""},{""creatorId"":7,""timestamp"":651744,""type"":""WARD_PLACED"",""wardTy'"
1174,"b'pe"":""UNDEFINED""},{""itemId"":2003,""participantId"":9,""timestamp"":651945,""type"":""ITEM_DESTROYED""},{""itemId"":1026,""participantId"":1,""'"
1175,"b'timestamp"":655480,""type"":""ITEM_PURCHASED""},{""itemId"":3916,""participantId"":1,""timestamp"":656814,""type"":""ITEM_PURCHASED""},{""itemId'"
1176,"b'"":6670,""participantId"":2,""timestamp"":658317,""type"":""ITEM_DESTROYED""},{""itemId"":1043,""participantId"":2,""timestamp"":658317,""type"":'"
1177,"b'""ITEM_DESTROYED""},{""itemId"":6672,""participantId"":2,""timestamp"":658317,""type"":""ITEM_PURCHASED""},{""itemId"":1052,""participantId"":1,'"
1178,"b'""timestamp"":658617,""type"":""ITEM_PURCHASED""},{""itemId"":2055,""participantId"":2,""timestamp"":658819,""type"":""ITEM_PURCHASED""},{""kille'"
1179,"b'rId"":4,""timestamp"":659717,""type"":""WARD_KILL"",""wardType"":""SIGHT_WARD""},{""creatorId"":5,""timestamp"":659717,""type"":""WARD_PLACED"",""wa'"
1180,"b'rdType"":""UNDEFINED""}],""participantFrames"":{""1"":{""championStats"":{""abilityHaste"":0,""abilityPower"":138,""armor"":67,""armorPen"":0,""ar'"
1181,"b'morPenPercent"":0,""attackDamage"":82,""attackSpeed"":112,""bonusArmorPenPercent"":0,""bonusMagicPenPercent"":0,""ccReduction"":5,""cooldown'"
1182,"b'Reduction"":0,""health"":1402,""healthMax"":1402,""healthRegen"":22,""lifesteal"":0,""magicPen"":0,""magicPenPercent"":0,""magicResist"":46,""mo'"
1183,"b'vementSpeed"":429,""omnivamp"":0,""physicalVamp"":0,""power"":70,""powerMax"":150,""powerRegen"":0,""spellVamp"":0},""currentGold"":46,""damageS'"
1184,"b'tats"":{""magicDamageDone"":27860,""magicDamageDoneToChampions"":3046,""magicDamageTaken"":837,""physicalDamageDone"":4803,""physicalDamag'"
1185,"b'eDoneToChampions"":46,""physicalDamageTaken"":958,""totalDamageDone"":32873,""totalDamageDoneToChampions"":3302,""totalDamageTaken"":1796'"
1186,"b',""trueDamageDone"":210,""trueDamageDoneToChampions"":210,""trueDamageTaken"":0},""goldPerSecond"":0,""jungleMinionsKilled"":0,""level"":9,""'"
1187,"b'minionsKilled"":95,""participantId"":1,""position"":{""x"":615,""y"":1977},""timeEnemySpentControlled"":99793,""totalGold"":3531,""xp"":5637},""'"
1188,"b'2"":{""championStats"":{""abilityHaste"":0,""abilityPower"":0,""armor"":60,""armorPen"":0,""armorPenPercent"":0,""attackDamage"":120,""attackSpe'"
1189,"b'ed"":158,""bonusArmorPenPercent"":0,""bonusMagicPenPercent"":0,""ccReduction"":0,""cooldownReduction"":0,""health"":1089,""healthMax"":1089,""'"
1190,"b'healthRegen"":17,""lifesteal"":0,""magicPen"":0,""magicPenPercent"":0,""magicResist"":41,""movementSpeed"":386,""omnivamp"":0,""physicalVamp"":'"
1191,"b'0,""power"":0,""powerMax"":60,""powerRegen"":0,""spellVamp"":0},""currentGold"":97,""damageStats"":{""magicDamageDone"":8543,""magicDamageDoneT'"
1192,"b'oChampions"":333,""magicDamageTaken"":1274,""physicalDamageDone"":46899,""physicalDamageDoneToChampions"":1034,""physicalDamageTaken"":47'"
1193,"b'12,""totalDamageDone"":65604,""totalDamageDoneToChampions"":1395,""totalDamageTaken"":6118,""trueDamageDone"":10161,""trueDamageDoneToCha'"
1194,"b'mpions"":27,""trueDamageTaken"":130},""goldPerSecond"":0,""jungleMinionsKilled"":72,""level"":7,""minionsKilled"":1,""participantId"":2,""posi'"
1195,"b'tion"":{""x"":1657,""y"":592},""timeEnemySpentControlled"":229008,""totalGold"":3827,""xp"":3854},""3"":{""championStats"":{""abilityHaste"":0,""a'"
1196,"b'bilityPower"":64,""armor"":51,""armorPen"":0,""armorPenPercent"":0,""attackDamage"":77,""attackSpeed"":117,""bonusArmorPenPercent"":0,""bonusM'"
1197,"b'agicPenPercent"":0,""ccReduction"":0,""cooldownReduction"":0,""health"":1262,""healthMax"":1262,""healthRegen"":20,""lifesteal"":0,""magicPen""'"
1198,"b':18,""magicPenPercent"":0,""magicResist"":37,""movementSpeed"":433,""omnivamp"":0,""physicalVamp"":0,""power"":1568,""powerMax"":1568,""powerRe'"
1199,"b'gen"":25,""spellVamp"":0},""currentGold"":66,""damageStats"":{""magicDamageDone"":26182,""magicDamageDoneToChampions"":1382,""magicDamageTak'"
1200,"b'en"":204,""physicalDamageDone"":4524,""physicalDamageDoneToChampions"":46,""physicalDamageTaken"":1587,""totalDamageDone"":30706,""totalDa'"
1201,"b'mageDoneToChampions"":1429,""totalDamageTaken"":1884,""trueDamageDone"":0,""trueDamageDoneToChampions"":0,""trueDamageTaken"":92},""goldPe'"
1202,"b'rSecond"":0,""jungleMinionsKilled"":0,""level"":8,""minionsKilled"":88,""participantId"":3,""position"":{""x"":3265,""y"":2700},""timeEnemySpent'"
1203,"b'Controlled"":140459,""totalGold"":3466,""xp"":4949},""4"":{""championStats"":{""abilityHaste"":0,""abilityPower"":0,""armor"":52,""armorPen"":0,""'"
1204,"b'armorPenPercent"":0,""attackDamage"":107,""attackSpeed"":137,""bonusArmorPenPercent"":0,""bonusMagicPenPercent"":0,""ccReduction"":0,""coold'"
1205,"b'ownReduction"":0,""health"":742,""healthMax"":1174,""healthRegen"":14,""lifesteal"":1,""magicPen"":0,""magicPenPercent"":0,""magicResist"":36,""'"
1206,"b'movementSpeed"":335,""omnivamp"":2,""physicalVamp"":0,""power"":514,""powerMax"":1205,""powerRegen"":26,""spellVamp"":0},""currentGold"":930,""d'"
1207,"b'amageStats"":{""magicDamageDone"":847,""magicDamageDoneToChampions"":775,""magicDamageTaken"":669,""physicalDamageDone"":28442,""physicalD'"
1208,"b'amageDoneToChampions"":2332,""physicalDamageTaken"":3645,""totalDamageDone"":29289,""totalDamageDoneToChampions"":3107,""totalDamageTake'"
1209,"b'n"":4359,""trueDamageDone"":0,""trueDamageDoneToChampions"":0,""trueDamageTaken"":45},""goldPerSecond"":0,""jungleMinionsKilled"":0,""level""'"
1210,"b':7,""minionsKilled"":96,""participantId"":4,""position"":{""x"":11696,""y"":1668},""timeEnemySpentControlled"":0,""totalGold"":3845,""xp"":3821}'"
1211,"b',""5"":{""championStats"":{""abilityHaste"":0,""abilityPower"":27,""armor"":55,""armorPen"":0,""armorPenPercent"":0,""attackDamage"":75,""attackS'"
1212,"b'peed"":111,""bonusArmorPenPercent"":0,""bonusMagicPenPercent"":0,""ccReduction"":0,""cooldownReduction"":0,""health"":942,""healthMax"":1301,'"
1213,"b'""healthRegen"":107,""lifesteal"":0,""magicPen"":0,""magicPenPercent"":0,""magicResist"":40,""movementSpeed"":406,""omnivamp"":0,""physicalVamp'"
1214,"b'"":0,""power"":350,""powerMax"":512,""powerRegen"":32,""spellVamp"":0},""currentGold"":372,""damageStats"":{""magicDamageDone"":1571,""magicDama'"
1215,"b'geDoneToChampions"":984,""magicDamageTaken"":868,""physicalDamageDone"":3139,""physicalDamageDoneToChampions"":878,""physicalDamageTaken'"
1216,"b'"":2785,""totalDamageDone"":8837,""totalDamageDoneToChampions"":2083,""totalDamageTaken"":3701,""trueDamageDone"":4127,""trueDamageDoneToC'"
1217,"b'hampions"":220,""trueDamageTaken"":47},""goldPerSecond"":30,""jungleMinionsKilled"":0,""level"":6,""minionsKilled"":20,""participantId"":5,""p'"
1218,"b'osition"":{""x"":12491,""y"":1263},""timeEnemySpentControlled"":38974,""totalGold"":3102,""xp"":3064},""6"":{""championStats"":{""abilityHaste"":'"
1219,"b'0,""abilityPower"":33,""armor"":62,""armorPen"":0,""armorPenPercent"":0,""attackDamage"":95,""attackSpeed"":150,""bonusArmorPenPercent"":0,""bo'"
1220,"b'nusMagicPenPercent"":0,""ccReduction"":9,""cooldownReduction"":0,""health"":1307,""healthMax"":1641,""healthRegen"":22,""lifesteal"":16,""magi'"
1221,"b'cPen"":0,""magicPenPercent"":0,""magicResist"":70,""movementSpeed"":350,""omnivamp"":0,""physicalVamp"":0,""power"":97,""powerMax"":608,""powerR'"
1222,"b'egen"":21,""spellVamp"":0},""currentGold"":1232,""damageStats"":{""magicDamageDone"":16319,""magicDamageDoneToChampions"":837,""magicDamageT'"
1223,"b'aken"":3046,""physicalDamageDone"":10553,""physicalDamageDoneToChampions"":276,""physicalDamageTaken"":1350,""totalDamageDone"":26873,""to'"
1224,"b'talDamageDoneToChampions"":1114,""totalDamageTaken"":4606,""trueDamageDone"":0,""trueDamageDoneToChampions"":0,""trueDamageTaken"":210},""'"
1225,"b'goldPerSecond"":0,""jungleMinionsKilled"":0,""level"":9,""minionsKilled"":89,""participantId"":6,""position"":{""x"":2441,""y"":12338},""timeEne'"
1226,"b'mySpentControlled"":679439,""totalGold"":3547,""xp"":5354},""7"":{""championStats"":{""abilityHaste"":0,""abilityPower"":59,""armor"":62,""armor'"
1227,"b'Pen"":0,""armorPenPercent"":0,""attackDamage"":74,""attackSpeed"":145,""bonusArmorPenPercent"":0,""bonusMagicPenPercent"":0,""ccReduction"":0'"
1228,"b',""cooldownReduction"":0,""health"":1128,""healthMax"":1178,""healthRegen"":17,""lifesteal"":0,""magicPen"":0,""magicPenPercent"":0,""magicResi'"
1229,"b'st"":36,""movementSpeed"":480,""omnivamp"":0,""physicalVamp"":0,""power"":464,""powerMax"":513,""powerRegen"":137,""spellVamp"":0},""currentGold'"
1230,"b'"":483,""damageStats"":{""magicDamageDone"":34822,""magicDamageDoneToChampions"":1273,""magicDamageTaken"":1722,""physicalDamageDone"":9001'"
1231,"b',""physicalDamageDoneToChampions"":245,""physicalDamageTaken"":7186,""totalDamageDone"":61196,""totalDamageDoneToChampions"":1567,""total'"
1232,"b'DamageTaken"":8924,""trueDamageDone"":17372,""trueDamageDoneToChampions"":48,""trueDamageTaken"":15},""goldPerSecond"":0,""jungleMinionsKi'"
1233,"b'lled"":63,""level"":7,""minionsKilled"":3,""participantId"":7,""position"":{""x"":6628,""y"":11720},""timeEnemySpentControlled"":62495,""totalGo'"
1234,"b'ld"":3353,""xp"":3633},""8"":{""championStats"":{""abilityHaste"":0,""abilityPower"":0,""armor"":63,""armorPen"":0,""armorPenPercent"":0,""attackD'"
1235,"b'amage"":181,""attackSpeed"":122,""bonusArmorPenPercent"":0,""bonusMagicPenPercent"":0,""ccReduction"":0,""cooldownReduction"":0,""health"":13'"
1236,"b'21,""healthMax"":1321,""healthRegen"":22,""lifesteal"":10,""magicPen"":0,""magicPenPercent"":0,""magicResist"":50,""movementSpeed"":345,""omniv'"
1237,"b'amp"":0,""physicalVamp"":0,""power"":200,""powerMax"":200,""powerRegen"":100,""spellVamp"":0},""currentGold"":57,""damageStats"":{""magicDamageD'"
1238,"b'one"":3076,""magicDamageDoneToChampions"":121,""magicDamageTaken"":1335,""physicalDamageDone"":35782,""physicalDamageDoneToChampions"":16'"
1239,"b'89,""physicalDamageTaken"":507,""totalDamageDone"":38988,""totalDamageDoneToChampions"":1941,""totalDamageTaken"":1843,""trueDamageDone"":'"
1240,"b'129,""trueDamageDoneToChampions"":129,""trueDamageTaken"":0},""goldPerSecond"":0,""jungleMinionsKilled"":0,""level"":9,""minionsKilled"":100'"
1241,"b',""participantId"":8,""position"":{""x"":10125,""y"":10404},""timeEnemySpentControlled"":72421,""totalGold"":3962,""xp"":5729},""9"":{""championS'"
1242,"b'tats"":{""abilityHaste"":0,""abilityPower"":0,""armor"":54,""armorPen"":0,""armorPenPercent"":0,""attackDamage"":127,""attackSpeed"":155,""bonus'"
1243,"b'ArmorPenPercent"":0,""bonusMagicPenPercent"":0,""ccReduction"":0,""cooldownReduction"":0,""health"":938,""healthMax"":1205,""healthRegen"":93'"
1244,"b',""lifesteal"":1,""magicPen"":0,""magicPenPercent"":0,""magicResist"":36,""movementSpeed"":370,""omnivamp"":2,""physicalVamp"":0,""power"":295,""'"
1245,"b'powerMax"":648,""powerRegen"":21,""spellVamp"":0},""currentGold"":527,""damageStats"":{""magicDamageDone"":706,""magicDamageDoneToChampions""'"
1246,"b':505,""magicDamageTaken"":863,""physicalDamageDone"":24115,""physicalDamageDoneToChampions"":5223,""physicalDamageTaken"":2327,""totalDam'"
1247,"b'ageDone"":24821,""totalDamageDoneToChampions"":5729,""totalDamageTaken"":3191,""trueDamageDone"":0,""trueDamageDoneToChampions"":0,""trueD'"
1248,"b'amageTaken"":0},""goldPerSecond"":0,""jungleMinionsKilled"":0,""level"":7,""minionsKilled"":92,""participantId"":9,""position"":{""x"":12792,""y'"
1249,"b'"":2795},""timeEnemySpentControlled"":1667,""totalGold"":4022,""xp"":3573},""10"":{""championStats"":{""abilityHaste"":0,""abilityPower"":10,""a'"
1250,"b'rmor"":72,""armorPen"":0,""armorPenPercent"":0,""attackDamage"":66,""attackSpeed"":135,""bonusArmorPenPercent"":0,""bonusMagicPenPercent"":0,'"
1251,"b'""ccReduction"":0,""cooldownReduction"":0,""health"":861,""healthMax"":1270,""healthRegen"":121,""lifesteal"":0,""magicPen"":0,""magicPenPercen'"
1252,"b't"":0,""magicResist"":41,""movementSpeed"":319,""omnivamp"":0,""physicalVamp"":0,""power"":269,""powerMax"":527,""powerRegen"":14,""spellVamp"":0'"
1253,"b'},""currentGold"":818,""damageStats"":{""magicDamageDone"":1502,""magicDamageDoneToChampions"":701,""magicDamageTaken"":717,""physicalDamag'"
1254,"b'eDone"":2371,""physicalDamageDoneToChampions"":421,""physicalDamageTaken"":2588,""totalDamageDone"":6897,""totalDamageDoneToChampions"":1'"
1255,"b'261,""totalDamageTaken"":3538,""trueDamageDone"":3023,""trueDamageDoneToChampions"":137,""trueDamageTaken"":232},""goldPerSecond"":30,""jun'"
1256,"b'gleMinionsKilled"":0,""level"":6,""minionsKilled"":15,""participantId"":10,""position"":{""x"":13191,""y"":2094},""timeEnemySpentControlled"":7'"
1257,"b'9434,""totalGold"":2318,""xp"":2650}},""timestamp"":660184},{""events"":[{""creatorId"":5,""timestamp"":662859,""type"":""WARD_PLACED"",""wardTyp'"
1258,"b'e"":""SIGHT_WARD""},{""creatorId"":7,""timestamp"":664591,""type"":""WARD_PLACED"",""wardType"":""UNDEFINED""},{""killerId"":10,""timestamp"":66669'"
1259,"b'5,""type"":""WARD_KILL"",""wardType"":""SIGHT_WARD""},{""level"":7,""participantId"":5,""timestamp"":672637,""type"":""LEVEL_UP""},{""levelUpType"":'"
1260,"b'""NORMAL"",""participantId"":5,""skillSlot"":2,""timestamp"":673234,""type"":""SKILL_LEVEL_UP""},{""level"":9,""participantId"":3,""timestamp"":67'"
1261,"b'4135,""type"":""LEVEL_UP""},{""levelUpType"":""NORMAL"",""participantId"":3,""skillSlot"":1,""timestamp"":674801,""type"":""SKILL_LEVEL_UP""},{""it'"
1262,"b'emId"":1033,""participantId"":6,""timestamp"":676576,""type"":""ITEM_DESTROYED""},{""itemId"":3105,""participantId"":6,""timestamp"":676576,""ty'"
1263,"b'pe"":""ITEM_PURCHASED""},{""itemId"":1052,""participantId"":7,""timestamp"":676608,""type"":""ITEM_PURCHASED""},{""itemId"":1028,""participantId'"
1264,"b'"":6,""timestamp"":677043,""type"":""ITEM_PURCHASED""},{""itemId"":2055,""participantId"":7,""timestamp"":677277,""type"":""ITEM_PURCHASED""},{""c'"
1265,"b'reatorId"":5,""timestamp"":677677,""type"":""WARD_PLACED"",""wardType"":""SIGHT_WARD""},{""creatorId"":3,""timestamp"":681975,""type"":""WARD_PLAC'"
1266,"b'ED"",""wardType"":""YELLOW_TRINKET""},{""killerId"":5,""timestamp"":684312,""type"":""WARD_KILL"",""wardType"":""CONTROL_WARD""},{""creatorId"":5,""'"
1267,"b'timestamp"":684312,""type"":""WARD_PLACED"",""wardType"":""UNDEFINED""},{""creatorId"":5,""timestamp"":684716,""type"":""WARD_PLACED"",""wardType""'"
1268,"b':""SIGHT_WARD""},{""creatorId"":9,""timestamp"":689391,""type"":""WARD_PLACED"",""wardType"":""YELLOW_TRINKET""},{""killerId"":1,""timestamp"":690'"
1269,"b'831,""type"":""WARD_KILL"",""wardType"":""YELLOW_TRINKET""},{""level"":10,""participantId"":8,""timestamp"":694936,""type"":""LEVEL_UP""},{""level""'"
1270,"b':8,""participantId"":4,""timestamp"":695035,""type"":""LEVEL_UP""},{""levelUpType"":""NORMAL"",""participantId"":8,""skillSlot"":3,""timestamp"":6'"
1271,"b'95802,""type"":""SKILL_LEVEL_UP""},{""creatorId"":7,""timestamp"":700575,""type"":""WARD_PLACED"",""wardType"":""UNDEFINED""},{""levelUpType"":""NO'"
1272,"b'RMAL"",""participantId"":4,""skillSlot"":3,""timestamp"":702040,""type"":""SKILL_LEVEL_UP""},{""level"":10,""participantId"":1,""timestamp"":7078'"
1273,"b'83,""type"":""LEVEL_UP""},{""itemId"":2055,""participantId"":2,""timestamp"":708550,""type"":""ITEM_DESTROYED""},{""creatorId"":2,""timestamp"":70'"
1274,"b'8550,""type"":""WARD_PLACED"",""wardType"":""CONTROL_WARD""},{""levelUpType"":""NORMAL"",""participantId"":1,""skillSlot"":3,""timestamp"":710889,'"
1275,"b'""type"":""SKILL_LEVEL_UP""},{""killerId"":9,""timestamp"":715863,""type"":""WARD_KILL"",""wardType"":""SIGHT_WARD""},{""creatorId"":7,""timestamp""'"
1276,"b':718037,""type"":""WARD_PLACED"",""wardType"":""UNDEFINED""},{""itemId"":3513,""participantId"":7,""timestamp"":719771,""type"":""ITEM_DESTROYED""'"
1277,"b'}],""participantFrames"":{""1"":{""championStats"":{""abilityHaste"":0,""abilityPower"":140,""armor"":72,""armorPen"":0,""armorPenPercent"":0,""a'"
1278,"b'ttackDamage"":85,""attackSpeed"":114,""bonusArmorPenPercent"":0,""bonusMagicPenPercent"":0,""ccReduction"":5,""cooldownReduction"":0,""healt'"
1279,"b'h"":1507,""healthMax"":1507,""healthRegen"":23,""lifesteal"":0,""magicPen"":0,""magicPenPercent"":0,""magicResist"":47,""movementSpeed"":405,""o'"
1280,"b'mnivamp"":0,""physicalVamp"":0,""power"":80,""powerMax"":150,""powerRegen"":0,""spellVamp"":0},""currentGold"":445,""damageStats"":{""magicDamag'"
1281,"b'eDone"":32008,""magicDamageDoneToChampions"":3335,""magicDamageTaken"":837,""physicalDamageDone"":5247,""physicalDamageDoneToChampions"":'"
1282,"b'46,""physicalDamageTaken"":970,""totalDamageDone"":37465,""totalDamageDoneToChampions"":3592,""totalDamageTaken"":1808,""trueDamageDone"":'"
1283,"b'210,""trueDamageDoneToChampions"":210,""trueDamageTaken"":0},""goldPerSecond"":0,""jungleMinionsKilled"":0,""level"":10,""minionsKilled"":10'"
1284,"b'8,""participantId"":1,""position"":{""x"":2971,""y"":13040},""timeEnemySpentControlled"":108570,""totalGold"":3935,""xp"":6323},""2"":{""champion'"
1285,"b'Stats"":{""abilityHaste"":0,""abilityPower"":0,""armor"":60,""armorPen"":0,""armorPenPercent"":0,""attackDamage"":120,""attackSpeed"":158,""bonu'"
1286,"b'sArmorPenPercent"":0,""bonusMagicPenPercent"":0,""ccReduction"":0,""cooldownReduction"":0,""health"":683,""healthMax"":1089,""healthRegen"":1'"
1287,"b'7,""lifesteal"":0,""magicPen"":0,""magicPenPercent"":0,""magicResist"":41,""movementSpeed"":340,""omnivamp"":0,""physicalVamp"":0,""power"":0,""p'"
1288,"b'owerMax"":60,""powerRegen"":0,""spellVamp"":0},""currentGold"":233,""damageStats"":{""magicDamageDone"":8543,""magicDamageDoneToChampions"":3'"
1289,"b'33,""magicDamageTaken"":1401,""physicalDamageDone"":49051,""physicalDamageDoneToChampions"":1034,""physicalDamageTaken"":5126,""totalDama'"
1290,"b'geDone"":68142,""totalDamageDoneToChampions"":1395,""totalDamageTaken"":6659,""trueDamageDone"":10547,""trueDamageDoneToChampions"":27,""t'"
1291,"b'rueDamageTaken"":130},""goldPerSecond"":0,""jungleMinionsKilled"":72,""level"":7,""minionsKilled"":2,""participantId"":2,""position"":{""x"":98'"
1292,"b'15,""y"":4267},""timeEnemySpentControlled"":229775,""totalGold"":3963,""xp"":3978},""3"":{""championStats"":{""abilityHaste"":0,""abilityPower""'"
1293,"b':64,""armor"":55,""armorPen"":0,""armorPenPercent"":0,""attackDamage"":80,""attackSpeed"":119,""bonusArmorPenPercent"":0,""bonusMagicPenPerce'"
1294,"b'nt"":0,""ccReduction"":0,""cooldownReduction"":0,""health"":1354,""healthMax"":1413,""healthRegen"":21,""lifesteal"":0,""magicPen"":18,""magicPe'"
1295,"b'nPercent"":0,""magicResist"":38,""movementSpeed"":375,""omnivamp"":0,""physicalVamp"":0,""power"":1380,""powerMax"":1624,""powerRegen"":26,""spe'"
1296,"b'llVamp"":0},""currentGold"":455,""damageStats"":{""magicDamageDone"":31557,""magicDamageDoneToChampions"":1549,""magicDamageTaken"":246,""ph'"
1297,"b'ysicalDamageDone"":4694,""physicalDamageDoneToChampions"":46,""physicalDamageTaken"":1791,""totalDamageDone"":36251,""totalDamageDoneToC'"
1298,"b'hampions"":1596,""totalDamageTaken"":2132,""trueDamageDone"":0,""trueDamageDoneToChampions"":0,""trueDamageTaken"":94},""goldPerSecond"":0,'"
1299,"b'""jungleMinionsKilled"":0,""level"":9,""minionsKilled"":100,""participantId"":3,""position"":{""x"":8971,""y"":4669},""timeEnemySpentControlled'"
1300,"b'"":146460,""totalGold"":3855,""xp"":5535},""4"":{""championStats"":{""abilityHaste"":0,""abilityPower"":0,""armor"":57,""armorPen"":0,""armorPenPe'"
1301,"b'rcent"":0,""attackDamage"":109,""attackSpeed"":179,""bonusArmorPenPercent"":0,""bonusMagicPenPercent"":0,""ccReduction"":0,""cooldownReducti'"
1302,"b'on"":0,""health"":1269,""healthMax"":1269,""healthRegen"":15,""lifesteal"":2,""magicPen"":0,""magicPenPercent"":0,""magicResist"":37,""movementS'"
1303,"b'peed"":335,""omnivamp"":2,""physicalVamp"":0,""power"":230,""powerMax"":1300,""powerRegen"":28,""spellVamp"":0},""currentGold"":1326,""damageSta'"
1304,"b'ts"":{""magicDamageDone"":1381,""magicDamageDoneToChampions"":1045,""magicDamageTaken"":669,""physicalDamageDone"":34031,""physicalDamageD'"
1305,"b'oneToChampions"":2532,""physicalDamageTaken"":3681,""totalDamageDone"":35412,""totalDamageDoneToChampions"":3578,""totalDamageTaken"":439'"
1306,"b'6,""trueDamageDone"":0,""trueDamageDoneToChampions"":0,""trueDamageTaken"":45},""goldPerSecond"":0,""jungleMinionsKilled"":0,""level"":8,""mi'"
1307,"b'nionsKilled"":108,""participantId"":4,""position"":{""x"":10136,""y"":4153},""timeEnemySpentControlled"":0,""totalGold"":4241,""xp"":4163},""5"":'"
1308,"b'{""championStats"":{""abilityHaste"":0,""abilityPower"":29,""armor"":59,""armorPen"":0,""armorPenPercent"":0,""attackDamage"":78,""attackSpeed""'"
1309,"b':114,""bonusArmorPenPercent"":0,""bonusMagicPenPercent"":0,""ccReduction"":0,""cooldownReduction"":0,""health"":1132,""healthMax"":1389,""hea'"
1310,"b'lthRegen"":25,""lifesteal"":0,""magicPen"":0,""magicPenPercent"":0,""magicResist"":41,""movementSpeed"":406,""omnivamp"":0,""physicalVamp"":0,""'"
1311,"b'power"":239,""powerMax"":557,""powerRegen"":33,""spellVamp"":0},""currentGold"":634,""damageStats"":{""magicDamageDone"":2348,""magicDamageDon'"
1312,"b'eToChampions"":1175,""magicDamageTaken"":1024,""physicalDamageDone"":3521,""physicalDamageDoneToChampions"":922,""physicalDamageTaken"":3'"
1313,"b'022,""totalDamageDone"":10677,""totalDamageDoneToChampions"":2318,""totalDamageTaken"":4093,""trueDamageDone"":4806,""trueDamageDoneToCha'"
1314,"b'mpions"":220,""trueDamageTaken"":47},""goldPerSecond"":30,""jungleMinionsKilled"":0,""level"":7,""minionsKilled"":23,""participantId"":5,""pos'"
1315,"b'ition"":{""x"":10808,""y"":4435},""timeEnemySpentControlled"":44792,""totalGold"":3369,""xp"":3406},""6"":{""championStats"":{""abilityHaste"":0,'"
1316,"b'""abilityPower"":33,""armor"":92,""armorPen"":0,""armorPenPercent"":0,""attackDamage"":95,""attackSpeed"":120,""bonusArmorPenPercent"":0,""bonu'"
1317,"b'sMagicPenPercent"":0,""ccReduction"":9,""cooldownReduction"":0,""health"":1530,""healthMax"":1791,""healthRegen"":13,""lifesteal"":0,""magicPe'"
1318,"b'n"":0,""magicPenPercent"":0,""magicResist"":75,""movementSpeed"":350,""omnivamp"":0,""physicalVamp"":0,""power"":455,""powerMax"":608,""powerReg'"
1319,"b'en"":21,""spellVamp"":0},""currentGold"":409,""damageStats"":{""magicDamageDone"":18642,""magicDamageDoneToChampions"":837,""magicDamageTake'"
1320,"b'n"":3335,""physicalDamageDone"":11537,""physicalDamageDoneToChampions"":276,""physicalDamageTaken"":1370,""totalDamageDone"":30179,""total'"
1321,"b'DamageDoneToChampions"":1114,""totalDamageTaken"":4916,""trueDamageDone"":0,""trueDamageDoneToChampions"":0,""trueDamageTaken"":210},""gol'"
1322,"b'dPerSecond"":0,""jungleMinionsKilled"":0,""level"":9,""minionsKilled"":97,""participantId"":6,""position"":{""x"":3740,""y"":13567},""timeEnemyS'"
1323,"b'pentControlled"":730413,""totalGold"":3874,""xp"":5818},""7"":{""championStats"":{""abilityHaste"":0,""abilityPower"":92,""armor"":62,""armorPen'"
1324,"b'"":0,""armorPenPercent"":0,""attackDamage"":74,""attackSpeed"":125,""bonusArmorPenPercent"":0,""bonusMagicPenPercent"":0,""ccReduction"":0,""c'"
1325,"b'ooldownReduction"":0,""health"":1178,""healthMax"":1178,""healthRegen"":17,""lifesteal"":0,""magicPen"":0,""magicPenPercent"":0,""magicResist""'"
1326,"b':36,""movementSpeed"":443,""omnivamp"":0,""physicalVamp"":0,""power"":444,""powerMax"":513,""powerRegen"":143,""spellVamp"":0},""currentGold"":2'"
1327,"b'04,""damageStats"":{""magicDamageDone"":38277,""magicDamageDoneToChampions"":1442,""magicDamageTaken"":1722,""physicalDamageDone"":9316,""p'"
1328,"b'hysicalDamageDoneToChampions"":245,""physicalDamageTaken"":7611,""totalDamageDone"":65423,""totalDamageDoneToChampions"":1736,""totalDam'"
1329,"b'ageTaken"":9348,""trueDamageDone"":17830,""trueDamageDoneToChampions"":48,""trueDamageTaken"":15},""goldPerSecond"":0,""jungleMinionsKille'"
1330,"b'd"":67,""level"":7,""minionsKilled"":3,""participantId"":7,""position"":{""x"":9437,""y"":5779},""timeEnemySpentControlled"":62495,""totalGold"":'"
1331,"b'3584,""xp"":3865},""8"":{""championStats"":{""abilityHaste"":0,""abilityPower"":0,""armor"":68,""armorPen"":0,""armorPenPercent"":0,""attackDamag'"
1332,"b'e"":191,""attackSpeed"":125,""bonusArmorPenPercent"":0,""bonusMagicPenPercent"":0,""ccReduction"":0,""cooldownReduction"":0,""health"":1420,""'"
1333,"b'healthMax"":1420,""healthRegen"":24,""lifesteal"":10,""magicPen"":0,""magicPenPercent"":0,""magicResist"":52,""movementSpeed"":380,""omnivamp""'"
1334,"b':0,""physicalVamp"":0,""power"":200,""powerMax"":200,""powerRegen"":100,""spellVamp"":0},""currentGold"":463,""damageStats"":{""magicDamageDone'"
1335,"b'"":3178,""magicDamageDoneToChampions"":121,""magicDamageTaken"":1502,""physicalDamageDone"":41454,""physicalDamageDoneToChampions"":1893,'"
1336,"b'""physicalDamageTaken"":507,""totalDamageDone"":44764,""totalDamageDoneToChampions"":2146,""totalDamageTaken"":2010,""trueDamageDone"":131'"
1337,"b',""trueDamageDoneToChampions"":131,""trueDamageTaken"":0},""goldPerSecond"":0,""jungleMinionsKilled"":0,""level"":10,""minionsKilled"":112,""'"
1338,"b'participantId"":8,""position"":{""x"":10208,""y"":5541},""timeEnemySpentControlled"":72754,""totalGold"":4369,""xp"":6315},""9"":{""championStat'"
1339,"b's"":{""abilityHaste"":0,""abilityPower"":0,""armor"":54,""armorPen"":0,""armorPenPercent"":0,""attackDamage"":127,""attackSpeed"":155,""bonusArm'"
1340,"b'orPenPercent"":0,""bonusMagicPenPercent"":0,""ccReduction"":0,""cooldownReduction"":0,""health"":964,""healthMax"":1205,""healthRegen"":13,""l'"
1341,"b'ifesteal"":2,""magicPen"":0,""magicPenPercent"":0,""magicResist"":36,""movementSpeed"":472,""omnivamp"":2,""physicalVamp"":0,""power"":180,""pow'"
1342,"b'erMax"":648,""powerRegen"":21,""spellVamp"":0},""currentGold"":962,""damageStats"":{""magicDamageDone"":750,""magicDamageDoneToChampions"":54'"
1343,"b'9,""magicDamageTaken"":863,""physicalDamageDone"":30243,""physicalDamageDoneToChampions"":5435,""physicalDamageTaken"":2648,""totalDamage'"
1344,"b'Done"":30993,""totalDamageDoneToChampions"":5985,""totalDamageTaken"":3512,""trueDamageDone"":0,""trueDamageDoneToChampions"":0,""trueDama'"
1345,"b'geTaken"":0},""goldPerSecond"":0,""jungleMinionsKilled"":0,""level"":7,""minionsKilled"":106,""participantId"":9,""position"":{""x"":10974,""y"":'"
1346,"b'5058},""timeEnemySpentControlled"":1667,""totalGold"":4462,""xp"":4015},""10"":{""championStats"":{""abilityHaste"":0,""abilityPower"":10,""arm'"
1347,"b'or"":64,""armorPen"":0,""armorPenPercent"":0,""attackDamage"":66,""attackSpeed"":105,""bonusArmorPenPercent"":0,""bonusMagicPenPercent"":0,""c'"
1348,"b'cReduction"":0,""cooldownReduction"":0,""health"":729,""healthMax"":1270,""healthRegen"":62,""lifesteal"":0,""magicPen"":0,""magicPenPercent"":'"
1349,"b'0,""magicResist"":37,""movementSpeed"":476,""omnivamp"":0,""physicalVamp"":0,""power"":228,""powerMax"":527,""powerRegen"":14,""spellVamp"":0},""'"
1350,"b'currentGold"":1102,""damageStats"":{""magicDamageDone"":1614,""magicDamageDoneToChampions"":813,""magicDamageTaken"":1179,""physicalDamage'"
1351,"b'Done"":2449,""physicalDamageDoneToChampions"":421,""physicalDamageTaken"":2644,""totalDamageDone"":7586,""totalDamageDoneToChampions"":13'"
1352,"b'72,""totalDamageTaken"":4055,""trueDamageDone"":3522,""trueDamageDoneToChampions"":137,""trueDamageTaken"":232},""goldPerSecond"":30,""jung'"
1353,"b'leMinionsKilled"":0,""level"":6,""minionsKilled"":17,""participantId"":10,""position"":{""x"":11014,""y"":5450},""timeEnemySpentControlled"":83'"
1354,"b'166,""totalGold"":2607,""xp"":3092}},""timestamp"":720203},{""events"":[{""level"":8,""participantId"":9,""timestamp"":723707,""type"":""LEVEL_UP'"
1355,"b'""},{""level"":8,""participantId"":7,""timestamp"":723707,""type"":""LEVEL_UP""},{""assistingParticipantIds"":[2,3,4,5],""bounty"":0,""killerId""'"
1356,"b':7,""killerTeamId"":200,""monsterSubType"":""CHEMTECH_DRAGON"",""monsterType"":""DRAGON"",""position"":{""x"":9866,""y"":4414},""timestamp"":72370'"
1357,"b'7,""type"":""ELITE_MONSTER_KILL""},{""levelUpType"":""NORMAL"",""participantId"":7,""skillSlot"":3,""timestamp"":724406,""type"":""SKILL_LEVEL_UP'"
1358,"b'""},{""assistingParticipantIds"":[8,10],""bounty"":300,""killStreakLength"":1,""killerId"":9,""position"":{""x"":9867,""y"":4336},""shutdownBoun'"
1359,"b'ty"":0,""timestamp"":725472,""type"":""CHAMPION_KILL"",""victimDamageDealt"":[{""basic"":false,""magicDamage"":0,""name"":""Belveth"",""participan'"
1360,"b'tId"":10,""physicalDamage"":18,""spellName"":"""",""spellSlot"":-1,""trueDamage"":0,""type"":""OTHER""},{""basic"":false,""magicDamage"":0,""name"":""'"
1361,"b'Belveth"",""participantId"":10,""physicalDamage"":70,""spellName"":""belvethe"",""spellSlot"":2,""trueDamage"":0,""type"":""OTHER""},{""basic"":fal'"
1362,"b'se,""magicDamage"":52,""name"":""Belveth"",""participantId"":10,""physicalDamage"":0,""spellName"":""belvethw"",""spellSlot"":1,""trueDamage"":0,""'"
1363,"b'type"":""OTHER""}],""victimDamageReceived"":[{""basic"":false,""magicDamage"":126,""name"":""Nidalee"",""participantId"":7,""physicalDamage"":0,""'"
1364,"b'spellName"":""javelintoss"",""spellSlot"":0,""trueDamage"":0,""type"":""OTHER""},{""basic"":true,""magicDamage"":0,""name"":""SRU_Dragon_Chemtech""'"
1365,"b',""participantId"":0,""physicalDamage"":713,""spellName"":""sru_dragon_chemtech_attack"",""spellSlot"":64,""trueDamage"":0,""type"":""MONSTER""}'"
1366,"b',{""basic"":false,""magicDamage"":41,""name"":""Rell"",""participantId"":10,""physicalDamage"":0,""spellName"":""rellr"",""spellSlot"":3,""trueDama'"
1367,"b'ge"":0,""type"":""OTHER""},{""basic"":false,""magicDamage"":0,""name"":""Zed"",""participantId"":8,""physicalDamage"":107,""spellName"":""zedw"",""spe'"
1368,"b'llSlot"":1,""trueDamage"":46,""type"":""OTHER""},{""basic"":false,""magicDamage"":0,""name"":""Zed"",""participantId"":8,""physicalDamage"":404,""sp'"
1369,"b'ellName"":""zedq"",""spellSlot"":0,""trueDamage"":0,""type"":""OTHER""},{""basic"":false,""magicDamage"":53,""name"":""Lucian"",""participantId"":9,""'"
1370,"b'physicalDamage"":0,""spellName"":""lucianw"",""spellSlot"":1,""trueDamage"":0,""type"":""OTHER""}],""victimId"":2},{""level"":7,""participantId"":1'"
1371,"b'0,""timestamp"":725472,""type"":""LEVEL_UP""},{""assistingParticipantIds"":[2,3,5],""bounty"":300,""killStreakLength"":0,""killerId"":4,""posit'"
1372,"b'ion"":{""x"":9670,""y"":4326},""shutdownBounty"":0,""timestamp"":726206,""type"":""CHAMPION_KILL"",""victimDamageDealt"":[{""basic"":false,""magic'"
1373,"b'Damage"":0,""name"":""Rell"",""participantId"":4,""physicalDamage"":0,""spellName"":""summonerdot"",""spellSlot"":4,""trueDamage"":38,""type"":""OTH'"
1374,"b'ER""}],""victimDamageReceived"":[{""basic"":false,""magicDamage"":242,""name"":""Taliyah"",""participantId"":3,""physicalDamage"":0,""spellName""'"
1375,"b':""taliyahe"",""spellSlot"":2,""trueDamage"":0,""type"":""OTHER""},{""basic"":true,""magicDamage"":0,""name"":""Taliyah"",""participantId"":3,""physi'"
1376,"b'calDamage"":44,""spellName"":""taliyahbasicattack"",""spellSlot"":64,""trueDamage"":0,""type"":""OTHER""},{""basic"":false,""magicDamage"":47,""na'"
1377,"b'me"":""Taliyah"",""participantId"":3,""physicalDamage"":0,""spellName"":"""",""spellSlot"":-1,""trueDamage"":0,""type"":""OTHER""},{""basic"":false,""'"
1378,"b'magicDamage"":126,""name"":""Taliyah"",""participantId"":3,""physicalDamage"":0,""spellName"":""taliyahq"",""spellSlot"":0,""trueDamage"":0,""type'"
1379,"b'"":""OTHER""},{""basic"":true,""magicDamage"":0,""name"":""SRU_OrderMinionRanged"",""participantId"":0,""physicalDamage"":11,""spellName"":""sru_o'"
1380,"b'rderminionrangedbasicattack2"",""spellSlot"":65,""trueDamage"":0,""type"":""MINION""},{""basic"":false,""magicDamage"":65,""name"":""Rakan"",""par'"
1381,"b'ticipantId"":5,""physicalDamage"":0,""spellName"":""rakanq"",""spellSlot"":0,""trueDamage"":0,""type"":""OTHER""},{""basic"":false,""magicDamage"":'"
1382,"b'0,""name"":""Belveth"",""participantId"":2,""physicalDamage"":18,""spellName"":"""",""spellSlot"":-1,""trueDamage"":0,""type"":""OTHER""},{""basic"":f'"
1383,"b'alse,""magicDamage"":0,""name"":""Belveth"",""participantId"":2,""physicalDamage"":70,""spellName"":""belvethe"",""spellSlot"":2,""trueDamage"":0,'"
1384,"b'""type"":""OTHER""},{""basic"":false,""magicDamage"":52,""name"":""Belveth"",""participantId"":2,""physicalDamage"":0,""spellName"":""belvethw"",""sp'"
1385,"b'ellSlot"":1,""trueDamage"":0,""type"":""OTHER""},{""basic"":false,""magicDamage"":0,""name"":""Ezreal"",""participantId"":4,""physicalDamage"":58,""'"
1386,"b'spellName"":"""",""spellSlot"":-1,""trueDamage"":0,""type"":""OTHER""},{""basic"":true,""magicDamage"":0,""name"":""Ezreal"",""participantId"":4,""phy'"
1387,"b'sicalDamage"":134,""spellName"":""ezrealbasicattack"",""spellSlot"":64,""trueDamage"":0,""type"":""OTHER""},{""basic"":false,""magicDamage"":0,""n'"
1388,"b'ame"":""Ezreal"",""participantId"":4,""physicalDamage"":46,""spellName"":"""",""spellSlot"":-1,""trueDamage"":0,""type"":""OTHER""},{""basic"":false,'"
1389,"b'""magicDamage"":0,""name"":""Ezreal"",""participantId"":4,""physicalDamage"":143,""spellName"":""ezrealq"",""spellSlot"":0,""trueDamage"":0,""type""'"
1390,"b':""OTHER""}],""victimId"":10},{""level"":8,""participantId"":2,""timestamp"":726206,""type"":""LEVEL_UP""},{""levelUpType"":""NORMAL"",""participan'"
1391,"b'tId"":10,""skillSlot"":3,""timestamp"":729409,""type"":""SKILL_LEVEL_UP""},{""killerId"":9,""timestamp"":730646,""type"":""WARD_KILL"",""wardType""'"
1392,"b':""CONTROL_WARD""},{""itemId"":1001,""participantId"":10,""timestamp"":732117,""type"":""ITEM_DESTROYED""},{""itemId"":3158,""participantId"":10'"
1393,"b',""timestamp"":732117,""type"":""ITEM_PURCHASED""},{""itemId"":1028,""participantId"":10,""timestamp"":734414,""type"":""ITEM_DESTROYED""},{""ite'"
1394,"b'mId"":1011,""participantId"":10,""timestamp"":734414,""type"":""ITEM_PURCHASED""},{""levelUpType"":""NORMAL"",""participantId"":9,""skillSlot"":3'"
1395,"b',""timestamp"":735646,""type"":""SKILL_LEVEL_UP""},{""level"":10,""participantId"":6,""timestamp"":736248,""type"":""LEVEL_UP""},{""creatorId"":7,'"
1396,"b'""timestamp"":740390,""type"":""WARD_PLACED"",""wardType"":""UNDEFINED""},{""levelUpType"":""NORMAL"",""participantId"":6,""skillSlot"":2,""timesta'"
1397,"b'mp"":740589,""type"":""SKILL_LEVEL_UP""},{""killerId"":7,""laneType"":""MID_LANE"",""position"":{""x"":5846,""y"":6396},""teamId"":100,""timestamp"":'"
1398,"b'741824,""type"":""TURRET_PLATE_DESTROYED""},{""itemId"":2055,""participantId"":10,""timestamp"":742489,""type"":""ITEM_PURCHASED""},{""levelUpT'"
1399,"b'ype"":""NORMAL"",""participantId"":2,""skillSlot"":1,""timestamp"":744092,""type"":""SKILL_LEVEL_UP""},{""itemId"":1001,""participantId"":2,""time'"
1400,"b'stamp"":746164,""type"":""ITEM_PURCHASED""},{""level"":10,""participantId"":3,""timestamp"":750934,""type"":""LEVEL_UP""},{""levelUpType"":""NORMA'"
1401,"b'L"",""participantId"":3,""skillSlot"":3,""timestamp"":753834,""type"":""SKILL_LEVEL_UP""},{""itemId"":2010,""participantId"":4,""timestamp"":7540'"
1402,"b'36,""type"":""ITEM_DESTROYED""},{""assistingParticipantIds"":[9],""bounty"":300,""killStreakLength"":0,""killerId"":8,""position"":{""x"":13586,'"
1403,"b'""y"":3701},""shutdownBounty"":0,""timestamp"":759907,""type"":""CHAMPION_KILL"",""victimDamageDealt"":[{""basic"":true,""magicDamage"":0,""name""'"
1404,"b':""Ezreal"",""participantId"":8,""physicalDamage"":65,""spellName"":""ezrealbasicattack"",""spellSlot"":64,""trueDamage"":0,""type"":""OTHER""},{""'"
1405,"b'basic"":false,""magicDamage"":106,""name"":""Ezreal"",""participantId"":9,""physicalDamage"":0,""spellName"":""ezreale"",""spellSlot"":2,""trueDam'"
1406,"b'age"":0,""type"":""OTHER""},{""basic"":false,""magicDamage"":72,""name"":""Ezreal"",""participantId"":9,""physicalDamage"":0,""spellName"":""ezrealw'"
1407,"b'"",""spellSlot"":1,""trueDamage"":0,""type"":""OTHER""},{""basic"":false,""magicDamage"":0,""name"":""Ezreal"",""participantId"":9,""physicalDamage""'"
1408,"b':61,""spellName"":"""",""spellSlot"":-1,""trueDamage"":0,""type"":""OTHER""},{""basic"":true,""magicDamage"":0,""name"":""Ezreal"",""participantId"":9'"
1409,"b',""physicalDamage"":372,""spellName"":""ezrealbasicattack"",""spellSlot"":64,""trueDamage"":0,""type"":""OTHER""},{""basic"":false,""magicDamage""'"
1410,"b':0,""name"":""Ezreal"",""participantId"":9,""physicalDamage"":57,""spellName"":"""",""spellSlot"":-1,""trueDamage"":0,""type"":""OTHER""}],""victimDa'"
1411,"b'mageReceived"":[{""basic"":true,""magicDamage"":0,""name"":""SRU_ChaosMinionMelee"",""participantId"":0,""physicalDamage"":7,""spellName"":""sru'"
1412,"b'_chaosminionmeleebasicattack"",""spellSlot"":64,""trueDamage"":0,""type"":""MINION""},{""basic"":true,""magicDamage"":0,""name"":""Lucian"",""part'"
1413,"b'icipantId"":9,""physicalDamage"":318,""spellName"":""lucianpassive"",""spellSlot"":63,""trueDamage"":0,""type"":""OTHER""},{""basic"":false,""magi'"
1414,"b'cDamage"":0,""name"":""Lucian"",""participantId"":9,""physicalDamage"":62,""spellName"":"""",""spellSlot"":-1,""trueDamage"":0,""type"":""OTHER""},{""'"
1415,"b'basic"":false,""magicDamage"":0,""name"":""Lucian"",""participantId"":9,""physicalDamage"":145,""spellName"":""lucianpassiveattack"",""spellSlot'"
1416,"b'"":0,""trueDamage"":0,""type"":""OTHER""},{""basic"":false,""magicDamage"":0,""name"":""Lucian"",""participantId"":9,""physicalDamage"":130,""spellN'"
1417,"b'ame"":"""",""spellSlot"":-1,""trueDamage"":0,""type"":""OTHER""},{""basic"":false,""magicDamage"":0,""name"":""Lucian"",""participantId"":9,""physical'"
1418,"b'Damage"":168,""spellName"":""lucianq"",""spellSlot"":0,""trueDamage"":0,""type"":""OTHER""},{""basic"":false,""magicDamage"":0,""name"":""Zed"",""part'"
1419,"b'icipantId"":8,""physicalDamage"":53,""spellName"":"""",""spellSlot"":-1,""trueDamage"":0,""type"":""OTHER""},{""basic"":false,""magicDamage"":80,""n'"
1420,"b'ame"":""Zed"",""participantId"":8,""physicalDamage"":0,""spellName"":""zedpassive"",""spellSlot"":63,""trueDamage"":0,""type"":""OTHER""},{""basic"":'"
1421,"b'false,""magicDamage"":0,""name"":""Zed"",""participantId"":8,""physicalDamage"":101,""spellName"":""zede"",""spellSlot"":2,""trueDamage"":0,""type""'"
1422,"b':""OTHER""},{""basic"":false,""magicDamage"":0,""name"":""Zed"",""participantId"":8,""physicalDamage"":0,""spellName"":""zedq"",""spellSlot"":0,""tru'"
1423,"b'eDamage"":31,""type"":""OTHER""},{""basic"":true,""magicDamage"":0,""name"":""Zed"",""participantId"":8,""physicalDamage"":133,""spellName"":""zedba'"
1424,"b'sicattack"",""spellSlot"":64,""trueDamage"":0,""type"":""OTHER""}],""victimId"":4},{""assistingParticipantIds"":[8],""bounty"":300,""killStreakL'"
1425,"b'ength"":0,""killerId"":7,""position"":{""x"":12407,""y"":4652},""shutdownBounty"":150,""timestamp"":760873,""type"":""CHAMPION_KILL"",""victimDama'"
1426,"b'geDealt"":[{""basic"":true,""magicDamage"":0,""name"":""Rakan"",""participantId"":9,""physicalDamage"":49,""spellName"":""rakanbasicattack2"",""sp'"
1427,"b'ellSlot"":49,""trueDamage"":0,""type"":""OTHER""},{""basic"":false,""magicDamage"":72,""name"":""Rakan"",""participantId"":9,""physicalDamage"":0,""'"
1428,"b'spellName"":""rakanq"",""spellSlot"":0,""trueDamage"":0,""type"":""OTHER""}],""victimDamageReceived"":[{""basic"":true,""magicDamage"":0,""name"":""'"
1429,"b'Turret"",""participantId"":0,""physicalDamage"":333,""spellName"":""turretbasicattack"",""spellSlot"":64,""trueDamage"":0,""type"":""TOWER""},{""b'"
1430,"b'asic"":false,""magicDamage"":0,""name"":""Zed"",""participantId"":8,""physicalDamage"":202,""spellName"":""zedq"",""spellSlot"":0,""trueDamage"":20'"
1431,"b',""type"":""OTHER""},{""basic"":false,""magicDamage"":21,""name"":""Zed"",""participantId"":8,""physicalDamage"":0,""spellName"":"""",""spellSlot"":-1'"
1432,"b',""trueDamage"":0,""type"":""OTHER""},{""basic"":true,""magicDamage"":0,""name"":""Nidalee"",""participantId"":7,""physicalDamage"":48,""spellName""'"
1433,"b':""nidaleebasicattack"",""spellSlot"":64,""trueDamage"":0,""type"":""OTHER""}],""victimId"":5},{""itemId"":3057,""participantId"":4,""timestamp"":'"
1434,"b'764407,""type"":""ITEM_DESTROYED""},{""itemId"":3051,""participantId"":4,""timestamp"":764407,""type"":""ITEM_DESTROYED""},{""itemId"":3078,""par'"
1435,"b'ticipantId"":4,""timestamp"":764407,""type"":""ITEM_PURCHASED""},{""creatorId"":7,""timestamp"":764706,""type"":""WARD_PLACED"",""wardType"":""UND'"
1436,"b'EFINED""},{""killerId"":7,""timestamp"":766542,""type"":""WARD_KILL"",""wardType"":""UNDEFINED""},{""itemId"":1004,""participantId"":5,""timestamp'"
1437,"b'"":768407,""type"":""ITEM_DESTROYED""},{""itemId"":4642,""participantId"":5,""timestamp"":768407,""type"":""ITEM_PURCHASED""},{""itemId"":2055,""p'"
1438,"b'articipantId"":5,""timestamp"":769107,""type"":""ITEM_PURCHASED""},{""creatorId"":8,""timestamp"":772708,""type"":""WARD_PLACED"",""wardType"":""B'"
1439,"b'LUE_TRINKET""},{""itemId"":1038,""participantId"":9,""timestamp"":775951,""type"":""ITEM_PURCHASED""},{""creatorId"":7,""timestamp"":776250,""ty'"
1440,"b'pe"":""WARD_PLACED"",""wardType"":""UNDEFINED""},{""itemId"":2055,""participantId"":9,""timestamp"":778982,""type"":""ITEM_PURCHASED""},{""creator'"
1441,"b'Id"":10,""timestamp"":780204,""type"":""WARD_PLACED"",""wardType"":""SIGHT_WARD""}],""participantFrames"":{""1"":{""championStats"":{""abilityHast'"
1442,"b'e"":0,""abilityPower"":140,""armor"":72,""armorPen"":0,""armorPenPercent"":0,""attackDamage"":85,""attackSpeed"":114,""bonusArmorPenPercent"":0'"
1443,"b',""bonusMagicPenPercent"":0,""ccReduction"":7,""cooldownReduction"":0,""health"":1373,""healthMax"":1507,""healthRegen"":23,""lifesteal"":0,""m'"
1444,"b'agicPen"":0,""magicPenPercent"":0,""magicResist"":47,""movementSpeed"":405,""omnivamp"":0,""physicalVamp"":0,""power"":100,""powerMax"":150,""po'"
1445,"b'werRegen"":0,""spellVamp"":0},""currentGold"":700,""damageStats"":{""magicDamageDone"":35905,""magicDamageDoneToChampions"":3548,""magicDama'"
1446,"b'geTaken"":954,""physicalDamageDone"":5518,""physicalDamageDoneToChampions"":46,""physicalDamageTaken"":1078,""totalDamageDone"":41634,""to'"
1447,"b'talDamageDoneToChampions"":3805,""totalDamageTaken"":2032,""trueDamageDone"":210,""trueDamageDoneToChampions"":210,""trueDamageTaken"":0}'"
1448,"b',""goldPerSecond"":0,""jungleMinionsKilled"":0,""level"":10,""minionsKilled"":116,""participantId"":1,""position"":{""x"":2299,""y"":12261},""tim'"
1449,"b'eEnemySpentControlled"":116010,""totalGold"":4190,""xp"":6783},""2"":{""championStats"":{""abilityHaste"":0,""abilityPower"":0,""armor"":65,""ar'"
1450,"b'morPen"":0,""armorPenPercent"":0,""attackDamage"":123,""attackSpeed"":199,""bonusArmorPenPercent"":0,""bonusMagicPenPercent"":0,""ccReductio'"
1451,"b'n"":0,""cooldownReduction"":0,""health"":886,""healthMax"":1181,""healthRegen"":18,""lifesteal"":0,""magicPen"":0,""magicPenPercent"":0,""magicR'"
1452,"b'esist"":43,""movementSpeed"":365,""omnivamp"":0,""physicalVamp"":0,""power"":0,""powerMax"":60,""powerRegen"":0,""spellVamp"":0},""currentGold"":'"
1453,"b'220,""damageStats"":{""magicDamageDone"":10551,""magicDamageDoneToChampions"":385,""magicDamageTaken"":1496,""physicalDamageDone"":56995,""'"
1454,"b'physicalDamageDoneToChampions"":1123,""physicalDamageTaken"":6584,""totalDamageDone"":80389,""totalDamageDoneToChampions"":1537,""totalD'"
1455,"b'amageTaken"":8257,""trueDamageDone"":12843,""trueDamageDoneToChampions"":27,""trueDamageTaken"":177},""goldPerSecond"":0,""jungleMinionsKi'"
1456,"b'lled"":76,""level"":8,""minionsKilled"":2,""participantId"":2,""position"":{""x"":7368,""y"":3717},""timeEnemySpentControlled"":252410,""totalGo'"
1457,"b'ld"":4250,""xp"":4297},""3"":{""championStats"":{""abilityHaste"":0,""abilityPower"":64,""armor"":60,""armorPen"":0,""armorPenPercent"":0,""attack'"
1458,"b'Damage"":83,""attackSpeed"":120,""bonusArmorPenPercent"":0,""bonusMagicPenPercent"":0,""ccReduction"":0,""cooldownReduction"":0,""health"":13'"
1459,"b'66,""healthMax"":1527,""healthRegen"":23,""lifesteal"":0,""magicPen"":18,""magicPenPercent"":0,""magicResist"":40,""movementSpeed"":449,""omniv'"
1460,"b'amp"":0,""physicalVamp"":0,""power"":1182,""powerMax"":1675,""powerRegen"":28,""spellVamp"":0},""currentGold"":774,""damageStats"":{""magicDamag'"
1461,"b'eDone"":37619,""magicDamageDoneToChampions"":2770,""magicDamageTaken"":246,""physicalDamageDone"":5148,""physicalDamageDoneToChampions"":'"
1462,"b'91,""physicalDamageTaken"":2105,""totalDamageDone"":44675,""totalDamageDoneToChampions"":2861,""totalDamageTaken"":2451,""trueDamageDone""'"
1463,"b':1907,""trueDamageDoneToChampions"":0,""trueDamageTaken"":98},""goldPerSecond"":0,""jungleMinionsKilled"":0,""level"":10,""minionsKilled"":1'"
1464,"b'09,""participantId"":3,""position"":{""x"":12566,""y"":1757},""timeEnemySpentControlled"":180700,""totalGold"":4174,""xp"":6212},""4"":{""champio'"
1465,"b'nStats"":{""abilityHaste"":0,""abilityPower"":0,""armor"":57,""armorPen"":0,""armorPenPercent"":0,""attackDamage"":129,""attackSpeed"":157,""bon'"
1466,"b'usArmorPenPercent"":0,""bonusMagicPenPercent"":0,""ccReduction"":0,""cooldownReduction"":0,""health"":0,""healthMax"":1569,""healthRegen"":15'"
1467,"b',""lifesteal"":2,""magicPen"":0,""magicPenPercent"":0,""magicResist"":37,""movementSpeed"":385,""omnivamp"":2,""physicalVamp"":0,""power"":446,""'"
1468,"b'powerMax"":1361,""powerRegen"":28,""spellVamp"":0},""currentGold"":348,""damageStats"":{""magicDamageDone"":1697,""magicDamageDoneToChampion'"
1469,"b's"":1362,""magicDamageTaken"":749,""physicalDamageDone"":37965,""physicalDamageDoneToChampions"":3676,""physicalDamageTaken"":5032,""total'"
1470,"b'DamageDone"":39663,""totalDamageDoneToChampions"":5038,""totalDamageTaken"":6060,""trueDamageDone"":0,""trueDamageDoneToChampions"":0,""tr'"
1471,"b'ueDamageTaken"":278},""goldPerSecond"":0,""jungleMinionsKilled"":0,""level"":8,""minionsKilled"":116,""participantId"":4,""position"":{""x"":13'"
1472,"b'586,""y"":3701},""timeEnemySpentControlled"":0,""totalGold"":4796,""xp"":4450},""5"":{""championStats"":{""abilityHaste"":0,""abilityPower"":49,'"
1473,"b'""armor"":59,""armorPen"":0,""armorPenPercent"":0,""attackDamage"":78,""attackSpeed"":114,""bonusArmorPenPercent"":0,""bonusMagicPenPercent"":'"
1474,"b'0,""ccReduction"":0,""cooldownReduction"":0,""health"":0,""healthMax"":1389,""healthRegen"":25,""lifesteal"":0,""magicPen"":0,""magicPenPercent'"
1475,"b'"":0,""magicResist"":41,""movementSpeed"":406,""omnivamp"":0,""physicalVamp"":0,""power"":85,""powerMax"":557,""powerRegen"":33,""spellVamp"":0},'"
1476,"b'""currentGold"":71,""damageStats"":{""magicDamageDone"":3246,""magicDamageDoneToChampions"":1247,""magicDamageTaken"":1045,""physicalDamage'"
1477,"b'Done"":3900,""physicalDamageDoneToChampions"":972,""physicalDamageTaken"":4344,""totalDamageDone"":12451,""totalDamageDoneToChampions"":2'"
1478,"b'630,""totalDamageTaken"":5458,""trueDamageDone"":5304,""trueDamageDoneToChampions"":410,""trueDamageTaken"":67},""goldPerSecond"":30,""jung'"
1479,"b'leMinionsKilled"":0,""level"":7,""minionsKilled"":24,""participantId"":5,""position"":{""x"":12407,""y"":4652},""timeEnemySpentControlled"":470'"
1480,"b'98,""totalGold"":3581,""xp"":3756},""6"":{""championStats"":{""abilityHaste"":0,""abilityPower"":33,""armor"":108,""armorPen"":0,""armorPenPercen'"
1481,"b't"":0,""attackDamage"":99,""attackSpeed"":123,""bonusArmorPenPercent"":0,""bonusMagicPenPercent"":0,""ccReduction"":16,""cooldownReduction"":'"
1482,"b'0,""health"":1891,""healthMax"":1891,""healthRegen"":23,""lifesteal"":0,""magicPen"":0,""magicPenPercent"":0,""magicResist"":88,""movementSpeed'"
1483,"b'"":350,""omnivamp"":0,""physicalVamp"":0,""power"":617,""powerMax"":658,""powerRegen"":21,""spellVamp"":0},""currentGold"":723,""damageStats"":{""'"
1484,"b'magicDamageDone"":21199,""magicDamageDoneToChampions"":922,""magicDamageTaken"":3548,""physicalDamageDone"":13083,""physicalDamageDoneTo'"
1485,"b'Champions"":276,""physicalDamageTaken"":1491,""totalDamageDone"":34283,""totalDamageDoneToChampions"":1199,""totalDamageTaken"":5250,""tru'"
1486,"b'eDamageDone"":0,""trueDamageDoneToChampions"":0,""trueDamageTaken"":210},""goldPerSecond"":0,""jungleMinionsKilled"":0,""level"":10,""minion'"
1487,"b'sKilled"":107,""participantId"":6,""position"":{""x"":5859,""y"":10642},""timeEnemySpentControlled"":801148,""totalGold"":4188,""xp"":6431},""7""'"
1488,"b':{""championStats"":{""abilityHaste"":0,""abilityPower"":89,""armor"":66,""armorPen"":0,""armorPenPercent"":0,""attackDamage"":78,""attackSpeed'"
1489,"b'"":128,""bonusArmorPenPercent"":0,""bonusMagicPenPercent"":0,""ccReduction"":6,""cooldownReduction"":0,""health"":940,""healthMax"":1279,""hea'"
1490,"b'lthRegen"":18,""lifesteal"":0,""magicPen"":0,""magicPenPercent"":0,""magicResist"":37,""movementSpeed"":480,""omnivamp"":0,""physicalVamp"":0,""'"
1491,"b'power"":265,""powerMax"":555,""powerRegen"":107,""spellVamp"":0},""currentGold"":1046,""damageStats"":{""magicDamageDone"":41051,""magicDamage'"
1492,"b'DoneToChampions"":1473,""magicDamageTaken"":2551,""physicalDamageDone"":9600,""physicalDamageDoneToChampions"":294,""physicalDamageTaken'"
1493,"b'"":7611,""totalDamageDone"":69639,""totalDamageDoneToChampions"":1816,""totalDamageTaken"":10178,""trueDamageDone"":18987,""trueDamageDone'"
1494,"b'ToChampions"":48,""trueDamageTaken"":15},""goldPerSecond"":0,""jungleMinionsKilled"":71,""level"":8,""minionsKilled"":7,""participantId"":7,""'"
1495,"b'position"":{""x"":12198,""y"":6519},""timeEnemySpentControlled"":62495,""totalGold"":4426,""xp"":4482},""8"":{""championStats"":{""abilityHaste""'"
1496,"b':0,""abilityPower"":0,""armor"":68,""armorPen"":0,""armorPenPercent"":0,""attackDamage"":194,""attackSpeed"":125,""bonusArmorPenPercent"":0,""b'"
1497,"b'onusMagicPenPercent"":0,""ccReduction"":6,""cooldownReduction"":0,""health"":1262,""healthMax"":1420,""healthRegen"":24,""lifesteal"":10,""mag'"
1498,"b'icPen"":0,""magicPenPercent"":0,""magicResist"":52,""movementSpeed"":380,""omnivamp"":0,""physicalVamp"":0,""power"":165,""powerMax"":200,""powe'"
1499,"b'rRegen"":100,""spellVamp"":0},""currentGold"":1290,""damageStats"":{""magicDamageDone"":3308,""magicDamageDoneToChampions"":224,""magicDamag'"
1500,"b'eTaken"":2010,""physicalDamageDone"":44025,""physicalDamageDoneToChampions"":3235,""physicalDamageTaken"":611,""totalDamageDone"":47578,""'"
1501,"b'totalDamageDoneToChampions"":3705,""totalDamageTaken"":2622,""trueDamageDone"":245,""trueDamageDoneToChampions"":245,""trueDamageTaken"":'"
1502,"b'0},""goldPerSecond"":0,""jungleMinionsKilled"":0,""level"":10,""minionsKilled"":115,""participantId"":8,""position"":{""x"":7970,""y"":7489},""ti'"
1503,"b'meEnemySpentControlled"":81096,""totalGold"":5195,""xp"":6796},""9"":{""championStats"":{""abilityHaste"":0,""abilityPower"":0,""armor"":58,""ar'"
1504,"b'morPen"":0,""armorPenPercent"":0,""attackDamage"":170,""attackSpeed"":159,""bonusArmorPenPercent"":0,""bonusMagicPenPercent"":0,""ccReductio'"
1505,"b'n"":6,""cooldownReduction"":0,""health"":860,""healthMax"":1298,""healthRegen"":15,""lifesteal"":2,""magicPen"":0,""magicPenPercent"":0,""magicR'"
1506,"b'esist"":37,""movementSpeed"":370,""omnivamp"":2,""physicalVamp"":0,""power"":561,""powerMax"":688,""powerRegen"":23,""spellVamp"":0},""currentGo'"
1507,"b'ld"":248,""damageStats"":{""magicDamageDone"":1133,""magicDamageDoneToChampions"":602,""magicDamageTaken"":1115,""physicalDamageDone"":3266'"
1508,"b'3,""physicalDamageDoneToChampions"":6998,""physicalDamageTaken"":3424,""totalDamageDone"":33796,""totalDamageDoneToChampions"":7601,""tot'"
1509,"b'alDamageTaken"":4729,""trueDamageDone"":0,""trueDamageDoneToChampions"":0,""trueDamageTaken"":190},""goldPerSecond"":0,""jungleMinionsKill'"
1510,"b'ed"":0,""level"":8,""minionsKilled"":111,""participantId"":9,""position"":{""x"":14288,""y"":14193},""timeEnemySpentControlled"":1667,""totalGol'"
1511,"b'd"":5128,""xp"":4610},""10"":{""championStats"":{""abilityHaste"":0,""abilityPower"":10,""armor"":68,""armorPen"":0,""armorPenPercent"":0,""attack'"
1512,"b'Damage"":69,""attackSpeed"":107,""bonusArmorPenPercent"":0,""bonusMagicPenPercent"":0,""ccReduction"":6,""cooldownReduction"":0,""health"":15'"
1513,"b'63,""healthMax"":1563,""healthRegen"":40,""lifesteal"":0,""magicPen"":0,""magicPenPercent"":0,""magicResist"":38,""movementSpeed"":399,""omniva'"
1514,"b'mp"":0,""physicalVamp"":0,""power"":545,""powerMax"":568,""powerRegen"":15,""spellVamp"":0},""currentGold"":92,""damageStats"":{""magicDamageDon'"
1515,"b'e"":1656,""magicDamageDoneToChampions"":855,""magicDamageTaken"":1648,""physicalDamageDone"":2449,""physicalDamageDoneToChampions"":421,""'"
1516,"b'physicalDamageTaken"":3161,""totalDamageDone"":7817,""totalDamageDoneToChampions"":1604,""totalDamageTaken"":5042,""trueDamageDone"":3712'"
1517,"b',""trueDamageDoneToChampions"":327,""trueDamageTaken"":232},""goldPerSecond"":30,""jungleMinionsKilled"":0,""level"":7,""minionsKilled"":17,'"
1518,"b'""participantId"":10,""position"":{""x"":8382,""y"":5312},""timeEnemySpentControlled"":87899,""totalGold"":2822,""xp"":3236}},""timestamp"":7802'"
1519,"b'04},{""events"":[{""itemId"":1036,""participantId"":4,""timestamp"":781639,""type"":""ITEM_PURCHASED""},{""creatorId"":10,""timestamp"":785874,""'"
1520,"b'type"":""WARD_PLACED"",""wardType"":""SIGHT_WARD""},{""creatorId"":7,""timestamp"":789545,""type"":""WARD_PLACED"",""wardType"":""UNDEFINED""},{""ki'"
1521,"b'llerId"":0,""laneType"":""MID_LANE"",""position"":{""x"":5846,""y"":6396},""teamId"":100,""timestamp"":793942,""type"":""TURRET_PLATE_DESTROYED""},'"
1522,"b'{""itemId"":2422,""participantId"":8,""timestamp"":798011,""type"":""ITEM_DESTROYED""},{""itemId"":3158,""participantId"":8,""timestamp"":798011'"
1523,"b',""type"":""ITEM_PURCHASED""},{""itemId"":1036,""participantId"":8,""timestamp"":798409,""type"":""ITEM_DESTROYED""},{""itemId"":3134,""participa'"
1524,"b'ntId"":8,""timestamp"":798409,""type"":""ITEM_PURCHASED""},{""itemId"":2055,""participantId"":8,""timestamp"":799178,""type"":""ITEM_PURCHASED""}'"
1525,"b',{""itemId"":1026,""participantId"":3,""timestamp"":800979,""type"":""ITEM_PURCHASED""},{""itemId"":1011,""participantId"":1,""timestamp"":80117'"
1526,"b'9,""type"":""ITEM_PURCHASED""},{""killerId"":0,""laneType"":""BOT_LANE"",""position"":{""x"":13866,""y"":4505},""teamId"":200,""timestamp"":805087,""'"
1527,"b'type"":""TURRET_PLATE_DESTROYED""},{""creatorId"":6,""timestamp"":806517,""type"":""WARD_PLACED"",""wardType"":""YELLOW_TRINKET""},{""itemId"":20'"
1528,"b'55,""participantId"":5,""timestamp"":807420,""type"":""ITEM_DESTROYED""},{""creatorId"":5,""timestamp"":807420,""type"":""WARD_PLACED"",""wardTyp'"
1529,"b'e"":""CONTROL_WARD""},{""level"":9,""participantId"":7,""timestamp"":810221,""type"":""LEVEL_UP""},{""levelUpType"":""NORMAL"",""participantId"":7,'"
1530,"b'""skillSlot"":1,""timestamp"":811125,""type"":""SKILL_LEVEL_UP""},{""creatorId"":5,""timestamp"":811793,""type"":""WARD_PLACED"",""wardType"":""SIG'"
1531,"b'HT_WARD""},{""creatorId"":5,""timestamp"":815843,""type"":""WARD_PLACED"",""wardType"":""SIGHT_WARD""},{""level"":11,""participantId"":8,""timesta'"
1532,"b'mp"":822004,""type"":""LEVEL_UP""},{""itemId"":1052,""participantId"":7,""timestamp"":822339,""type"":""ITEM_DESTROYED""},{""itemId"":3145,""parti'"
1533,"b'cipantId"":7,""timestamp"":822339,""type"":""ITEM_PURCHASED""},{""levelUpType"":""NORMAL"",""participantId"":8,""skillSlot"":4,""timestamp"":8237'"
1534,"b'08,""type"":""SKILL_LEVEL_UP""},{""itemId"":2055,""participantId"":7,""timestamp"":824306,""type"":""ITEM_SOLD""},{""itemId"":1052,""participantI'"
1535,"b'd"":7,""timestamp"":824677,""type"":""ITEM_PURCHASED""},{""itemId"":3105,""participantId"":6,""timestamp"":824943,""type"":""ITEM_DESTROYED""},{""'"
1536,"b'itemId"":3067,""participantId"":6,""timestamp"":824943,""type"":""ITEM_DESTROYED""},{""itemId"":1028,""participantId"":6,""timestamp"":824943,""'"
1537,"b'type"":""ITEM_DESTROYED""},{""itemId"":6665,""participantId"":6,""timestamp"":824943,""type"":""ITEM_PURCHASED""},{""level"":11,""participantId""'"
1538,"b':1,""timestamp"":825308,""type"":""LEVEL_UP""},{""itemId"":1001,""participantId"":6,""timestamp"":825945,""type"":""ITEM_PURCHASED""},{""itemId"":'"
1539,"b'1082,""participantId"":6,""timestamp"":826611,""type"":""ITEM_PURCHASED""},{""levelUpType"":""NORMAL"",""participantId"":1,""skillSlot"":4,""time'"
1540,"b'stamp"":827245,""type"":""SKILL_LEVEL_UP""},{""itemId"":3340,""participantId"":6,""timestamp"":827311,""type"":""ITEM_DESTROYED""},{""itemId"":33'"
1541,"b'63,""participantId"":6,""timestamp"":827311,""type"":""ITEM_PURCHASED""},{""itemId"":2055,""participantId"":8,""timestamp"":829385,""type"":""ITE'"
1542,"b'M_DESTROYED""},{""creatorId"":8,""timestamp"":829385,""type"":""WARD_PLACED"",""wardType"":""CONTROL_WARD""},{""creatorId"":5,""timestamp"":83134'"
1543,"b'9,""type"":""WARD_PLACED"",""wardType"":""SIGHT_WARD""},{""killerId"":8,""timestamp"":835688,""type"":""WARD_KILL"",""wardType"":""CONTROL_WARD""},{'"
1544,"b'""itemId"":2055,""participantId"":10,""timestamp"":838992,""type"":""ITEM_DESTROYED""},{""creatorId"":10,""timestamp"":838992,""type"":""WARD_PLA'"
1545,"b'CED"",""wardType"":""CONTROL_WARD""},{""creatorId"":7,""timestamp"":840092,""type"":""WARD_PLACED"",""wardType"":""UNDEFINED""}],""participantFram'"
1546,"b'es"":{""1"":{""championStats"":{""abilityHaste"":0,""abilityPower"":141,""armor"":77,""armorPen"":0,""armorPenPercent"":0,""attackDamage"":89,""at'"
1547,"b'tackSpeed"":207,""bonusArmorPenPercent"":0,""bonusMagicPenPercent"":0,""ccReduction"":5,""cooldownReduction"":0,""health"":1910,""healthMax""'"
1548,"b':1966,""healthRegen"":24,""lifesteal"":0,""magicPen"":0,""magicPenPercent"":0,""magicResist"":49,""movementSpeed"":405,""omnivamp"":0,""physica'"
1549,"b'lVamp"":0,""power"":90,""powerMax"":150,""powerRegen"":0,""spellVamp"":0},""currentGold"":235,""damageStats"":{""magicDamageDone"":42759,""magic'"
1550,"b'DamageDoneToChampions"":3548,""magicDamageTaken"":954,""physicalDamageDone"":6608,""physicalDamageDoneToChampions"":46,""physicalDamageT'"
1551,"b'aken"":1154,""totalDamageDone"":49577,""totalDamageDoneToChampions"":3805,""totalDamageTaken"":2108,""trueDamageDone"":210,""trueDamageDon'"
1552,"b'eToChampions"":210,""trueDamageTaken"":0},""goldPerSecond"":0,""jungleMinionsKilled"":0,""level"":11,""minionsKilled"":130,""participantId"":'"
1553,"b'1,""position"":{""x"":3597,""y"":13122},""timeEnemySpentControlled"":125266,""totalGold"":4625,""xp"":7493},""2"":{""championStats"":{""abilityHa'"
1554,"b'ste"":0,""abilityPower"":0,""armor"":65,""armorPen"":0,""armorPenPercent"":0,""attackDamage"":123,""attackSpeed"":167,""bonusArmorPenPercent"":'"
1555,"b'0,""bonusMagicPenPercent"":0,""ccReduction"":0,""cooldownReduction"":0,""health"":1181,""healthMax"":1181,""healthRegen"":89,""lifesteal"":0,""'"
1556,"b'magicPen"":0,""magicPenPercent"":0,""magicResist"":43,""movementSpeed"":413,""omnivamp"":0,""physicalVamp"":0,""power"":0,""powerMax"":60,""powe'"
1557,"b'rRegen"":0,""spellVamp"":0},""currentGold"":547,""damageStats"":{""magicDamageDone"":11088,""magicDamageDoneToChampions"":385,""magicDamageT'"
1558,"b'aken"":1541,""physicalDamageDone"":61232,""physicalDamageDoneToChampions"":1123,""physicalDamageTaken"":6918,""totalDamageDone"":85573,""t'"
1559,"b'otalDamageDoneToChampions"":1537,""totalDamageTaken"":8636,""trueDamageDone"":13251,""trueDamageDoneToChampions"":27,""trueDamageTaken"":'"
1560,"b'177},""goldPerSecond"":0,""jungleMinionsKilled"":84,""level"":8,""minionsKilled"":2,""participantId"":2,""position"":{""x"":8500,""y"":6585},""ti'"
1561,"b'meEnemySpentControlled"":270160,""totalGold"":4577,""xp"":4747},""3"":{""championStats"":{""abilityHaste"":0,""abilityPower"":104,""armor"":60,'"
1562,"b'""armorPen"":0,""armorPenPercent"":0,""attackDamage"":83,""attackSpeed"":120,""bonusArmorPenPercent"":0,""bonusMagicPenPercent"":0,""ccReduct'"
1563,"b'ion"":0,""cooldownReduction"":0,""health"":1467,""healthMax"":1530,""healthRegen"":23,""lifesteal"":0,""magicPen"":18,""magicPenPercent"":0,""ma'"
1564,"b'gicResist"":40,""movementSpeed"":449,""omnivamp"":0,""physicalVamp"":0,""power"":1498,""powerMax"":1699,""powerRegen"":28,""spellVamp"":0},""cur'"
1565,"b'rentGold"":338,""damageStats"":{""magicDamageDone"":44929,""magicDamageDoneToChampions"":2770,""magicDamageTaken"":246,""physicalDamageDon'"
1566,"b'e"":5324,""physicalDamageDoneToChampions"":91,""physicalDamageTaken"":2203,""totalDamageDone"":52162,""totalDamageDoneToChampions"":2861,'"
1567,"b'""totalDamageTaken"":2549,""trueDamageDone"":1907,""trueDamageDoneToChampions"":0,""trueDamageTaken"":98},""goldPerSecond"":0,""jungleMinio'"
1568,"b'nsKilled"":0,""level"":10,""minionsKilled"":122,""participantId"":3,""position"":{""x"":7614,""y"":5683},""timeEnemySpentControlled"":214974,""t'"
1569,"b'otalGold"":4588,""xp"":6860},""4"":{""championStats"":{""abilityHaste"":0,""abilityPower"":0,""armor"":57,""armorPen"":0,""armorPenPercent"":0,""a'"
1570,"b'ttackDamage"":139,""attackSpeed"":157,""bonusArmorPenPercent"":0,""bonusMagicPenPercent"":0,""ccReduction"":0,""cooldownReduction"":0,""heal'"
1571,"b'th"":1569,""healthMax"":1569,""healthRegen"":15,""lifesteal"":2,""magicPen"":0,""magicPenPercent"":0,""magicResist"":37,""movementSpeed"":385,""'"
1572,"b'omnivamp"":2,""physicalVamp"":0,""power"":1190,""powerMax"":1373,""powerRegen"":28,""spellVamp"":0},""currentGold"":294,""damageStats"":{""magic'"
1573,"b'DamageDone"":1697,""magicDamageDoneToChampions"":1362,""magicDamageTaken"":749,""physicalDamageDone"":41582,""physicalDamageDoneToChampi'"
1574,"b'ons"":3676,""physicalDamageTaken"":5055,""totalDamageDone"":43280,""totalDamageDoneToChampions"":5038,""totalDamageTaken"":6084,""trueDama'"
1575,"b'geDone"":0,""trueDamageDoneToChampions"":0,""trueDamageTaken"":278},""goldPerSecond"":0,""jungleMinionsKilled"":0,""level"":8,""minionsKille'"
1576,"b'd"":126,""participantId"":4,""position"":{""x"":11234,""y"":3372},""timeEnemySpentControlled"":0,""totalGold"":5092,""xp"":4820},""5"":{""champion'"
1577,"b'Stats"":{""abilityHaste"":0,""abilityPower"":49,""armor"":59,""armorPen"":0,""armorPenPercent"":0,""attackDamage"":78,""attackSpeed"":114,""bonu'"
1578,"b'sArmorPenPercent"":0,""bonusMagicPenPercent"":0,""ccReduction"":0,""cooldownReduction"":0,""health"":1389,""healthMax"":1389,""healthRegen"":'"
1579,"b'25,""lifesteal"":0,""magicPen"":0,""magicPenPercent"":0,""magicResist"":41,""movementSpeed"":406,""omnivamp"":0,""physicalVamp"":0,""power"":534'"
1580,"b',""powerMax"":557,""powerRegen"":33,""spellVamp"":0},""currentGold"":232,""damageStats"":{""magicDamageDone"":3246,""magicDamageDoneToChampio'"
1581,"b'ns"":1247,""magicDamageTaken"":1045,""physicalDamageDone"":3984,""physicalDamageDoneToChampions"":972,""physicalDamageTaken"":4344,""total'"
1582,"b'DamageDone"":12787,""totalDamageDoneToChampions"":2630,""totalDamageTaken"":5458,""trueDamageDone"":5556,""trueDamageDoneToChampions"":41'"
1583,"b'0,""trueDamageTaken"":67},""goldPerSecond"":30,""jungleMinionsKilled"":0,""level"":7,""minionsKilled"":25,""participantId"":5,""position"":{""x'"
1584,"b'"":10870,""y"":4367},""timeEnemySpentControlled"":47098,""totalGold"":3742,""xp"":3911},""6"":{""championStats"":{""abilityHaste"":0,""abilityPo'"
1585,"b'wer"":48,""armor"":108,""armorPen"":0,""armorPenPercent"":0,""attackDamage"":99,""attackSpeed"":153,""bonusArmorPenPercent"":0,""bonusMagicPen'"
1586,"b'Percent"":0,""ccReduction"":16,""cooldownReduction"":0,""health"":1981,""healthMax"":1981,""healthRegen"":23,""lifesteal"":0,""magicPen"":0,""ma'"
1587,"b'gicPenPercent"":0,""magicResist"":88,""movementSpeed"":471,""omnivamp"":0,""physicalVamp"":0,""power"":614,""powerMax"":658,""powerRegen"":21,""'"
1588,"b'spellVamp"":0},""currentGold"":49,""damageStats"":{""magicDamageDone"":25992,""magicDamageDoneToChampions"":922,""magicDamageTaken"":3548,""'"
1589,"b'physicalDamageDone"":14809,""physicalDamageDoneToChampions"":276,""physicalDamageTaken"":1755,""totalDamageDone"":40801,""totalDamageDon'"
1590,"b'eToChampions"":1199,""totalDamageTaken"":5514,""trueDamageDone"":0,""trueDamageDoneToChampions"":0,""trueDamageTaken"":210},""goldPerSecon'"
1591,"b'd"":0,""jungleMinionsKilled"":0,""level"":10,""minionsKilled"":120,""participantId"":6,""position"":{""x"":8319,""y"":14096},""timeEnemySpentCon'"
1592,"b'trolled"":908738,""totalGold"":4964,""xp"":7079},""7"":{""championStats"":{""abilityHaste"":0,""abilityPower"":114,""armor"":71,""armorPen"":0,""a'"
1593,"b'rmorPenPercent"":0,""attackDamage"":81,""attackSpeed"":131,""bonusArmorPenPercent"":0,""bonusMagicPenPercent"":0,""ccReduction"":6,""cooldow'"
1594,"b'nReduction"":0,""health"":1534,""healthMax"":1534,""healthRegen"":20,""lifesteal"":0,""magicPen"":0,""magicPenPercent"":0,""magicResist"":38,""m'"
1595,"b'ovementSpeed"":398,""omnivamp"":0,""physicalVamp"":0,""power"":502,""powerMax"":598,""powerRegen"":42,""spellVamp"":0},""currentGold"":427,""dam'"
1596,"b'ageStats"":{""magicDamageDone"":47368,""magicDamageDoneToChampions"":1518,""magicDamageTaken"":2809,""physicalDamageDone"":10398,""physica'"
1597,"b'lDamageDoneToChampions"":294,""physicalDamageTaken"":7954,""totalDamageDone"":78488,""totalDamageDoneToChampions"":1861,""totalDamageTak'"
1598,"b'en"":10778,""trueDamageDone"":20722,""trueDamageDoneToChampions"":48,""trueDamageTaken"":15},""goldPerSecond"":0,""jungleMinionsKilled"":83'"
1599,"b',""level"":9,""minionsKilled"":7,""participantId"":7,""position"":{""x"":8568,""y"":10454},""timeEnemySpentControlled"":62495,""totalGold"":4827'"
1600,"b',""xp"":5182},""8"":{""championStats"":{""abilityHaste"":0,""abilityPower"":0,""armor"":73,""armorPen"":0,""armorPenPercent"":0,""attackDamage"":2'"
1601,"b'26,""attackSpeed"":128,""bonusArmorPenPercent"":0,""bonusMagicPenPercent"":0,""ccReduction"":6,""cooldownReduction"":0,""health"":1522,""heal'"
1602,"b'thMax"":1522,""healthRegen"":25,""lifesteal"":10,""magicPen"":0,""magicPenPercent"":0,""magicResist"":54,""movementSpeed"":400,""omnivamp"":0,""'"
1603,"b'physicalVamp"":0,""power"":115,""powerMax"":200,""powerRegen"":100,""spellVamp"":0},""currentGold"":301,""damageStats"":{""magicDamageDone"":37'"
1604,"b'60,""magicDamageDoneToChampions"":224,""magicDamageTaken"":2010,""physicalDamageDone"":54036,""physicalDamageDoneToChampions"":3235,""phy'"
1605,"b'sicalDamageTaken"":697,""totalDamageDone"":58042,""totalDamageDoneToChampions"":3705,""totalDamageTaken"":2708,""trueDamageDone"":245,""tr'"
1606,"b'ueDamageDoneToChampions"":245,""trueDamageTaken"":0},""goldPerSecond"":0,""jungleMinionsKilled"":0,""level"":11,""minionsKilled"":131,""part'"
1607,"b'icipantId"":8,""position"":{""x"":7527,""y"":7396},""timeEnemySpentControlled"":81096,""totalGold"":5686,""xp"":7605},""9"":{""championStats"":{""'"
1608,"b'abilityHaste"":0,""abilityPower"":0,""armor"":58,""armorPen"":0,""armorPenPercent"":0,""attackDamage"":170,""attackSpeed"":159,""bonusArmorPen'"
1609,"b'Percent"":0,""bonusMagicPenPercent"":0,""ccReduction"":6,""cooldownReduction"":0,""health"":1298,""healthMax"":1298,""healthRegen"":15,""lifes'"
1610,"b'teal"":2,""magicPen"":0,""magicPenPercent"":0,""magicResist"":37,""movementSpeed"":370,""omnivamp"":2,""physicalVamp"":0,""power"":672,""powerMa'"
1611,"b'x"":688,""powerRegen"":23,""spellVamp"":0},""currentGold"":610,""damageStats"":{""magicDamageDone"":1133,""magicDamageDoneToChampions"":602,""'"
1612,"b'magicDamageTaken"":1115,""physicalDamageDone"":35618,""physicalDamageDoneToChampions"":6998,""physicalDamageTaken"":3424,""totalDamageDo'"
1613,"b'ne"":36751,""totalDamageDoneToChampions"":7601,""totalDamageTaken"":4729,""trueDamageDone"":0,""trueDamageDoneToChampions"":0,""trueDamage'"
1614,"b'Taken"":190},""goldPerSecond"":0,""jungleMinionsKilled"":0,""level"":8,""minionsKilled"":121,""participantId"":9,""position"":{""x"":12412,""y"":'"
1615,"b'3084},""timeEnemySpentControlled"":1667,""totalGold"":5490,""xp"":5016},""10"":{""championStats"":{""abilityHaste"":0,""abilityPower"":10,""arm'"
1616,"b'or"":68,""armorPen"":0,""armorPenPercent"":0,""attackDamage"":69,""attackSpeed"":147,""bonusArmorPenPercent"":0,""bonusMagicPenPercent"":0,""c'"
1617,"b'cReduction"":6,""cooldownReduction"":0,""health"":1563,""healthMax"":1563,""healthRegen"":40,""lifesteal"":0,""magicPen"":0,""magicPenPercent""'"
1618,"b':0,""magicResist"":38,""movementSpeed"":477,""omnivamp"":0,""physicalVamp"":0,""power"":388,""powerMax"":568,""powerRegen"":15,""spellVamp"":0},'"
1619,"b'""currentGold"":369,""damageStats"":{""magicDamageDone"":2110,""magicDamageDoneToChampions"":855,""magicDamageTaken"":1648,""physicalDamage'"
1620,"b'Done"":2744,""physicalDamageDoneToChampions"":421,""physicalDamageTaken"":3198,""totalDamageDone"":9038,""totalDamageDoneToChampions"":16'"
1621,"b'04,""totalDamageTaken"":5079,""trueDamageDone"":4182,""trueDamageDoneToChampions"":327,""trueDamageTaken"":232},""goldPerSecond"":30,""jung'"
1622,"b'leMinionsKilled"":0,""level"":7,""minionsKilled"":21,""participantId"":10,""position"":{""x"":12153,""y"":3332},""timeEnemySpentControlled"":92'"
1623,"b'714,""totalGold"":3099,""xp"":3518}},""timestamp"":840226},{""events"":[{""killerId"":2,""timestamp"":840862,""type"":""WARD_KILL"",""wardType"":""'"
1624,"b'CONTROL_WARD""},{""killerId"":9,""timestamp"":845165,""type"":""WARD_KILL"",""wardType"":""SIGHT_WARD""},{""creatorId"":4,""timestamp"":847535,""t'"
1625,"b'ype"":""WARD_PLACED"",""wardType"":""YELLOW_TRINKET""},{""level"":9,""participantId"":9,""timestamp"":849372,""type"":""LEVEL_UP""},{""creatorId"":'"
1626,"b'7,""timestamp"":850575,""type"":""WARD_PLACED"",""wardType"":""UNDEFINED""},{""level"":11,""participantId"":6,""timestamp"":857336,""type"":""LEVEL'"
1627,"b'_UP""},{""levelUpType"":""NORMAL"",""participantId"":6,""skillSlot"":4,""timestamp"":859538,""type"":""SKILL_LEVEL_UP""},{""levelUpType"":""NORMAL'"
1628,"b'"",""participantId"":9,""skillSlot"":1,""timestamp"":859973,""type"":""SKILL_LEVEL_UP""},{""assistingParticipantIds"":[9,10],""bounty"":300,""ki'"
1629,"b'llStreakLength"":1,""killerId"":8,""position"":{""x"":11981,""y"":3205},""shutdownBounty"":0,""timestamp"":860375,""type"":""CHAMPION_KILL"",""vic'"
1630,"b'timDamageDealt"":[{""basic"":false,""magicDamage"":146,""name"":""Rakan"",""participantId"":10,""physicalDamage"":0,""spellName"":""rakanq"",""spe'"
1631,"b'llSlot"":0,""trueDamage"":0,""type"":""OTHER""}],""victimDamageReceived"":[{""basic"":false,""magicDamage"":46,""name"":""Rell"",""participantId"":'"
1632,"b'10,""physicalDamage"":0,""spellName"":""rellw_dismount"",""spellSlot"":1,""trueDamage"":0,""type"":""OTHER""},{""basic"":true,""magicDamage"":0,""n'"
1633,"b'ame"":""Lucian"",""participantId"":9,""physicalDamage"":338,""spellName"":""lucianpassive"",""spellSlot"":63,""trueDamage"":0,""type"":""OTHER""},{'"
1634,"b'""basic"":false,""magicDamage"":25,""name"":""Lucian"",""participantId"":9,""physicalDamage"":0,""spellName"":""lucianpassive"",""spellSlot"":63,""'"
1635,"b'trueDamage"":0,""type"":""OTHER""},{""basic"":false,""magicDamage"":0,""name"":""Lucian"",""participantId"":9,""physicalDamage"":66,""spellName"":""'"
1636,"b'"",""spellSlot"":-1,""trueDamage"":0,""type"":""OTHER""},{""basic"":false,""magicDamage"":25,""name"":""Lucian"",""participantId"":9,""physicalDamag'"
1637,"b'e"":241,""spellName"":""lucianpassiveattack"",""spellSlot"":0,""trueDamage"":0,""type"":""OTHER""},{""basic"":false,""magicDamage"":53,""name"":""Lu'"
1638,"b'cian"",""participantId"":9,""physicalDamage"":0,""spellName"":""lucianw"",""spellSlot"":1,""trueDamage"":0,""type"":""OTHER""},{""basic"":false,""ma'"
1639,"b'gicDamage"":0,""name"":""Lucian"",""participantId"":9,""physicalDamage"":254,""spellName"":"""",""spellSlot"":-1,""trueDamage"":0,""type"":""OTHER""}'"
1640,"b',{""basic"":false,""magicDamage"":0,""name"":""Lucian"",""participantId"":9,""physicalDamage"":196,""spellName"":""lucianq"",""spellSlot"":0,""true'"
1641,"b'Damage"":0,""type"":""OTHER""},{""basic"":false,""magicDamage"":0,""name"":""Lucian"",""participantId"":9,""physicalDamage"":80,""spellName"":""luci'"
1642,"b'anr"",""spellSlot"":3,""trueDamage"":0,""type"":""OTHER""},{""basic"":false,""magicDamage"":86,""name"":""Zed"",""participantId"":8,""physicalDamage'"
1643,"b'"":0,""spellName"":""zedpassive"",""spellSlot"":63,""trueDamage"":0,""type"":""OTHER""},{""basic"":false,""magicDamage"":0,""name"":""Zed"",""particip'"
1644,"b'antId"":8,""physicalDamage"":140,""spellName"":""zede"",""spellSlot"":2,""trueDamage"":0,""type"":""OTHER""}],""victimId"":5},{""creatorId"":3,""tim'"
1645,"b'estamp"":861672,""type"":""WARD_PLACED"",""wardType"":""YELLOW_TRINKET""},{""assistingParticipantIds"":[6,10],""bounty"":300,""killStreakLengt'"
1646,"b'h"":2,""killerId"":9,""position"":{""x"":12544,""y"":2314},""shutdownBounty"":0,""timestamp"":863616,""type"":""CHAMPION_KILL"",""victimDamageDeal'"
1647,"b't"":[{""basic"":false,""magicDamage"":0,""name"":""Belveth"",""participantId"":6,""physicalDamage"":0,""spellName"":""burning"",""spellSlot"":-1,""t'"
1648,"b'rueDamage"":18,""type"":""OTHER""},{""basic"":false,""magicDamage"":0,""name"":""Belveth"",""participantId"":6,""physicalDamage"":72,""spellName"":'"
1649,"b'""belvethq"",""spellSlot"":0,""trueDamage"":0,""type"":""OTHER""},{""basic"":false,""magicDamage"":176,""name"":""Belveth"",""participantId"":9,""phy'"
1650,"b'sicalDamage"":0,""spellName"":""belvethw"",""spellSlot"":1,""trueDamage"":0,""type"":""OTHER""}],""victimDamageReceived"":[{""basic"":true,""magic'"
1651,"b'Damage"":0,""name"":""Udyr"",""participantId"":6,""physicalDamage"":63,""spellName"":""udyre"",""spellSlot"":2,""trueDamage"":0,""type"":""OTHER""},{'"
1652,"b'""basic"":false,""magicDamage"":222,""name"":""Udyr"",""participantId"":6,""physicalDamage"":0,""spellName"":""udyrr"",""spellSlot"":3,""trueDamage'"
1653,"b'"":0,""type"":""OTHER""},{""basic"":true,""magicDamage"":0,""name"":""SRU_ChaosMinionRanged"",""participantId"":0,""physicalDamage"":43,""spellNam'"
1654,"b'e"":""sru_chaosminionrangedbasicattack2"",""spellSlot"":65,""trueDamage"":0,""type"":""MINION""},{""basic"":true,""magicDamage"":0,""name"":""SRU_'"
1655,"b'ChaosMinionRanged"",""participantId"":0,""physicalDamage"":16,""spellName"":""sru_chaosminionrangedbasicattack"",""spellSlot"":64,""trueDama'"
1656,"b'ge"":0,""type"":""MINION""},{""basic"":false,""magicDamage"":66,""name"":""Rell"",""participantId"":10,""physicalDamage"":0,""spellName"":""relle"",""'"
1657,"b'spellSlot"":2,""trueDamage"":0,""type"":""OTHER""},{""basic"":false,""magicDamage"":9,""name"":""Rell"",""participantId"":10,""physicalDamage"":0,""'"
1658,"b'spellName"":""rellw_mountup"",""spellSlot"":1,""trueDamage"":0,""type"":""OTHER""},{""basic"":false,""magicDamage"":0,""name"":""Rell"",""participan'"
1659,"b'tId"":10,""physicalDamage"":42,""spellName"":"""",""spellSlot"":1,""trueDamage"":0,""type"":""OTHER""},{""basic"":false,""magicDamage"":46,""name"":""'"
1660,"b'Rell"",""participantId"":10,""physicalDamage"":0,""spellName"":""rellq"",""spellSlot"":0,""trueDamage"":0,""type"":""OTHER""},{""basic"":false,""mag'"
1661,"b'icDamage"":0,""name"":""Lucian"",""participantId"":9,""physicalDamage"":65,""spellName"":"""",""spellSlot"":-1,""trueDamage"":0,""type"":""OTHER""},{'"
1662,"b'""basic"":false,""magicDamage"":25,""name"":""Lucian"",""participantId"":9,""physicalDamage"":58,""spellName"":""lucianpassiveattack"",""spellSlo'"
1663,"b't"":0,""trueDamage"":0,""type"":""OTHER""},{""basic"":true,""magicDamage"":0,""name"":""Lucian"",""participantId"":9,""physicalDamage"":184,""spellN'"
1664,"b'ame"":""luciancritattack"",""spellSlot"":73,""trueDamage"":0,""type"":""OTHER""},{""basic"":false,""magicDamage"":25,""name"":""Lucian"",""participa'"
1665,"b'ntId"":9,""physicalDamage"":0,""spellName"":""luciancritattack"",""spellSlot"":73,""trueDamage"":0,""type"":""OTHER""},{""basic"":true,""magicDama'"
1666,"b'ge"":0,""name"":""Lucian"",""participantId"":9,""physicalDamage"":106,""spellName"":""lucianpassive"",""spellSlot"":63,""trueDamage"":0,""type"":""O'"
1667,"b'THER""},{""basic"":false,""magicDamage"":25,""name"":""Lucian"",""participantId"":9,""physicalDamage"":0,""spellName"":""lucianpassive"",""spellSl'"
1668,"b'ot"":63,""trueDamage"":0,""type"":""OTHER""},{""basic"":false,""magicDamage"":0,""name"":""Lucian"",""participantId"":9,""physicalDamage"":93,""spel'"
1669,"b'lName"":"""",""spellSlot"":-1,""trueDamage"":0,""type"":""OTHER""},{""basic"":false,""magicDamage"":0,""name"":""Lucian"",""participantId"":9,""physic'"
1670,"b'alDamage"":221,""spellName"":""lucianq"",""spellSlot"":0,""trueDamage"":0,""type"":""OTHER""}],""victimId"":2},{""creatorId"":7,""timestamp"":87210'"
1671,"b'9,""type"":""WARD_PLACED"",""wardType"":""UNDEFINED""},{""itemId"":1001,""participantId"":2,""timestamp"":873009,""type"":""ITEM_DESTROYED""},{""it'"
1672,"b'emId"":3009,""participantId"":2,""timestamp"":873009,""type"":""ITEM_PURCHASED""},{""killerId"":6,""timestamp"":880444,""type"":""WARD_KILL"",""wa'"
1673,"b'rdType"":""YELLOW_TRINKET""},{""level"":9,""participantId"":4,""timestamp"":882717,""type"":""LEVEL_UP""},{""creatorId"":7,""timestamp"":882751,""'"
1674,"b'type"":""WARD_PLACED"",""wardType"":""UNDEFINED""},{""levelUpType"":""NORMAL"",""participantId"":4,""skillSlot"":1,""timestamp"":883945,""type"":""S'"
1675,"b'KILL_LEVEL_UP""},{""itemId"":2055,""participantId"":5,""timestamp"":884209,""type"":""ITEM_PURCHASED""},{""creatorId"":9,""timestamp"":885484,""'"
1676,"b'type"":""WARD_PLACED"",""wardType"":""YELLOW_TRINKET""},{""creatorId"":10,""timestamp"":888850,""type"":""WARD_PLACED"",""wardType"":""SIGHT_WARD""'"
1677,"b'},{""itemId"":2055,""participantId"":2,""timestamp"":891926,""type"":""ITEM_PURCHASED""},{""creatorId"":7,""timestamp"":892857,""type"":""WARD_PL'"
1678,"b'ACED"",""wardType"":""UNDEFINED""},{""itemId"":1029,""participantId"":10,""timestamp"":897058,""type"":""ITEM_PURCHASED""},{""itemId"":1033,""part'"
1679,"b'icipantId"":10,""timestamp"":897722,""type"":""ITEM_PURCHASED""},{""itemId"":3133,""participantId"":9,""timestamp"":898455,""type"":""ITEM_PURCH'"
1680,"b'ASED""},{""itemId"":2031,""participantId"":10,""timestamp"":898854,""type"":""ITEM_SOLD""},{""itemId"":3340,""participantId"":9,""timestamp"":899'"
1681,"b'056,""type"":""ITEM_DESTROYED""},{""itemId"":3363,""participantId"":9,""timestamp"":899056,""type"":""ITEM_PURCHASED""},{""itemId"":2055,""partic'"
1682,"b'ipantId"":10,""timestamp"":899224,""type"":""ITEM_PURCHASED""}],""participantFrames"":{""1"":{""championStats"":{""abilityHaste"":0,""abilityPow'"
1683,"b'er"":141,""armor"":77,""armorPen"":0,""armorPenPercent"":0,""attackDamage"":89,""attackSpeed"":116,""bonusArmorPenPercent"":0,""bonusMagicPenP'"
1684,"b'ercent"":0,""ccReduction"":5,""cooldownReduction"":0,""health"":1966,""healthMax"":1966,""healthRegen"":24,""lifesteal"":0,""magicPen"":0,""magi'"
1685,"b'cPenPercent"":0,""magicResist"":49,""movementSpeed"":429,""omnivamp"":0,""physicalVamp"":0,""power"":80,""powerMax"":150,""powerRegen"":0,""spel'"
1686,"b'lVamp"":0},""currentGold"":420,""damageStats"":{""magicDamageDone"":43980,""magicDamageDoneToChampions"":3979,""magicDamageTaken"":954,""phy'"
1687,"b'sicalDamageDone"":6702,""physicalDamageDoneToChampions"":46,""physicalDamageTaken"":1215,""totalDamageDone"":50893,""totalDamageDoneToCh'"
1688,"b'ampions"":4235,""totalDamageTaken"":2169,""trueDamageDone"":210,""trueDamageDoneToChampions"":210,""trueDamageTaken"":0},""goldPerSecond"":'"
1689,"b'0,""jungleMinionsKilled"":0,""level"":11,""minionsKilled"":134,""participantId"":1,""position"":{""x"":5514,""y"":7503},""timeEnemySpentControl'"
1690,"b'led"":131175,""totalGold"":4810,""xp"":7702},""2"":{""championStats"":{""abilityHaste"":0,""abilityPower"":0,""armor"":65,""armorPen"":0,""armorPe'"
1691,"b'nPercent"":0,""attackDamage"":123,""attackSpeed"":167,""bonusArmorPenPercent"":0,""bonusMagicPenPercent"":0,""ccReduction"":0,""cooldownRedu'"
1692,"b'ction"":0,""health"":1181,""healthMax"":1181,""healthRegen"":18,""lifesteal"":0,""magicPen"":0,""magicPenPercent"":0,""magicResist"":43,""moveme'"
1693,"b'ntSpeed"":443,""omnivamp"":0,""physicalVamp"":0,""power"":0,""powerMax"":60,""powerRegen"":0,""spellVamp"":0},""currentGold"":19,""damageStats"":'"
1694,"b'{""magicDamageDone"":11265,""magicDamageDoneToChampions"":561,""magicDamageTaken"":1961,""physicalDamageDone"":61416,""physicalDamageDone'"
1695,"b'ToChampions"":1196,""physicalDamageTaken"":7813,""totalDamageDone"":85952,""totalDamageDoneToChampions"":1804,""totalDamageTaken"":9951,""'"
1696,"b'trueDamageDone"":13270,""trueDamageDoneToChampions"":46,""trueDamageTaken"":177},""goldPerSecond"":0,""jungleMinionsKilled"":84,""level"":8'"
1697,"b',""minionsKilled"":3,""participantId"":2,""position"":{""x"":2657,""y"":5126},""timeEnemySpentControlled"":275706,""totalGold"":4729,""xp"":4846'"
1698,"b'},""3"":{""championStats"":{""abilityHaste"":0,""abilityPower"":104,""armor"":60,""armorPen"":0,""armorPenPercent"":0,""attackDamage"":83,""attac'"
1699,"b'kSpeed"":120,""bonusArmorPenPercent"":0,""bonusMagicPenPercent"":0,""ccReduction"":0,""cooldownReduction"":0,""health"":1536,""healthMax"":15'"
1700,"b'36,""healthRegen"":23,""lifesteal"":0,""magicPen"":18,""magicPenPercent"":0,""magicResist"":40,""movementSpeed"":375,""omnivamp"":0,""physicalV'"
1701,"b'amp"":0,""power"":1348,""powerMax"":1717,""powerRegen"":28,""spellVamp"":0},""currentGold"":593,""damageStats"":{""magicDamageDone"":47731,""mag'"
1702,"b'icDamageDoneToChampions"":2951,""magicDamageTaken"":246,""physicalDamageDone"":5500,""physicalDamageDoneToChampions"":91,""physicalDamag'"
1703,"b'eTaken"":2226,""totalDamageDone"":55140,""totalDamageDoneToChampions"":3043,""totalDamageTaken"":2571,""trueDamageDone"":1907,""trueDamage'"
1704,"b'DoneToChampions"":0,""trueDamageTaken"":98},""goldPerSecond"":0,""jungleMinionsKilled"":0,""level"":10,""minionsKilled"":130,""participantId'"
1705,"b'"":3,""position"":{""x"":6603,""y"":6701},""timeEnemySpentControlled"":216045,""totalGold"":4843,""xp"":7215},""4"":{""championStats"":{""abilityH'"
1706,"b'aste"":0,""abilityPower"":0,""armor"":61,""armorPen"":0,""armorPenPercent"":0,""attackDamage"":142,""attackSpeed"":159,""bonusArmorPenPercent""'"
1707,"b':0,""bonusMagicPenPercent"":0,""ccReduction"":0,""cooldownReduction"":0,""health"":1667,""healthMax"":1667,""healthRegen"":16,""lifesteal"":3,'"
1708,"b'""magicPen"":0,""magicPenPercent"":0,""magicResist"":38,""movementSpeed"":385,""omnivamp"":2,""physicalVamp"":0,""power"":767,""powerMax"":1491,'"
1709,"b'""powerRegen"":30,""spellVamp"":0},""currentGold"":647,""damageStats"":{""magicDamageDone"":2144,""magicDamageDoneToChampions"":1809,""magicD'"
1710,"b'amageTaken"":916,""physicalDamageDone"":47103,""physicalDamageDoneToChampions"":4565,""physicalDamageTaken"":5401,""totalDamageDone"":492'"
1711,"b'47,""totalDamageDoneToChampions"":6374,""totalDamageTaken"":6596,""trueDamageDone"":0,""trueDamageDoneToChampions"":0,""trueDamageTaken"":'"
1712,"b'278},""goldPerSecond"":0,""jungleMinionsKilled"":0,""level"":9,""minionsKilled"":136,""participantId"":4,""position"":{""x"":10478,""y"":3057},""'"
1713,"b'timeEnemySpentControlled"":0,""totalGold"":5445,""xp"":5358},""5"":{""championStats"":{""abilityHaste"":0,""abilityPower"":49,""armor"":59,""arm'"
1714,"b'orPen"":0,""armorPenPercent"":0,""attackDamage"":78,""attackSpeed"":114,""bonusArmorPenPercent"":0,""bonusMagicPenPercent"":0,""ccReduction""'"
1715,"b':0,""cooldownReduction"":0,""health"":1389,""healthMax"":1389,""healthRegen"":25,""lifesteal"":0,""magicPen"":0,""magicPenPercent"":0,""magicRe'"
1716,"b'sist"":41,""movementSpeed"":406,""omnivamp"":0,""physicalVamp"":0,""power"":546,""powerMax"":557,""powerRegen"":33,""spellVamp"":0},""currentGol'"
1717,"b'd"":297,""damageStats"":{""magicDamageDone"":3393,""magicDamageDoneToChampions"":1394,""magicDamageTaken"":1282,""physicalDamageDone"":3984'"
1718,"b',""physicalDamageDoneToChampions"":972,""physicalDamageTaken"":5814,""totalDamageDone"":12934,""totalDamageDoneToChampions"":2777,""total'"
1719,"b'DamageTaken"":7164,""trueDamageDone"":5556,""trueDamageDoneToChampions"":410,""trueDamageTaken"":67},""goldPerSecond"":30,""jungleMinionsK'"
1720,"b'illed"":0,""level"":7,""minionsKilled"":25,""participantId"":5,""position"":{""x"":7256,""y"":3356},""timeEnemySpentControlled"":47098,""totalGo'"
1721,"b'ld"":3882,""xp"":3911},""6"":{""championStats"":{""abilityHaste"":0,""abilityPower"":52,""armor"":113,""armorPen"":0,""armorPenPercent"":0,""attac'"
1722,"b'kDamage"":104,""attackSpeed"":156,""bonusArmorPenPercent"":0,""bonusMagicPenPercent"":0,""ccReduction"":17,""cooldownReduction"":0,""health""'"
1723,"b':1538,""healthMax"":2090,""healthRegen"":108,""lifesteal"":0,""magicPen"":0,""magicPenPercent"":0,""magicResist"":90,""movementSpeed"":408,""om'"
1724,"b'nivamp"":0,""physicalVamp"":0,""power"":517,""powerMax"":709,""powerRegen"":22,""spellVamp"":0},""currentGold"":306,""damageStats"":{""magicDama'"
1725,"b'geDone"":27811,""magicDamageDoneToChampions"":1198,""magicDamageTaken"":3592,""physicalDamageDone"":15462,""physicalDamageDoneToChampion'"
1726,"b's"":513,""physicalDamageTaken"":2644,""totalDamageDone"":43274,""totalDamageDoneToChampions"":1711,""totalDamageTaken"":6465,""trueDamageD'"
1727,"b'one"":0,""trueDamageDoneToChampions"":0,""trueDamageTaken"":228},""goldPerSecond"":0,""jungleMinionsKilled"":0,""level"":11,""minionsKilled""'"
1728,"b':123,""participantId"":6,""position"":{""x"":5471,""y"":8902},""timeEnemySpentControlled"":951759,""totalGold"":5226,""xp"":7558},""7"":{""champi'"
1729,"b'onStats"":{""abilityHaste"":0,""abilityPower"":114,""armor"":71,""armorPen"":0,""armorPenPercent"":0,""attackDamage"":81,""attackSpeed"":131,""b'"
1730,"b'onusArmorPenPercent"":0,""bonusMagicPenPercent"":0,""ccReduction"":6,""cooldownReduction"":0,""health"":1443,""healthMax"":1534,""healthRege'"
1731,"b'n"":112,""lifesteal"":0,""magicPen"":0,""magicPenPercent"":0,""magicResist"":38,""movementSpeed"":398,""omnivamp"":0,""physicalVamp"":0,""power""'"
1732,"b':497,""powerMax"":598,""powerRegen"":163,""spellVamp"":0},""currentGold"":925,""damageStats"":{""magicDamageDone"":61611,""magicDamageDoneToC'"
1733,"b'hampions"":1631,""magicDamageTaken"":3524,""physicalDamageDone"":12459,""physicalDamageDoneToChampions"":294,""physicalDamageTaken"":9434'"
1734,"b',""totalDamageDone"":98365,""totalDamageDoneToChampions"":1974,""totalDamageTaken"":12973,""trueDamageDone"":24294,""trueDamageDoneToCham'"
1735,"b'pions"":48,""trueDamageTaken"":15},""goldPerSecond"":0,""jungleMinionsKilled"":99,""level"":9,""minionsKilled"":7,""participantId"":7,""positi'"
1736,"b'on"":{""x"":2808,""y"":7987},""timeEnemySpentControlled"":81313,""totalGold"":5325,""xp"":6048},""8"":{""championStats"":{""abilityHaste"":0,""abi'"
1737,"b'lityPower"":0,""armor"":73,""armorPen"":0,""armorPenPercent"":0,""attackDamage"":218,""attackSpeed"":128,""bonusArmorPenPercent"":0,""bonusMag'"
1738,"b'icPenPercent"":0,""ccReduction"":6,""cooldownReduction"":0,""health"":996,""healthMax"":1522,""healthRegen"":25,""lifesteal"":10,""magicPen"":0'"
1739,"b',""magicPenPercent"":0,""magicResist"":54,""movementSpeed"":400,""omnivamp"":0,""physicalVamp"":0,""power"":190,""powerMax"":200,""powerRegen"":'"
1740,"b'100,""spellVamp"":0},""currentGold"":940,""damageStats"":{""magicDamageDone"":3902,""magicDamageDoneToChampions"":310,""magicDamageTaken"":2'"
1741,"b'944,""physicalDamageDone"":56822,""physicalDamageDoneToChampions"":3527,""physicalDamageTaken"":697,""totalDamageDone"":60969,""totalDama'"
1742,"b'geDoneToChampions"":4082,""totalDamageTaken"":3641,""trueDamageDone"":245,""trueDamageDoneToChampions"":245,""trueDamageTaken"":0},""goldP'"
1743,"b'erSecond"":0,""jungleMinionsKilled"":0,""level"":11,""minionsKilled"":141,""participantId"":8,""position"":{""x"":7318,""y"":7608},""timeEnemySp'"
1744,"b'entControlled"":81096,""totalGold"":6325,""xp"":8066},""9"":{""championStats"":{""abilityHaste"":0,""abilityPower"":0,""armor"":62,""armorPen"":0'"
1745,"b',""armorPenPercent"":0,""attackDamage"":197,""attackSpeed"":162,""bonusArmorPenPercent"":0,""bonusMagicPenPercent"":0,""ccReduction"":6,""coo'"
1746,"b'ldownReduction"":0,""health"":1395,""healthMax"":1395,""healthRegen"":99,""lifesteal"":3,""magicPen"":0,""magicPenPercent"":0,""magicResist"":3'"
1747,"b'8,""movementSpeed"":564,""omnivamp"":2,""physicalVamp"":0,""power"":729,""powerMax"":729,""powerRegen"":24,""spellVamp"":0},""currentGold"":222,'"
1748,"b'""damageStats"":{""magicDamageDone"":1313,""magicDamageDoneToChampions"":783,""magicDamageTaken"":1291,""physicalDamageDone"":42208,""physi'"
1749,"b'calDamageDoneToChampions"":9017,""physicalDamageTaken"":3826,""totalDamageDone"":43681,""totalDamageDoneToChampions"":9800,""totalDamage'"
1750,"b'Taken"":5308,""trueDamageDone"":160,""trueDamageDoneToChampions"":0,""trueDamageTaken"":190},""goldPerSecond"":0,""jungleMinionsKilled"":0,'"
1751,"b'""level"":9,""minionsKilled"":129,""participantId"":9,""position"":{""x"":13864,""y"":13183},""timeEnemySpentControlled"":17026,""totalGold"":62'"
1752,"b'07,""xp"":5514},""10"":{""championStats"":{""abilityHaste"":0,""abilityPower"":10,""armor"":83,""armorPen"":0,""armorPenPercent"":0,""attackDamag'"
1753,"b'e"":69,""attackSpeed"":107,""bonusArmorPenPercent"":0,""bonusMagicPenPercent"":0,""ccReduction"":6,""cooldownReduction"":0,""health"":1563,""h'"
1754,"b'ealthMax"":1563,""healthRegen"":40,""lifesteal"":0,""magicPen"":0,""magicPenPercent"":0,""magicResist"":63,""movementSpeed"":595,""omnivamp"":0'"
1755,"b',""physicalVamp"":0,""power"":564,""powerMax"":568,""powerRegen"":15,""spellVamp"":0},""currentGold"":45,""damageStats"":{""magicDamageDone"":25'"
1756,"b'76,""magicDamageDoneToChampions"":1023,""magicDamageTaken"":1876,""physicalDamageDone"":3165,""physicalDamageDoneToChampions"":463,""phys'"
1757,"b'icalDamageTaken"":3941,""totalDamageDone"":10206,""totalDamageDoneToChampions"":1815,""totalDamageTaken"":6050,""trueDamageDone"":4463,""t'"
1758,"b'rueDamageDoneToChampions"":327,""trueDamageTaken"":232},""goldPerSecond"":30,""jungleMinionsKilled"":0,""level"":7,""minionsKilled"":23,""pa'"
1759,"b'rticipantId"":10,""position"":{""x"":13396,""y"":13744},""timeEnemySpentControlled"":108349,""totalGold"":3540,""xp"":3962}},""timestamp"":9002'"
1760,"b'41},{""events"":[{""level"":11,""participantId"":3,""timestamp"":901704,""type"":""LEVEL_UP""},{""levelUpType"":""NORMAL"",""participantId"":3,""sk'"
1761,"b'illSlot"":4,""timestamp"":902668,""type"":""SKILL_LEVEL_UP""},{""itemId"":3145,""participantId"":7,""timestamp"":902901,""type"":""ITEM_DESTROYE'"
1762,"b'D""},{""itemId"":3108,""participantId"":7,""timestamp"":902901,""type"":""ITEM_DESTROYED""},{""itemId"":1052,""participantId"":7,""timestamp"":90'"
1763,"b'2901,""type"":""ITEM_DESTROYED""},{""itemId"":4636,""participantId"":7,""timestamp"":902901,""type"":""ITEM_PURCHASED""},{""itemId"":2055,""parti'"
1764,"b'cipantId"":7,""timestamp"":903800,""type"":""ITEM_PURCHASED""},{""killerId"":5,""timestamp"":909231,""type"":""WARD_KILL"",""wardType"":""SIGHT_WA'"
1765,"b'RD""},{""creatorId"":5,""timestamp"":909231,""type"":""WARD_PLACED"",""wardType"":""UNDEFINED""},{""level"":9,""participantId"":2,""timestamp"":913'"
1766,"b'727,""type"":""LEVEL_UP""},{""creatorId"":5,""timestamp"":914532,""type"":""WARD_PLACED"",""wardType"":""SIGHT_WARD""},{""itemId"":2055,""participa'"
1767,"b'ntId"":5,""timestamp"":916232,""type"":""ITEM_DESTROYED""},{""creatorId"":5,""timestamp"":916232,""type"":""WARD_PLACED"",""wardType"":""CONTROL_W'"
1768,"b'ARD""},{""levelUpType"":""NORMAL"",""participantId"":2,""skillSlot"":2,""timestamp"":918577,""type"":""SKILL_LEVEL_UP""},{""creatorId"":8,""timest'"
1769,"b'amp"":918744,""type"":""WARD_PLACED"",""wardType"":""BLUE_TRINKET""},{""itemId"":2055,""participantId"":2,""timestamp"":920245,""type"":""ITEM_DES'"
1770,"b'TROYED""},{""creatorId"":2,""timestamp"":920245,""type"":""WARD_PLACED"",""wardType"":""CONTROL_WARD""},{""creatorId"":5,""timestamp"":920881,""ty'"
1771,"b'pe"":""WARD_PLACED"",""wardType"":""SIGHT_WARD""},{""killerId"":5,""timestamp"":922715,""type"":""WARD_KILL"",""wardType"":""BLUE_TRINKET""},{""crea'"
1772,"b'torId"":5,""timestamp"":922715,""type"":""WARD_PLACED"",""wardType"":""UNDEFINED""},{""creatorId"":7,""timestamp"":923482,""type"":""WARD_PLACED"",'"
1773,"b'""wardType"":""UNDEFINED""},{""itemId"":1036,""participantId"":4,""timestamp"":924987,""type"":""ITEM_DESTROYED""},{""itemId"":3133,""participant'"
1774,"b'Id"":4,""timestamp"":924987,""type"":""ITEM_PURCHASED""},{""level"":10,""participantId"":7,""timestamp"":925525,""type"":""LEVEL_UP""},{""levelUpT'"
1775,"b'ype"":""NORMAL"",""participantId"":7,""skillSlot"":3,""timestamp"":926225,""type"":""SKILL_LEVEL_UP""},{""itemId"":3340,""participantId"":4,""time'"
1776,"b'stamp"":927225,""type"":""ITEM_DESTROYED""},{""itemId"":3363,""participantId"":4,""timestamp"":927225,""type"":""ITEM_PURCHASED""},{""killerId"":'"
1777,"b'9,""timestamp"":929561,""type"":""WARD_KILL"",""wardType"":""SIGHT_WARD""},{""level"":8,""participantId"":5,""timestamp"":930163,""type"":""LEVEL_U'"
1778,"b'P""},{""levelUpType"":""NORMAL"",""participantId"":5,""skillSlot"":3,""timestamp"":930933,""type"":""SKILL_LEVEL_UP""},{""itemId"":2055,""particip'"
1779,"b'antId"":7,""timestamp"":931368,""type"":""ITEM_DESTROYED""},{""creatorId"":7,""timestamp"":931368,""type"":""WARD_PLACED"",""wardType"":""CONTROL_'"
1780,"b'WARD""},{""creatorId"":10,""timestamp"":931534,""type"":""WARD_PLACED"",""wardType"":""SIGHT_WARD""},{""level"":8,""participantId"":10,""timestamp'"
1781,"b'"":931901,""type"":""LEVEL_UP""},{""levelUpType"":""NORMAL"",""participantId"":10,""skillSlot"":2,""timestamp"":932630,""type"":""SKILL_LEVEL_UP""}'"
1782,"b',{""creatorId"":7,""timestamp"":935461,""type"":""WARD_PLACED"",""wardType"":""UNDEFINED""},{""itemId"":2055,""participantId"":10,""timestamp"":93'"
1783,"b'8888,""type"":""ITEM_DESTROYED""},{""creatorId"":10,""timestamp"":938888,""type"":""WARD_PLACED"",""wardType"":""CONTROL_WARD""},{""assistingPart'"
1784,"b'icipantIds"":[1,7,10],""bounty"":0,""killerId"":2,""killerTeamId"":100,""monsterType"":""RIFTHERALD"",""position"":{""x"":4932,""y"":10020},""time'"
1785,"b'stamp"":940288,""type"":""ELITE_MONSTER_KILL""},{""itemId"":2055,""participantId"":9,""timestamp"":941920,""type"":""ITEM_DESTROYED""},{""creato'"
1786,"b'rId"":9,""timestamp"":941920,""type"":""WARD_PLACED"",""wardType"":""CONTROL_WARD""},{""itemId"":3364,""participantId"":5,""timestamp"":943753,""t'"
1787,"b'ype"":""ITEM_DESTROYED""},{""creatorId"":7,""timestamp"":945276,""type"":""WARD_PLACED"",""wardType"":""UNDEFINED""},{""killerId"":9,""timestamp"":'"
1788,"b'950277,""type"":""WARD_KILL"",""wardType"":""CONTROL_WARD""},{""creatorId"":7,""timestamp"":953885,""type"":""WARD_PLACED"",""wardType"":""UNDEFINE'"
1789,"b'D""},{""itemId"":1101,""participantId"":7,""timestamp"":954153,""type"":""ITEM_DESTROYED""},{""killerId"":2,""timestamp"":954786,""type"":""WARD_K'"
1790,"b'ILL"",""wardType"":""UNDEFINED""},{""killerId"":6,""timestamp"":955185,""type"":""WARD_KILL"",""wardType"":""UNDEFINED""},{""killerId"":6,""timestam'"
1791,"b'p"":958020,""type"":""WARD_KILL"",""wardType"":""SIGHT_WARD""},{""killerId"":9,""timestamp"":958923,""type"":""WARD_KILL"",""wardType"":""CONTROL_WA'"
1792,"b'RD""}],""participantFrames"":{""1"":{""championStats"":{""abilityHaste"":0,""abilityPower"":141,""armor"":77,""armorPen"":0,""armorPenPercent"":0'"
1793,"b',""attackDamage"":89,""attackSpeed"":116,""bonusArmorPenPercent"":0,""bonusMagicPenPercent"":0,""ccReduction"":12,""cooldownReduction"":0,""h'"
1794,"b'ealth"":1452,""healthMax"":1966,""healthRegen"":24,""lifesteal"":0,""magicPen"":0,""magicPenPercent"":0,""magicResist"":49,""movementSpeed"":42'"
1795,"b'9,""omnivamp"":0,""physicalVamp"":0,""power"":100,""powerMax"":150,""powerRegen"":0,""spellVamp"":0},""currentGold"":746,""damageStats"":{""magic'"
1796,"b'DamageDone"":49002,""magicDamageDoneToChampions"":5510,""magicDamageTaken"":1365,""physicalDamageDone"":7244,""physicalDamageDoneToChamp'"
1797,"b'ions"":46,""physicalDamageTaken"":1592,""totalDamageDone"":56672,""totalDamageDoneToChampions"":5982,""totalDamageTaken"":2958,""trueDamag'"
1798,"b'eDone"":426,""trueDamageDoneToChampions"":426,""trueDamageTaken"":0},""goldPerSecond"":0,""jungleMinionsKilled"":0,""level"":11,""minionsKil'"
1799,"b'led"":142,""participantId"":1,""position"":{""x"":3210,""y"":10572},""timeEnemySpentControlled"":139938,""totalGold"":5136,""xp"":8104},""2"":{""c'"
1800,"b'hampionStats"":{""abilityHaste"":0,""abilityPower"":0,""armor"":69,""armorPen"":0,""armorPenPercent"":0,""attackDamage"":124,""attackSpeed"":22'"
1801,"b'9,""bonusArmorPenPercent"":0,""bonusMagicPenPercent"":0,""ccReduction"":0,""cooldownReduction"":0,""health"":1149,""healthMax"":1425,""health'"
1802,"b'Regen"":20,""lifesteal"":0,""magicPen"":0,""magicPenPercent"":0,""magicResist"":45,""movementSpeed"":443,""omnivamp"":0,""physicalVamp"":0,""pow'"
1803,"b'er"":162,""powerMax"":180,""powerRegen"":0,""spellVamp"":0},""currentGold"":497,""damageStats"":{""magicDamageDone"":12475,""magicDamageDoneTo'"
1804,"b'Champions"":561,""magicDamageTaken"":2294,""physicalDamageDone"":69789,""physicalDamageDoneToChampions"":1346,""physicalDamageTaken"":850'"
1805,"b'9,""totalDamageDone"":102084,""totalDamageDoneToChampions"":2010,""totalDamageTaken"":10981,""trueDamageDone"":19819,""trueDamageDoneToCh'"
1806,"b'ampions"":101,""trueDamageTaken"":177},""goldPerSecond"":0,""jungleMinionsKilled"":92,""level"":9,""minionsKilled"":4,""participantId"":2,""po'"
1807,"b'sition"":{""x"":3668,""y"":8990},""timeEnemySpentControlled"":282877,""totalGold"":5207,""xp"":5551},""3"":{""championStats"":{""abilityHaste"":0'"
1808,"b',""abilityPower"":104,""armor"":65,""armorPen"":0,""armorPenPercent"":0,""attackDamage"":86,""attackSpeed"":121,""bonusArmorPenPercent"":0,""bo'"
1809,"b'nusMagicPenPercent"":0,""ccReduction"":0,""cooldownReduction"":0,""health"":408,""healthMax"":1651,""healthRegen"":24,""lifesteal"":0,""magicP'"
1810,"b'en"":18,""magicPenPercent"":0,""magicResist"":41,""movementSpeed"":449,""omnivamp"":0,""physicalVamp"":0,""power"":1132,""powerMax"":1790,""powe'"
1811,"b'rRegen"":30,""spellVamp"":0},""currentGold"":863,""damageStats"":{""magicDamageDone"":53809,""magicDamageDoneToChampions"":4059,""magicDamag'"
1812,"b'eTaken"":885,""physicalDamageDone"":5500,""physicalDamageDoneToChampions"":91,""physicalDamageTaken"":3153,""totalDamageDone"":61218,""tot'"
1813,"b'alDamageDoneToChampions"":4151,""totalDamageTaken"":4160,""trueDamageDone"":1907,""trueDamageDoneToChampions"":0,""trueDamageTaken"":120}'"
1814,"b',""goldPerSecond"":0,""jungleMinionsKilled"":0,""level"":11,""minionsKilled"":138,""participantId"":3,""position"":{""x"":3138,""y"":7372},""time'"
1815,"b'EnemySpentControlled"":245756,""totalGold"":5113,""xp"":7604},""4"":{""championStats"":{""abilityHaste"":0,""abilityPower"":0,""armor"":61,""arm'"
1816,"b'orPen"":0,""armorPenPercent"":0,""attackDamage"":157,""attackSpeed"":169,""bonusArmorPenPercent"":0,""bonusMagicPenPercent"":0,""ccReduction'"
1817,"b'"":0,""cooldownReduction"":0,""health"":1667,""healthMax"":1667,""healthRegen"":16,""lifesteal"":3,""magicPen"":0,""magicPenPercent"":0,""magicR'"
1818,"b'esist"":38,""movementSpeed"":360,""omnivamp"":2,""physicalVamp"":0,""power"":1303,""powerMax"":1524,""powerRegen"":62,""spellVamp"":0},""current'"
1819,"b'Gold"":205,""damageStats"":{""magicDamageDone"":2532,""magicDamageDoneToChampions"":2196,""magicDamageTaken"":916,""physicalDamageDone"":51'"
1820,"b'397,""physicalDamageDoneToChampions"":4999,""physicalDamageTaken"":5401,""totalDamageDone"":57625,""totalDamageDoneToChampions"":7196,""t'"
1821,"b'otalDamageTaken"":6596,""trueDamageDone"":3695,""trueDamageDoneToChampions"":0,""trueDamageTaken"":278},""goldPerSecond"":0,""jungleMinion'"
1822,"b'sKilled"":0,""level"":9,""minionsKilled"":143,""participantId"":4,""position"":{""x"":6565,""y"":7131},""timeEnemySpentControlled"":0,""totalGol'"
1823,"b'd"":5753,""xp"":5791},""5"":{""championStats"":{""abilityHaste"":0,""abilityPower"":53,""armor"":64,""armorPen"":0,""armorPenPercent"":0,""attackD'"
1824,"b'amage"":82,""attackSpeed"":117,""bonusArmorPenPercent"":0,""bonusMagicPenPercent"":0,""ccReduction"":0,""cooldownReduction"":0,""health"":117'"
1825,"b'6,""healthMax"":1481,""healthRegen"":110,""lifesteal"":0,""magicPen"":0,""magicPenPercent"":0,""magicResist"":43,""movementSpeed"":406,""omniva'"
1826,"b'mp"":0,""physicalVamp"":0,""power"":351,""powerMax"":603,""powerRegen"":34,""spellVamp"":0},""currentGold"":639,""damageStats"":{""magicDamageDo'"
1827,"b'ne"":3801,""magicDamageDoneToChampions"":1802,""magicDamageTaken"":1936,""physicalDamageDone"":4157,""physicalDamageDoneToChampions"":972'"
1828,"b',""physicalDamageTaken"":5814,""totalDamageDone"":14072,""totalDamageDoneToChampions"":3395,""totalDamageTaken"":7842,""trueDamageDone"":6'"
1829,"b'113,""trueDamageDoneToChampions"":620,""trueDamageTaken"":90},""goldPerSecond"":30,""jungleMinionsKilled"":0,""level"":8,""minionsKilled"":2'"
1830,"b'9,""participantId"":5,""position"":{""x"":3858,""y"":10364},""timeEnemySpentControlled"":57692,""totalGold"":4229,""xp"":4098},""6"":{""championS'"
1831,"b'tats"":{""abilityHaste"":0,""abilityPower"":52,""armor"":113,""armorPen"":0,""armorPenPercent"":0,""attackDamage"":104,""attackSpeed"":146,""bon'"
1832,"b'usArmorPenPercent"":0,""bonusMagicPenPercent"":0,""ccReduction"":19,""cooldownReduction"":0,""health"":1167,""healthMax"":2090,""healthRegen'"
1833,"b'"":25,""lifesteal"":0,""magicPen"":0,""magicPenPercent"":0,""magicResist"":90,""movementSpeed"":375,""omnivamp"":0,""physicalVamp"":0,""power"":4'"
1834,"b'67,""powerMax"":709,""powerRegen"":22,""spellVamp"":0},""currentGold"":518,""damageStats"":{""magicDamageDone"":30079,""magicDamageDoneToCham'"
1835,"b'pions"":1855,""magicDamageTaken"":4560,""physicalDamageDone"":15743,""physicalDamageDoneToChampions"":572,""physicalDamageTaken"":2712,""t'"
1836,"b'otalDamageDone"":45822,""totalDamageDoneToChampions"":2427,""totalDamageTaken"":7718,""trueDamageDone"":0,""trueDamageDoneToChampions"":0'"
1837,"b',""trueDamageTaken"":444},""goldPerSecond"":0,""jungleMinionsKilled"":0,""level"":11,""minionsKilled"":129,""participantId"":6,""position"":{""'"
1838,"b'x"":5998,""y"":10219},""timeEnemySpentControlled"":984485,""totalGold"":5443,""xp"":7880},""7"":{""championStats"":{""abilityHaste"":0,""ability'"
1839,"b'Power"":142,""armor"":76,""armorPen"":0,""armorPenPercent"":0,""attackDamage"":85,""attackSpeed"":134,""bonusArmorPenPercent"":0,""bonusMagicP'"
1840,"b'enPercent"":0,""ccReduction"":6,""cooldownReduction"":0,""health"":1417,""healthMax"":1793,""healthRegen"":128,""lifesteal"":0,""magicPen"":0,""'"
1841,"b'magicPenPercent"":0,""magicResist"":40,""movementSpeed"":506,""omnivamp"":0,""physicalVamp"":0,""power"":529,""powerMax"":643,""powerRegen"":17'"
1842,"b'2,""spellVamp"":0},""currentGold"":316,""damageStats"":{""magicDamageDone"":67044,""magicDamageDoneToChampions"":2921,""magicDamageTaken"":3'"
1843,"b'987,""physicalDamageDone"":12622,""physicalDamageDoneToChampions"":294,""physicalDamageTaken"":9844,""totalDamageDone"":105473,""totalDam'"
1844,"b'ageDoneToChampions"":3287,""totalDamageTaken"":14056,""trueDamageDone"":25806,""trueDamageDoneToChampions"":71,""trueDamageTaken"":225},""'"
1845,"b'goldPerSecond"":0,""jungleMinionsKilled"":103,""level"":10,""minionsKilled"":7,""participantId"":7,""position"":{""x"":5689,""y"":9160},""timeEn'"
1846,"b'emySpentControlled"":89729,""totalGold"":5606,""xp"":6389},""8"":{""championStats"":{""abilityHaste"":0,""abilityPower"":0,""armor"":73,""armorP'"
1847,"b'en"":0,""armorPenPercent"":0,""attackDamage"":218,""attackSpeed"":128,""bonusArmorPenPercent"":0,""bonusMagicPenPercent"":0,""ccReduction"":6'"
1848,"b',""cooldownReduction"":0,""health"":775,""healthMax"":1522,""healthRegen"":25,""lifesteal"":10,""magicPen"":0,""magicPenPercent"":0,""magicResi'"
1849,"b'st"":54,""movementSpeed"":400,""omnivamp"":0,""physicalVamp"":0,""power"":200,""powerMax"":200,""powerRegen"":100,""spellVamp"":0},""currentGold'"
1850,"b'"":1220,""damageStats"":{""magicDamageDone"":3947,""magicDamageDoneToChampions"":355,""magicDamageTaken"":3520,""physicalDamageDone"":63250'"
1851,"b',""physicalDamageDoneToChampions"":4454,""physicalDamageTaken"":697,""totalDamageDone"":67464,""totalDamageDoneToChampions"":5077,""total'"
1852,"b'DamageTaken"":4217,""trueDamageDone"":267,""trueDamageDoneToChampions"":267,""trueDamageTaken"":0},""goldPerSecond"":0,""jungleMinionsKill'"
1853,"b'ed"":0,""level"":11,""minionsKilled"":147,""participantId"":8,""position"":{""x"":5158,""y"":9166},""timeEnemySpentControlled"":89528,""totalGol'"
1854,"b'd"":6605,""xp"":8486},""9"":{""championStats"":{""abilityHaste"":0,""abilityPower"":0,""armor"":62,""armorPen"":0,""armorPenPercent"":0,""attackDa'"
1855,"b'mage"":197,""attackSpeed"":162,""bonusArmorPenPercent"":0,""bonusMagicPenPercent"":0,""ccReduction"":6,""cooldownReduction"":0,""health"":982'"
1856,"b',""healthMax"":1395,""healthRegen"":16,""lifesteal"":3,""magicPen"":0,""magicPenPercent"":0,""magicResist"":38,""movementSpeed"":370,""omnivamp'"
1857,"b'"":2,""physicalVamp"":0,""power"":674,""powerMax"":729,""powerRegen"":24,""spellVamp"":0},""currentGold"":548,""damageStats"":{""magicDamageDone'"
1858,"b'"":1313,""magicDamageDoneToChampions"":783,""magicDamageTaken"":1750,""physicalDamageDone"":44044,""physicalDamageDoneToChampions"":9017,'"
1859,"b'""physicalDamageTaken"":3826,""totalDamageDone"":45558,""totalDamageDoneToChampions"":9800,""totalDamageTaken"":5767,""trueDamageDone"":20'"
1860,"b'0,""trueDamageDoneToChampions"":0,""trueDamageTaken"":190},""goldPerSecond"":0,""jungleMinionsKilled"":0,""level"":9,""minionsKilled"":136,""'"
1861,"b'participantId"":9,""position"":{""x"":6948,""y"":8412},""timeEnemySpentControlled"":18325,""totalGold"":6548,""xp"":5775},""10"":{""championStat'"
1862,"b's"":{""abilityHaste"":0,""abilityPower"":10,""armor"":87,""armorPen"":0,""armorPenPercent"":0,""attackDamage"":72,""attackSpeed"":108,""bonusArm'"
1863,"b'orPenPercent"":0,""bonusMagicPenPercent"":0,""ccReduction"":6,""cooldownReduction"":0,""health"":390,""healthMax"":1660,""healthRegen"":97,""l'"
1864,"b'ifesteal"":0,""magicPen"":0,""magicPenPercent"":0,""magicResist"":65,""movementSpeed"":471,""omnivamp"":0,""physicalVamp"":0,""power"":320,""pow'"
1865,"b'erMax"":609,""powerRegen"":16,""spellVamp"":0},""currentGold"":215,""damageStats"":{""magicDamageDone"":2622,""magicDamageDoneToChampions"":1'"
1866,"b'069,""magicDamageTaken"":2844,""physicalDamageDone"":3168,""physicalDamageDoneToChampions"":463,""physicalDamageTaken"":4375,""totalDamag'"
1867,"b'eDone"":10254,""totalDamageDoneToChampions"":1861,""totalDamageTaken"":7508,""trueDamageDone"":4463,""trueDamageDoneToChampions"":327,""tr'"
1868,"b'ueDamageTaken"":288},""goldPerSecond"":30,""jungleMinionsKilled"":0,""level"":8,""minionsKilled"":23,""participantId"":10,""position"":{""x"":6'"
1869,"b'501,""y"":9638},""timeEnemySpentControlled"":112061,""totalGold"":3710,""xp"":4145}},""timestamp"":960263},{""events"":[{""creatorId"":6,""time'"
1870,"b'stamp"":960731,""type"":""WARD_PLACED"",""wardType"":""BLUE_TRINKET""},{""killerId"":5,""timestamp"":962465,""type"":""WARD_KILL"",""wardType"":""BL'"
1871,"b'UE_TRINKET""},{""creatorId"":5,""timestamp"":962465,""type"":""WARD_PLACED"",""wardType"":""UNDEFINED""},{""creatorId"":7,""timestamp"":964666,""t'"
1872,"b'ype"":""WARD_PLACED"",""wardType"":""UNDEFINED""},{""itemId"":3067,""participantId"":5,""timestamp"":968574,""type"":""ITEM_DESTROYED""},{""itemId'"
1873,"b'"":4642,""participantId"":5,""timestamp"":968574,""type"":""ITEM_DESTROYED""},{""itemId"":2065,""participantId"":5,""timestamp"":968574,""type"":'"
1874,"b'""ITEM_PURCHASED""},{""killerId"":2,""timestamp"":969039,""type"":""WARD_KILL"",""wardType"":""CONTROL_WARD""},{""itemId"":2055,""participantId"":'"
1875,"b'5,""timestamp"":969473,""type"":""ITEM_PURCHASED""},{""creatorId"":10,""timestamp"":977785,""type"":""WARD_PLACED"",""wardType"":""SIGHT_WARD""},{'"
1876,"b'""creatorId"":7,""timestamp"":979291,""type"":""WARD_PLACED"",""wardType"":""UNDEFINED""},{""creatorId"":10,""timestamp"":983885,""type"":""WARD_PL'"
1877,"b'ACED"",""wardType"":""SIGHT_WARD""},{""itemId"":1018,""participantId"":9,""timestamp"":985349,""type"":""ITEM_PURCHASED""},{""level"":12,""partici'"
1878,"b'pantId"":8,""timestamp"":987283,""type"":""LEVEL_UP""},{""levelUpType"":""NORMAL"",""participantId"":8,""skillSlot"":3,""timestamp"":988181,""type'"
1879,"b'"":""SKILL_LEVEL_UP""},{""creatorId"":7,""timestamp"":988281,""type"":""WARD_PLACED"",""wardType"":""UNDEFINED""},{""itemId"":2055,""participantId'"
1880,"b'"":10,""timestamp"":988382,""type"":""ITEM_PURCHASED""},{""itemId"":2055,""participantId"":10,""timestamp"":988515,""type"":""ITEM_PURCHASED""},{'"
1881,"b'""level"":10,""participantId"":4,""timestamp"":988515,""type"":""LEVEL_UP""},{""itemId"":1026,""participantId"":1,""timestamp"":989319,""type"":""I'"
1882,"b'TEM_DESTROYED""},{""itemId"":1011,""participantId"":1,""timestamp"":989319,""type"":""ITEM_DESTROYED""},{""itemId"":1052,""participantId"":1,""t'"
1883,"b'imestamp"":989319,""type"":""ITEM_DESTROYED""},{""itemId"":4637,""participantId"":1,""timestamp"":989319,""type"":""ITEM_PURCHASED""},{""levelUp'"
1884,"b'Type"":""NORMAL"",""participantId"":4,""skillSlot"":3,""timestamp"":989684,""type"":""SKILL_LEVEL_UP""},{""itemId"":2055,""participantId"":5,""tim'"
1885,"b'estamp"":990282,""type"":""ITEM_DESTROYED""},{""creatorId"":5,""timestamp"":990282,""type"":""WARD_PLACED"",""wardType"":""CONTROL_WARD""},{""item'"
1886,"b'Id"":1102,""participantId"":2,""timestamp"":990981,""type"":""ITEM_DESTROYED""},{""itemId"":2055,""participantId"":1,""timestamp"":992547,""type'"
1887,"b'"":""ITEM_PURCHASED""},{""itemId"":1083,""participantId"":6,""timestamp"":992848,""type"":""ITEM_SOLD""},{""itemId"":2031,""participantId"":6,""ti'"
1888,"b'mestamp"":993348,""type"":""ITEM_SOLD""},{""itemId"":1001,""participantId"":6,""timestamp"":994551,""type"":""ITEM_DESTROYED""},{""itemId"":3111,'"
1889,"b'""participantId"":6,""timestamp"":994551,""type"":""ITEM_PURCHASED""},{""creatorId"":5,""timestamp"":998486,""type"":""WARD_PLACED"",""wardType"":'"
1890,"b'""SIGHT_WARD""},{""creatorId"":7,""timestamp"":998785,""type"":""WARD_PLACED"",""wardType"":""UNDEFINED""},{""itemId"":3513,""participantId"":5,""t'"
1891,"b'imestamp"":1000353,""type"":""ITEM_DESTROYED""},{""level"":10,""participantId"":9,""timestamp"":1002757,""type"":""LEVEL_UP""},{""creatorId"":3,""'"
1892,"b'timestamp"":1003291,""type"":""WARD_PLACED"",""wardType"":""YELLOW_TRINKET""},{""assistingParticipantIds"":[9],""bounty"":274,""killStreakLeng'"
1893,"b'th"":0,""killerId"":10,""position"":{""x"":9435,""y"":8954},""shutdownBounty"":0,""timestamp"":1010153,""type"":""CHAMPION_KILL"",""victimDamageDe'"
1894,"b'alt"":[{""basic"":true,""magicDamage"":0,""name"":""Belveth"",""participantId"":9,""physicalDamage"":62,""spellName"":""belvethbasicattack"",""spe'"
1895,"b'llSlot"":49,""trueDamage"":0,""type"":""OTHER""},{""basic"":false,""magicDamage"":0,""name"":""Belveth"",""participantId"":9,""physicalDamage"":0,""'"
1896,"b'spellName"":"""",""spellSlot"":3,""trueDamage"":29,""type"":""OTHER""},{""basic"":true,""magicDamage"":0,""name"":""Belveth"",""participantId"":9,""ph'"
1897,"b'ysicalDamage"":64,""spellName"":""belvethbasicattack2"",""spellSlot"":49,""trueDamage"":0,""type"":""OTHER""},{""basic"":false,""magicDamage"":0,'"
1898,"b'""name"":""Belveth"",""participantId"":9,""physicalDamage"":81,""spellName"":"""",""spellSlot"":-1,""trueDamage"":0,""type"":""OTHER""},{""basic"":fal'"
1899,"b'se,""magicDamage"":0,""name"":""Belveth"",""participantId"":9,""physicalDamage"":106,""spellName"":""belvethq"",""spellSlot"":0,""trueDamage"":0,""'"
1900,"b'type"":""OTHER""},{""basic"":false,""magicDamage"":0,""name"":""Belveth"",""participantId"":9,""physicalDamage"":125,""spellName"":"""",""spellSlot""'"
1901,"b':-1,""trueDamage"":0,""type"":""OTHER""}],""victimDamageReceived"":[{""basic"":true,""magicDamage"":0,""name"":""Lucian"",""participantId"":9,""phy'"
1902,"b'sicalDamage"":268,""spellName"":""lucianpassive"",""spellSlot"":63,""trueDamage"":0,""type"":""OTHER""},{""basic"":false,""magicDamage"":0,""name""'"
1903,"b':""Lucian"",""participantId"":9,""physicalDamage"":103,""spellName"":"""",""spellSlot"":-1,""trueDamage"":0,""type"":""OTHER""},{""basic"":false,""ma'"
1904,"b'gicDamage"":0,""name"":""Lucian"",""participantId"":9,""physicalDamage"":0,""spellName"":"""",""spellSlot"":-1,""trueDamage"":0,""type"":""OTHER""},{'"
1905,"b'""basic"":false,""magicDamage"":0,""name"":""Lucian"",""participantId"":9,""physicalDamage"":190,""spellName"":""lucianpassiveattack"",""spellSlo'"
1906,"b't"":0,""trueDamage"":0,""type"":""OTHER""},{""basic"":false,""magicDamage"":56,""name"":""Lucian"",""participantId"":9,""physicalDamage"":0,""spellN'"
1907,"b'ame"":""lucianw"",""spellSlot"":1,""trueDamage"":0,""type"":""OTHER""},{""basic"":false,""magicDamage"":0,""name"":""Lucian"",""participantId"":9,""ph'"
1908,"b'ysicalDamage"":126,""spellName"":""lucianr"",""spellSlot"":3,""trueDamage"":0,""type"":""OTHER""},{""basic"":true,""magicDamage"":0,""name"":""Turre'"
1909,"b't"",""participantId"":0,""physicalDamage"":603,""spellName"":""turretbasicattack"",""spellSlot"":64,""trueDamage"":0,""type"":""TOWER""},{""basic""'"
1910,"b':false,""magicDamage"":21,""name"":""Rell"",""participantId"":10,""physicalDamage"":0,""spellName"":""rellw_dismount"",""spellSlot"":1,""trueDama'"
1911,"b'ge"":0,""type"":""OTHER""},{""basic"":true,""magicDamage"":0,""name"":""SRU_ChaosMinionMelee"",""participantId"":0,""physicalDamage"":24,""spellNa'"
1912,"b'me"":""sru_chaosminionmeleebasicattack"",""spellSlot"":64,""trueDamage"":0,""type"":""MINION""}],""victimId"":2},{""levelUpType"":""NORMAL"",""par'"
1913,"b'ticipantId"":9,""skillSlot"":3,""timestamp"":1010220,""type"":""SKILL_LEVEL_UP""},{""creatorId"":10,""timestamp"":1011391,""type"":""WARD_PLACED'"
1914,"b'"",""wardType"":""SIGHT_WARD""},{""assistingParticipantIds"":[5],""bounty"":0,""buildingType"":""TOWER_BUILDING"",""killerId"":0,""laneType"":""MI'"
1915,"b'D_LANE"",""position"":{""x"":8955,""y"":8510},""teamId"":200,""timestamp"":1011557,""towerType"":""OUTER_TURRET"",""type"":""BUILDING_KILL""},{""cre'"
1916,"b'atorId"":4,""timestamp"":1011591,""type"":""WARD_PLACED"",""wardType"":""BLUE_TRINKET""},{""creatorId"":5,""timestamp"":1011856,""type"":""WARD_PL'"
1917,"b'ACED"",""wardType"":""SIGHT_WARD""},{""killerId"":10,""timestamp"":1014357,""type"":""WARD_KILL"",""wardType"":""BLUE_TRINKET""},{""killerId"":10,""'"
1918,"b'timestamp"":1017285,""type"":""WARD_KILL"",""wardType"":""SIGHT_WARD""},{""bounty"":0,""buildingType"":""TOWER_BUILDING"",""killerId"":0,""laneTyp'"
1919,"b'e"":""BOT_LANE"",""position"":{""x"":13866,""y"":4505},""teamId"":200,""timestamp"":1019648,""towerType"":""OUTER_TURRET"",""type"":""BUILDING_KILL""'"
1920,"b'},{""bounty"":0,""buildingType"":""TOWER_BUILDING"",""killerId"":8,""laneType"":""TOP_LANE"",""position"":{""x"":981,""y"":10441},""teamId"":100,""ti'"
1921,"b'mestamp"":1019815,""towerType"":""OUTER_TURRET"",""type"":""BUILDING_KILL""}],""participantFrames"":{""1"":{""championStats"":{""abilityHaste"":0'"
1922,"b',""abilityPower"":165,""armor"":77,""armorPen"":0,""armorPenPercent"":0,""attackDamage"":89,""attackSpeed"":116,""bonusArmorPenPercent"":0,""bo'"
1923,"b'nusMagicPenPercent"":0,""ccReduction"":5,""cooldownReduction"":0,""health"":1942,""healthMax"":1966,""healthRegen"":24,""lifesteal"":0,""magic'"
1924,"b'Pen"":0,""magicPenPercent"":0,""magicResist"":49,""movementSpeed"":429,""omnivamp"":0,""physicalVamp"":0,""power"":110,""powerMax"":150,""powerR'"
1925,"b'egen"":0,""spellVamp"":0},""currentGold"":176,""damageStats"":{""magicDamageDone"":52068,""magicDamageDoneToChampions"":6148,""magicDamageTa'"
1926,"b'ken"":1917,""physicalDamageDone"":7800,""physicalDamageDoneToChampions"":46,""physicalDamageTaken"":1935,""totalDamageDone"":60295,""total'"
1927,"b'DamageDoneToChampions"":6621,""totalDamageTaken"":3852,""trueDamageDone"":426,""trueDamageDoneToChampions"":426,""trueDamageTaken"":0},""g'"
1928,"b'oldPerSecond"":0,""jungleMinionsKilled"":0,""level"":11,""minionsKilled"":148,""participantId"":1,""position"":{""x"":1450,""y"":10297},""timeEn'"
1929,"b'emySpentControlled"":147521,""totalGold"":5456,""xp"":8452},""2"":{""championStats"":{""abilityHaste"":0,""abilityPower"":0,""armor"":69,""armor'"
1930,"b'Pen"":0,""armorPenPercent"":0,""attackDamage"":124,""attackSpeed"":173,""bonusArmorPenPercent"":0,""bonusMagicPenPercent"":0,""ccReduction"":'"
1931,"b'0,""cooldownReduction"":0,""health"":0,""healthMax"":1277,""healthRegen"":20,""lifesteal"":0,""magicPen"":0,""magicPenPercent"":0,""magicResist'"
1932,"b'"":45,""movementSpeed"":443,""omnivamp"":0,""physicalVamp"":0,""power"":112,""powerMax"":180,""powerRegen"":0,""spellVamp"":0},""currentGold"":86'"
1933,"b'0,""damageStats"":{""magicDamageDone"":13783,""magicDamageDoneToChampions"":561,""magicDamageTaken"":2576,""physicalDamageDone"":75334,""ph'"
1934,"b'ysicalDamageDoneToChampions"":1786,""physicalDamageTaken"":10196,""totalDamageDone"":110341,""totalDamageDoneToChampions"":2479,""totalD'"
1935,"b'amageTaken"":13035,""trueDamageDone"":21223,""trueDamageDoneToChampions"":131,""trueDamageTaken"":262},""goldPerSecond"":0,""jungleMinions'"
1936,"b'Killed"":96,""level"":9,""minionsKilled"":6,""participantId"":2,""position"":{""x"":9435,""y"":8954},""timeEnemySpentControlled"":291220,""total'"
1937,"b'Gold"":5575,""xp"":5866},""3"":{""championStats"":{""abilityHaste"":0,""abilityPower"":104,""armor"":65,""armorPen"":0,""armorPenPercent"":0,""att'"
1938,"b'ackDamage"":86,""attackSpeed"":121,""bonusArmorPenPercent"":0,""bonusMagicPenPercent"":0,""ccReduction"":0,""cooldownReduction"":0,""health""'"
1939,"b':989,""healthMax"":1657,""healthRegen"":24,""lifesteal"":0,""magicPen"":18,""magicPenPercent"":0,""magicResist"":41,""movementSpeed"":305,""omn'"
1940,"b'ivamp"":0,""physicalVamp"":0,""power"":1206,""powerMax"":1808,""powerRegen"":30,""spellVamp"":0},""currentGold"":1406,""damageStats"":{""magicDa'"
1941,"b'mageDone"":62448,""magicDamageDoneToChampions"":4059,""magicDamageTaken"":1265,""physicalDamageDone"":5959,""physicalDamageDoneToChampio'"
1942,"b'ns"":91,""physicalDamageTaken"":3367,""totalDamageDone"":70315,""totalDamageDoneToChampions"":4151,""totalDamageTaken"":4816,""trueDamageD'"
1943,"b'one"":1907,""trueDamageDoneToChampions"":0,""trueDamageTaken"":183},""goldPerSecond"":0,""jungleMinionsKilled"":0,""level"":11,""minionsKill'"
1944,"b'ed"":153,""participantId"":3,""position"":{""x"":9727,""y"":5180},""timeEnemySpentControlled"":267222,""totalGold"":5656,""xp"":8282},""4"":{""cha'"
1945,"b'mpionStats"":{""abilityHaste"":0,""abilityPower"":0,""armor"":66,""armorPen"":0,""armorPenPercent"":0,""attackDamage"":159,""attackSpeed"":212,'"
1946,"b'""bonusArmorPenPercent"":0,""bonusMagicPenPercent"":0,""ccReduction"":0,""cooldownReduction"":0,""health"":1769,""healthMax"":1769,""healthRe'"
1947,"b'gen"":101,""lifesteal"":3,""magicPen"":0,""magicPenPercent"":0,""magicResist"":40,""movementSpeed"":380,""omnivamp"":2,""physicalVamp"":0,""powe'"
1948,"b'r"":648,""powerMax"":1630,""powerRegen"":32,""spellVamp"":0},""currentGold"":927,""damageStats"":{""magicDamageDone"":2900,""magicDamageDoneTo'"
1949,"b'Champions"":2474,""magicDamageTaken"":916,""physicalDamageDone"":61782,""physicalDamageDoneToChampions"":6401,""physicalDamageTaken"":563'"
1950,"b'8,""totalDamageDone"":68378,""totalDamageDoneToChampions"":8875,""totalDamageTaken"":6833,""trueDamageDone"":3695,""trueDamageDoneToChamp'"
1951,"b'ions"":0,""trueDamageTaken"":278},""goldPerSecond"":0,""jungleMinionsKilled"":0,""level"":10,""minionsKilled"":156,""participantId"":4,""posit'"
1952,"b'ion"":{""x"":8161,""y"":8599},""timeEnemySpentControlled"":0,""totalGold"":6475,""xp"":6429},""5"":{""championStats"":{""abilityHaste"":0,""abilit'"
1953,"b'yPower"":70,""armor"":64,""armorPen"":0,""armorPenPercent"":0,""attackDamage"":82,""attackSpeed"":117,""bonusArmorPenPercent"":0,""bonusMagicP'"
1954,"b'enPercent"":0,""ccReduction"":0,""cooldownReduction"":0,""health"":202,""healthMax"":1481,""healthRegen"":110,""lifesteal"":0,""magicPen"":0,""m'"
1955,"b'agicPenPercent"":0,""magicResist"":43,""movementSpeed"":380,""omnivamp"":0,""physicalVamp"":0,""power"":374,""powerMax"":603,""powerRegen"":46,'"
1956,"b'""spellVamp"":0},""currentGold"":565,""damageStats"":{""magicDamageDone"":3974,""magicDamageDoneToChampions"":1887,""magicDamageTaken"":2164'"
1957,"b',""physicalDamageDone"":4386,""physicalDamageDoneToChampions"":1021,""physicalDamageTaken"":6925,""totalDamageDone"":15414,""totalDamageD'"
1958,"b'oneToChampions"":3529,""totalDamageTaken"":9390,""trueDamageDone"":7052,""trueDamageDoneToChampions"":620,""trueDamageTaken"":300},""goldP'"
1959,"b'erSecond"":30,""jungleMinionsKilled"":0,""level"":8,""minionsKilled"":31,""participantId"":5,""position"":{""x"":7691,""y"":7995},""timeEnemySpe'"
1960,"b'ntControlled"":57692,""totalGold"":4780,""xp"":4331},""6"":{""championStats"":{""abilityHaste"":0,""abilityPower"":52,""armor"":113,""armorPen"":'"
1961,"b'0,""armorPenPercent"":0,""attackDamage"":97,""attackSpeed"":156,""bonusArmorPenPercent"":0,""bonusMagicPenPercent"":0,""ccReduction"":43,""co'"
1962,"b'oldownReduction"":0,""health"":1758,""healthMax"":2090,""healthRegen"":25,""lifesteal"":0,""magicPen"":0,""magicPenPercent"":0,""magicResist"":'"
1963,"b'116,""movementSpeed"":427,""omnivamp"":0,""physicalVamp"":0,""power"":550,""powerMax"":709,""powerRegen"":22,""spellVamp"":0},""currentGold"":13'"
1964,"b'0,""damageStats"":{""magicDamageDone"":30721,""magicDamageDoneToChampions"":2407,""magicDamageTaken"":5199,""physicalDamageDone"":16085,""p'"
1965,"b'hysicalDamageDoneToChampions"":915,""physicalDamageTaken"":2712,""totalDamageDone"":46807,""totalDamageDoneToChampions"":3322,""totalDam'"
1966,"b'ageTaken"":8356,""trueDamageDone"":0,""trueDamageDoneToChampions"":0,""trueDamageTaken"":444},""goldPerSecond"":0,""jungleMinionsKilled"":0'"
1967,"b',""level"":11,""minionsKilled"":129,""participantId"":6,""position"":{""x"":13632,""y"":4382},""timeEnemySpentControlled"":990499,""totalGold"":'"
1968,"b'5615,""xp"":7975},""7"":{""championStats"":{""abilityHaste"":0,""abilityPower"":142,""armor"":76,""armorPen"":0,""armorPenPercent"":0,""attackDam'"
1969,"b'age"":85,""attackSpeed"":134,""bonusArmorPenPercent"":0,""bonusMagicPenPercent"":0,""ccReduction"":6,""cooldownReduction"":0,""health"":1617,'"
1970,"b'""healthMax"":1793,""healthRegen"":21,""lifesteal"":0,""magicPen"":7,""magicPenPercent"":0,""magicResist"":40,""movementSpeed"":496,""omnivamp""'"
1971,"b':0,""physicalVamp"":0,""power"":618,""powerMax"":643,""powerRegen"":147,""spellVamp"":0},""currentGold"":697,""damageStats"":{""magicDamageDone'"
1972,"b'"":73285,""magicDamageDoneToChampions"":3504,""magicDamageTaken"":4257,""physicalDamageDone"":13484,""physicalDamageDoneToChampions"":294'"
1973,"b',""physicalDamageTaken"":10776,""totalDamageDone"":113697,""totalDamageDoneToChampions"":4018,""totalDamageTaken"":15258,""trueDamageDone'"
1974,"b'"":26927,""trueDamageDoneToChampions"":220,""trueDamageTaken"":225},""goldPerSecond"":0,""jungleMinionsKilled"":111,""level"":10,""minionsKi'"
1975,"b'lled"":7,""participantId"":7,""position"":{""x"":10944,""y"":4621},""timeEnemySpentControlled"":100146,""totalGold"":5987,""xp"":6867},""8"":{""ch'"
1976,"b'ampionStats"":{""abilityHaste"":0,""abilityPower"":0,""armor"":78,""armorPen"":0,""armorPenPercent"":0,""attackDamage"":234,""attackSpeed"":132'"
1977,"b',""bonusArmorPenPercent"":0,""bonusMagicPenPercent"":0,""ccReduction"":6,""cooldownReduction"":0,""health"":1490,""healthMax"":1628,""healthR'"
1978,"b'egen"":26,""lifesteal"":10,""magicPen"":0,""magicPenPercent"":0,""magicResist"":57,""movementSpeed"":400,""omnivamp"":0,""physicalVamp"":0,""pow'"
1979,"b'er"":120,""powerMax"":200,""powerRegen"":100,""spellVamp"":0},""currentGold"":1893,""damageStats"":{""magicDamageDone"":4336,""magicDamageDone'"
1980,"b'ToChampions"":355,""magicDamageTaken"":3520,""physicalDamageDone"":74462,""physicalDamageDoneToChampions"":4454,""physicalDamageTaken"":7'"
1981,"b'87,""totalDamageDone"":79066,""totalDamageDoneToChampions"":5077,""totalDamageTaken"":4307,""trueDamageDone"":267,""trueDamageDoneToChamp'"
1982,"b'ions"":267,""trueDamageTaken"":0},""goldPerSecond"":0,""jungleMinionsKilled"":0,""level"":12,""minionsKilled"":158,""participantId"":8,""posit'"
1983,"b'ion"":{""x"":1395,""y"":11309},""timeEnemySpentControlled"":93595,""totalGold"":7278,""xp"":9041},""9"":{""championStats"":{""abilityHaste"":0,""a'"
1984,"b'bilityPower"":0,""armor"":66,""armorPen"":0,""armorPenPercent"":0,""attackDamage"":200,""attackSpeed"":165,""bonusArmorPenPercent"":0,""bonusM'"
1985,"b'agicPenPercent"":0,""ccReduction"":6,""cooldownReduction"":0,""health"":345,""healthMax"":1495,""healthRegen"":17,""lifesteal"":4,""magicPen"":'"
1986,"b'0,""magicPenPercent"":0,""magicResist"":40,""movementSpeed"":370,""omnivamp"":2,""physicalVamp"":0,""power"":616,""powerMax"":772,""powerRegen""'"
1987,"b':26,""spellVamp"":0},""currentGold"":456,""damageStats"":{""magicDamageDone"":1478,""magicDamageDoneToChampions"":947,""magicDamageTaken"":1'"
1988,"b'992,""physicalDamageDone"":49737,""physicalDamageDoneToChampions"":10900,""physicalDamageTaken"":5385,""totalDamageDone"":51446,""totalDa'"
1989,"b'mageDoneToChampions"":11848,""totalDamageTaken"":7597,""trueDamageDone"":230,""trueDamageDoneToChampions"":0,""trueDamageTaken"":219},""go'"
1990,"b'ldPerSecond"":0,""jungleMinionsKilled"":0,""level"":10,""minionsKilled"":143,""participantId"":9,""position"":{""x"":9510,""y"":9262},""timeEnem'"
1991,"b'ySpentControlled"":26095,""totalGold"":7056,""xp"":6579},""10"":{""championStats"":{""abilityHaste"":0,""abilityPower"":10,""armor"":87,""armorP'"
1992,"b'en"":0,""armorPenPercent"":0,""attackDamage"":72,""attackSpeed"":108,""bonusArmorPenPercent"":0,""bonusMagicPenPercent"":0,""ccReduction"":6,'"
1993,"b'""cooldownReduction"":0,""health"":1660,""healthMax"":1660,""healthRegen"":43,""lifesteal"":0,""magicPen"":0,""magicPenPercent"":0,""magicResis'"
1994,"b't"":65,""movementSpeed"":389,""omnivamp"":0,""physicalVamp"":0,""power"":503,""powerMax"":609,""powerRegen"":16,""spellVamp"":0},""currentGold"":'"
1995,"b'575,""damageStats"":{""magicDamageDone"":2763,""magicDamageDoneToChampions"":1210,""magicDamageTaken"":2844,""physicalDamageDone"":3334,""p'"
1996,"b'hysicalDamageDoneToChampions"":553,""physicalDamageTaken"":4375,""totalDamageDone"":10772,""totalDamageDoneToChampions"":2302,""totalDam'"
1997,"b'ageTaken"":7508,""trueDamageDone"":4673,""trueDamageDoneToChampions"":537,""trueDamageTaken"":288},""goldPerSecond"":30,""jungleMinionsKil'"
1998,"b'led"":0,""level"":8,""minionsKilled"":25,""participantId"":10,""position"":{""x"":7441,""y"":9666},""timeEnemySpentControlled"":116512,""totalGo'"
1999,"b'ld"":4225,""xp"":4456}},""timestamp"":1020274},{""events"":[{""level"":12,""participantId"":1,""timestamp"":1024007,""type"":""LEVEL_UP""},{""leve'"
2000,"b'lUpType"":""NORMAL"",""participantId"":1,""skillSlot"":3,""timestamp"":1025774,""type"":""SKILL_LEVEL_UP""},{""assistingParticipantIds"":[10],""'"
2001,"b'bounty"":274,""killStreakLength"":1,""killerId"":7,""position"":{""x"":8811,""y"":5808},""shutdownBounty"":0,""timestamp"":1026709,""type"":""CHAM'"
2002,"b'PION_KILL"",""victimDamageReceived"":[{""basic"":false,""magicDamage"":101,""name"":""Nidalee"",""participantId"":7,""physicalDamage"":0,""spell'"
2003,"b'Name"":"""",""spellSlot"":-1,""trueDamage"":0,""type"":""OTHER""},{""basic"":false,""magicDamage"":53,""name"":""Nidalee"",""participantId"":7,""physi'"
2004,"b'calDamage"":0,""spellName"":"""",""spellSlot"":-1,""trueDamage"":0,""type"":""OTHER""},{""basic"":false,""magicDamage"":153,""name"":""Nidalee"",""par'"
2005,"b'ticipantId"":7,""physicalDamage"":0,""spellName"":""javelintoss"",""spellSlot"":0,""trueDamage"":0,""type"":""OTHER""}],""victimId"":5},{""creator'"
2006,"b'Id"":9,""timestamp"":1027274,""type"":""WARD_PLACED"",""wardType"":""BLUE_TRINKET""},{""creatorId"":7,""timestamp"":1029370,""type"":""WARD_PLACED'"
2007,"b'"",""wardType"":""UNDEFINED""},{""itemId"":3134,""participantId"":8,""timestamp"":1034845,""type"":""ITEM_DESTROYED""},{""itemId"":6691,""particip'"
2008,"b'antId"":8,""timestamp"":1034845,""type"":""ITEM_PURCHASED""},{""creatorId"":10,""timestamp"":1039658,""type"":""WARD_PLACED"",""wardType"":""SIGHT'"
2009,"b'_WARD""},{""assistingParticipantIds"":[6,7,8,10],""bounty"":300,""killStreakLength"":3,""killerId"":9,""position"":{""x"":8922,""y"":8068},""shu'"
2010,"b'tdownBounty"":0,""timestamp"":1043826,""type"":""CHAMPION_KILL"",""victimDamageDealt"":[{""basic"":false,""magicDamage"":0,""name"":""Ezreal"",""p'"
2011,"b'articipantId"":6,""physicalDamage"":76,""spellName"":"""",""spellSlot"":-1,""trueDamage"":0,""type"":""OTHER""},{""basic"":false,""magicDamage"":0,'"
2012,"b'""name"":""Ezreal"",""participantId"":6,""physicalDamage"":279,""spellName"":""ezrealq"",""spellSlot"":0,""trueDamage"":0,""type"":""OTHER""},{""basi'"
2013,"b'c"":false,""magicDamage"":0,""name"":""Ezreal"",""participantId"":6,""physicalDamage"":0,""spellName"":"""",""spellSlot"":-1,""trueDamage"":0,""type'"
2014,"b'"":""OTHER""},{""basic"":true,""magicDamage"":0,""name"":""Ezreal"",""participantId"":6,""physicalDamage"":77,""spellName"":""ezrealbasicattack"",""'"
2015,"b'spellSlot"":64,""trueDamage"":0,""type"":""OTHER""},{""basic"":false,""magicDamage"":58,""name"":""Ezreal"",""participantId"":6,""physicalDamage"":'"
2016,"b'0,""spellName"":""ezrealw"",""spellSlot"":1,""trueDamage"":0,""type"":""OTHER""},{""basic"":false,""magicDamage"":0,""name"":""Ezreal"",""participant'"
2017,"b'Id"":8,""physicalDamage"":107,""spellName"":"""",""spellSlot"":-1,""trueDamage"":0,""type"":""OTHER""},{""basic"":true,""magicDamage"":0,""name"":""Ez'"
2018,"b'real"",""participantId"":8,""physicalDamage"":195,""spellName"":""ezrealbasicattack"",""spellSlot"":64,""trueDamage"":0,""type"":""OTHER""}],""vic'"
2019,"b'timDamageReceived"":[{""basic"":false,""magicDamage"":103,""name"":""Nidalee"",""participantId"":7,""physicalDamage"":0,""spellName"":"""",""spell'"
2020,"b'Slot"":-1,""trueDamage"":70,""type"":""OTHER""},{""basic"":false,""magicDamage"":48,""name"":""Nidalee"",""participantId"":7,""physicalDamage"":0,""'"
2021,"b'spellName"":""bushwhack"",""spellSlot"":1,""trueDamage"":0,""type"":""OTHER""},{""basic"":true,""magicDamage"":0,""name"":""Udyr"",""participantId"":'"
2022,"b'6,""physicalDamage"":58,""spellName"":""udyrr"",""spellSlot"":3,""trueDamage"":0,""type"":""OTHER""},{""basic"":false,""magicDamage"":163,""name"":""'"
2023,"b'Udyr"",""participantId"":6,""physicalDamage"":0,""spellName"":""udyrr"",""spellSlot"":3,""trueDamage"":0,""type"":""OTHER""},{""basic"":false,""magi'"
2024,"b'cDamage"":52,""name"":""Udyr"",""participantId"":6,""physicalDamage"":0,""spellName"":"""",""spellSlot"":-1,""trueDamage"":0,""type"":""OTHER""},{""ba'"
2025,"b'sic"":false,""magicDamage"":0,""name"":""Zed"",""participantId"":8,""physicalDamage"":160,""spellName"":""zedw"",""spellSlot"":1,""trueDamage"":112'"
2026,"b',""type"":""OTHER""},{""basic"":false,""magicDamage"":0,""name"":""Zed"",""participantId"":8,""physicalDamage"":571,""spellName"":""zedq"",""spellSlo'"
2027,"b't"":0,""trueDamage"":0,""type"":""OTHER""},{""basic"":false,""magicDamage"":117,""name"":""Zed"",""participantId"":8,""physicalDamage"":0,""spellNam'"
2028,"b'e"":""zedpassive"",""spellSlot"":63,""trueDamage"":0,""type"":""OTHER""},{""basic"":false,""magicDamage"":23,""name"":""Zed"",""participantId"":8,""ph'"
2029,"b'ysicalDamage"":0,""spellName"":"""",""spellSlot"":-1,""trueDamage"":0,""type"":""OTHER""},{""basic"":true,""magicDamage"":0,""name"":""Zed"",""partici'"
2030,"b'pantId"":8,""physicalDamage"":175,""spellName"":""zedbasicattack"",""spellSlot"":64,""trueDamage"":0,""type"":""OTHER""},{""basic"":false,""magicD'"
2031,"b'amage"":56,""name"":""Lucian"",""participantId"":9,""physicalDamage"":0,""spellName"":""lucianw"",""spellSlot"":1,""trueDamage"":0,""type"":""OTHER""'"
2032,"b'},{""basic"":true,""magicDamage"":0,""name"":""Lucian"",""participantId"":9,""physicalDamage"":127,""spellName"":""lucianpassive"",""spellSlot"":6'"
2033,"b'3,""trueDamage"":0,""type"":""OTHER""},{""basic"":false,""magicDamage"":30,""name"":""Lucian"",""participantId"":9,""physicalDamage"":0,""spellName'"
2034,"b'"":""lucianpassive"",""spellSlot"":63,""trueDamage"":0,""type"":""OTHER""},{""basic"":true,""magicDamage"":0,""name"":""SRU_ChaosMinionMelee"",""par'"
2035,"b'ticipantId"":0,""physicalDamage"":9,""spellName"":""sru_chaosminionmeleebasicattack"",""spellSlot"":64,""trueDamage"":0,""type"":""MINION""}],""'"
2036,"b'victimId"":4},{""itemId"":1036,""participantId"":2,""timestamp"":1043959,""type"":""ITEM_PURCHASED""},{""itemId"":1036,""participantId"":2,""tim'"
2037,"b'estamp"":1044094,""type"":""ITEM_PURCHASED""},{""itemId"":2055,""participantId"":2,""timestamp"":1044494,""type"":""ITEM_PURCHASED""},{""assisti'"
2038,"b'ngParticipantIds"":[3],""bounty"":300,""killStreakLength"":0,""killerId"":1,""position"":{""x"":8824,""y"":6346},""shutdownBounty"":150,""timest'"
2039,"b'amp"":1049394,""type"":""CHAMPION_KILL"",""victimDamageReceived"":[{""basic"":false,""magicDamage"":40,""name"":""Rumble"",""participantId"":1,""p'"
2040,"b'hysicalDamage"":0,""spellName"":"""",""spellSlot"":-1,""trueDamage"":0,""type"":""OTHER""},{""basic"":false,""magicDamage"":383,""name"":""Rumble"",""'"
2041,"b'participantId"":1,""physicalDamage"":0,""spellName"":""rumblecarpetbomb"",""spellSlot"":3,""trueDamage"":0,""type"":""OTHER""}],""victimId"":7},{'"
2042,"b'""level"":11,""participantId"":9,""timestamp"":1051064,""type"":""LEVEL_UP""},{""itemId"":2422,""participantId"":4,""timestamp"":1053205,""type"":'"
2043,"b'""ITEM_DESTROYED""},{""itemId"":3158,""participantId"":4,""timestamp"":1053205,""type"":""ITEM_PURCHASED""},{""killerId"":6,""timestamp"":105330'"
2044,"b'6,""type"":""WARD_KILL"",""wardType"":""CONTROL_WARD""},{""itemId"":2031,""participantId"":4,""timestamp"":1053638,""type"":""ITEM_SOLD""},{""itemI'"
2045,"b'd"":1036,""participantId"":4,""timestamp"":1054171,""type"":""ITEM_PURCHASED""},{""itemId"":2031,""participantId"":5,""timestamp"":1055244,""typ'"
2046,"b'e"":""ITEM_SOLD""},{""itemId"":1028,""participantId"":5,""timestamp"":1056709,""type"":""ITEM_PURCHASED""},{""itemId"":3802,""participantId"":3,""'"
2047,"b'timestamp"":1057475,""type"":""ITEM_DESTROYED""},{""itemId"":1026,""participantId"":3,""timestamp"":1057475,""type"":""ITEM_DESTROYED""},{""item'"
2048,"b'Id"":6655,""participantId"":3,""timestamp"":1057475,""type"":""ITEM_PURCHASED""},{""itemId"":2055,""participantId"":5,""timestamp"":1057608,""ty'"
2049,"b'pe"":""ITEM_PURCHASED""},{""itemId"":3859,""participantId"":10,""timestamp"":1059537,""type"":""ITEM_DESTROYED""},{""itemId"":2055,""participant'"
2050,"b'Id"":10,""timestamp"":1059737,""type"":""ITEM_DESTROYED""},{""creatorId"":10,""timestamp"":1059737,""type"":""WARD_PLACED"",""wardType"":""CONTROL'"
2051,"b'_WARD""},{""itemId"":3340,""participantId"":3,""timestamp"":1060171,""type"":""ITEM_DESTROYED""},{""itemId"":3363,""participantId"":3,""timestam'"
2052,"b'p"":1060171,""type"":""ITEM_PURCHASED""},{""levelUpType"":""NORMAL"",""participantId"":9,""skillSlot"":4,""timestamp"":1060304,""type"":""SKILL_LE'"
2053,"b'VEL_UP""},{""itemId"":1082,""participantId"":3,""timestamp"":1061866,""type"":""ITEM_PURCHASED""},{""creatorId"":8,""timestamp"":1063142,""type""'"
2054,"b':""WARD_PLACED"",""wardType"":""BLUE_TRINKET""},{""itemId"":2055,""participantId"":2,""timestamp"":1063241,""type"":""ITEM_DESTROYED""},{""creato'"
2055,"b'rId"":2,""timestamp"":1063241,""type"":""WARD_PLACED"",""wardType"":""CONTROL_WARD""},{""itemId"":4632,""participantId"":7,""timestamp"":1063942,'"
2056,"b'""type"":""ITEM_PURCHASED""},{""itemId"":1038,""participantId"":9,""timestamp"":1064207,""type"":""ITEM_DESTROYED""},{""itemId"":3133,""participa'"
2057,"b'ntId"":9,""timestamp"":1064207,""type"":""ITEM_DESTROYED""},{""itemId"":1018,""participantId"":9,""timestamp"":1064207,""type"":""ITEM_DESTROYED'"
2058,"b'""},{""itemId"":6675,""participantId"":9,""timestamp"":1064207,""type"":""ITEM_PURCHASED""},{""itemId"":2055,""participantId"":7,""timestamp"":10'"
2059,"b'65175,""type"":""ITEM_PURCHASED""},{""itemId"":2422,""participantId"":9,""timestamp"":1065475,""type"":""ITEM_DESTROYED""},{""itemId"":3158,""par'"
2060,"b'ticipantId"":9,""timestamp"":1065475,""type"":""ITEM_PURCHASED""},{""level"":12,""participantId"":3,""timestamp"":1066507,""type"":""LEVEL_UP""},'"
2061,"b'{""levelUpType"":""NORMAL"",""participantId"":3,""skillSlot"":3,""timestamp"":1067542,""type"":""SKILL_LEVEL_UP""},{""killerId"":2,""timestamp"":1'"
2062,"b'070340,""type"":""WARD_KILL"",""wardType"":""CONTROL_WARD""},{""itemId"":2055,""participantId"":10,""timestamp"":1072076,""type"":""ITEM_SOLD""},{'"
2063,"b'""killerId"":1,""timestamp"":1076213,""type"":""WARD_KILL"",""wardType"":""BLUE_TRINKET""},{""itemId"":2055,""participantId"":5,""timestamp"":1079'"
2064,"b'279,""type"":""ITEM_DESTROYED""},{""creatorId"":5,""timestamp"":1079279,""type"":""WARD_PLACED"",""wardType"":""CONTROL_WARD""},{""itemId"":1033,""'"
2065,"b'participantId"":10,""timestamp"":1079478,""type"":""ITEM_DESTROYED""},{""itemId"":1029,""participantId"":10,""timestamp"":1079478,""type"":""ITE'"
2066,"b'M_DESTROYED""},{""itemId"":1011,""participantId"":10,""timestamp"":1079478,""type"":""ITEM_DESTROYED""},{""itemId"":6667,""participantId"":10,""'"
2067,"b'timestamp"":1079478,""type"":""ITEM_PURCHASED""}],""participantFrames"":{""1"":{""championStats"":{""abilityHaste"":0,""abilityPower"":146,""arm'"
2068,"b'or"":82,""armorPen"":0,""armorPenPercent"":0,""attackDamage"":92,""attackSpeed"":118,""bonusArmorPenPercent"":0,""bonusMagicPenPercent"":0,""c'"
2069,"b'cReduction"":14,""cooldownReduction"":0,""health"":1366,""healthMax"":2078,""healthRegen"":25,""lifesteal"":0,""magicPen"":0,""magicPenPercent'"
2070,"b'"":0,""magicResist"":51,""movementSpeed"":477,""omnivamp"":0,""physicalVamp"":0,""power"":110,""powerMax"":150,""powerRegen"":0,""spellVamp"":0},'"
2071,"b'""currentGold"":1016,""damageStats"":{""magicDamageDone"":57975,""magicDamageDoneToChampions"":6797,""magicDamageTaken"":1939,""physicalDam'"
2072,"b'ageDone"":8474,""physicalDamageDoneToChampions"":46,""physicalDamageTaken"":2752,""totalDamageDone"":66876,""totalDamageDoneToChampions""'"
2073,"b':7270,""totalDamageTaken"":4726,""trueDamageDone"":426,""trueDamageDoneToChampions"":426,""trueDamageTaken"":35},""goldPerSecond"":0,""jung'"
2074,"b'leMinionsKilled"":0,""level"":12,""minionsKilled"":160,""participantId"":1,""position"":{""x"":10984,""y"":4266},""timeEnemySpentControlled"":1'"
2075,"b'57721,""totalGold"":6301,""xp"":9296},""2"":{""championStats"":{""abilityHaste"":0,""abilityPower"":0,""armor"":69,""armorPen"":0,""armorPenPerce'"
2076,"b'nt"":0,""attackDamage"":148,""attackSpeed"":209,""bonusArmorPenPercent"":0,""bonusMagicPenPercent"":0,""ccReduction"":0,""cooldownReduction""'"
2077,"b':0,""health"":901,""healthMax"":1277,""healthRegen"":20,""lifesteal"":0,""magicPen"":0,""magicPenPercent"":0,""magicResist"":45,""movementSpeed'"
2078,"b'"":400,""omnivamp"":0,""physicalVamp"":0,""power"":0,""powerMax"":180,""powerRegen"":0,""spellVamp"":0},""currentGold"":242,""damageStats"":{""mag'"
2079,"b'icDamageDone"":13783,""magicDamageDoneToChampions"":561,""magicDamageTaken"":2599,""physicalDamageDone"":75399,""physicalDamageDoneToCha'"
2080,"b'mpions"":1847,""physicalDamageTaken"":10520,""totalDamageDone"":110406,""totalDamageDoneToChampions"":2540,""totalDamageTaken"":13415,""tr'"
2081,"b'ueDamageDone"":21223,""trueDamageDoneToChampions"":131,""trueDamageTaken"":296},""goldPerSecond"":0,""jungleMinionsKilled"":96,""level"":9,'"
2082,"b'""minionsKilled"":7,""participantId"":2,""position"":{""x"":10526,""y"":4545},""timeEnemySpentControlled"":291220,""totalGold"":5737,""xp"":5900'"
2083,"b'},""3"":{""championStats"":{""abilityHaste"":0,""abilityPower"":119,""armor"":70,""armorPen"":0,""armorPenPercent"":0,""attackDamage"":90,""attac'"
2084,"b'kSpeed"":123,""bonusArmorPenPercent"":0,""bonusMagicPenPercent"":0,""ccReduction"":0,""cooldownReduction"":0,""health"":1766,""healthMax"":18'"
2085,"b'17,""healthRegen"":109,""lifesteal"":0,""magicPen"":24,""magicPenPercent"":0,""magicResist"":42,""movementSpeed"":375,""omnivamp"":0,""physical'"
2086,"b'Vamp"":0,""power"":1964,""powerMax"":2182,""powerRegen"":31,""spellVamp"":0},""currentGold"":259,""damageStats"":{""magicDamageDone"":68820,""ma'"
2087,"b'gicDamageDoneToChampions"":6532,""magicDamageTaken"":1997,""physicalDamageDone"":6054,""physicalDamageDoneToChampions"":91,""physicalDam'"
2088,"b'ageTaken"":3557,""totalDamageDone"":76782,""totalDamageDoneToChampions"":6624,""totalDamageTaken"":5771,""trueDamageDone"":1907,""trueDama'"
2089,"b'geDoneToChampions"":0,""trueDamageTaken"":216},""goldPerSecond"":0,""jungleMinionsKilled"":0,""level"":12,""minionsKilled"":160,""participan'"
2090,"b'tId"":3,""position"":{""x"":11248,""y"":3519},""timeEnemySpentControlled"":288783,""totalGold"":6109,""xp"":8947},""4"":{""championStats"":{""abil'"
2091,"b'ityHaste"":0,""abilityPower"":0,""armor"":66,""armorPen"":0,""armorPenPercent"":0,""attackDamage"":169,""attackSpeed"":162,""bonusArmorPenPerc'"
2092,"b'ent"":0,""bonusMagicPenPercent"":0,""ccReduction"":0,""cooldownReduction"":0,""health"":1769,""healthMax"":1769,""healthRegen"":18,""lifesteal'"
2093,"b'"":3,""magicPen"":0,""magicPenPercent"":0,""magicResist"":40,""movementSpeed"":542,""omnivamp"":2,""physicalVamp"":0,""power"":1636,""powerMax"":'"
2094,"b'1636,""powerRegen"":32,""spellVamp"":0},""currentGold"":137,""damageStats"":{""magicDamageDone"":2959,""magicDamageDoneToChampions"":2532,""m'"
2095,"b'agicDamageTaken"":1513,""physicalDamageDone"":63674,""physicalDamageDoneToChampions"":7136,""physicalDamageTaken"":6741,""totalDamageDon'"
2096,"b'e"":70328,""totalDamageDoneToChampions"":9669,""totalDamageTaken"":8716,""trueDamageDone"":3695,""trueDamageDoneToChampions"":0,""trueDama'"
2097,"b'geTaken"":461},""goldPerSecond"":0,""jungleMinionsKilled"":0,""level"":10,""minionsKilled"":158,""participantId"":4,""position"":{""x"":2317,""y'"
2098,"b'"":1306},""timeEnemySpentControlled"":798,""totalGold"":6625,""xp"":6520},""5"":{""championStats"":{""abilityHaste"":0,""abilityPower"":70,""arm'"
2099,"b'or"":64,""armorPen"":0,""armorPenPercent"":0,""attackDamage"":82,""attackSpeed"":117,""bonusArmorPenPercent"":0,""bonusMagicPenPercent"":0,""c'"
2100,"b'cReduction"":0,""cooldownReduction"":0,""health"":1631,""healthMax"":1631,""healthRegen"":27,""lifesteal"":0,""magicPen"":0,""magicPenPercent""'"
2101,"b':0,""magicResist"":43,""movementSpeed"":406,""omnivamp"":0,""physicalVamp"":0,""power"":603,""powerMax"":603,""powerRegen"":46,""spellVamp"":0},'"
2102,"b'""currentGold"":304,""damageStats"":{""magicDamageDone"":3974,""magicDamageDoneToChampions"":1887,""magicDamageTaken"":2473,""physicalDamag'"
2103,"b'eDone"":4386,""physicalDamageDoneToChampions"":1021,""physicalDamageTaken"":6925,""totalDamageDone"":15414,""totalDamageDoneToChampions""'"
2104,"b':3529,""totalDamageTaken"":9699,""trueDamageDone"":7052,""trueDamageDoneToChampions"":620,""trueDamageTaken"":300},""goldPerSecond"":30,""j'"
2105,"b'ungleMinionsKilled"":0,""level"":8,""minionsKilled"":32,""participantId"":5,""position"":{""x"":9263,""y"":5527},""timeEnemySpentControlled"":5'"
2106,"b'7692,""totalGold"":4934,""xp"":4331},""6"":{""championStats"":{""abilityHaste"":0,""abilityPower"":56,""armor"":113,""armorPen"":0,""armorPenPerc'"
2107,"b'ent"":0,""attackDamage"":97,""attackSpeed"":126,""bonusArmorPenPercent"":0,""bonusMagicPenPercent"":0,""ccReduction"":44,""cooldownReduction'"
2108,"b'"":0,""health"":1385,""healthMax"":2097,""healthRegen"":25,""lifesteal"":0,""magicPen"":0,""magicPenPercent"":0,""magicResist"":116,""movementSp'"
2109,"b'eed"":395,""omnivamp"":0,""physicalVamp"":0,""power"":316,""powerMax"":709,""powerRegen"":22,""spellVamp"":0},""currentGold"":368,""damageStats""'"
2110,"b':{""magicDamageDone"":31837,""magicDamageDoneToChampions"":2623,""magicDamageTaken"":5641,""physicalDamageDone"":16571,""physicalDamageDo'"
2111,"b'neToChampions"":973,""physicalDamageTaken"":3158,""totalDamageDone"":48408,""totalDamageDoneToChampions"":3596,""totalDamageTaken"":9245,'"
2112,"b'""trueDamageDone"":0,""trueDamageDoneToChampions"":0,""trueDamageTaken"":444},""goldPerSecond"":0,""jungleMinionsKilled"":0,""level"":11,""mi'"
2113,"b'nionsKilled"":132,""participantId"":6,""position"":{""x"":12361,""y"":3273},""timeEnemySpentControlled"":1013486,""totalGold"":5858,""xp"":8529'"
2114,"b'},""7"":{""championStats"":{""abilityHaste"":0,""abilityPower"":158,""armor"":76,""armorPen"":0,""armorPenPercent"":0,""attackDamage"":85,""attac'"
2115,"b'kSpeed"":134,""bonusArmorPenPercent"":0,""bonusMagicPenPercent"":0,""ccReduction"":6,""cooldownReduction"":0,""health"":0,""healthMax"":1793,'"
2116,"b'""healthRegen"":21,""lifesteal"":0,""magicPen"":0,""magicPenPercent"":0,""magicResist"":65,""movementSpeed"":427,""omnivamp"":0,""physicalVamp""'"
2117,"b':0,""power"":513,""powerMax"":643,""powerRegen"":60,""spellVamp"":0},""currentGold"":57,""damageStats"":{""magicDamageDone"":74281,""magicDamag'"
2118,"b'eDoneToChampions"":4500,""magicDamageTaken"":6228,""physicalDamageDone"":13484,""physicalDamageDoneToChampions"":294,""physicalDamageTak'"
2119,"b'en"":11019,""totalDamageDone"":114797,""totalDamageDoneToChampions"":5118,""totalDamageTaken"":17472,""trueDamageDone"":27031,""trueDamage'"
2120,"b'DoneToChampions"":324,""trueDamageTaken"":225},""goldPerSecond"":0,""jungleMinionsKilled"":111,""level"":10,""minionsKilled"":7,""participan'"
2121,"b'tId"":7,""position"":{""x"":8824,""y"":6346},""timeEnemySpentControlled"":106599,""totalGold"":6422,""xp"":7102},""8"":{""championStats"":{""abili'"
2122,"b'tyHaste"":0,""abilityPower"":0,""armor"":78,""armorPen"":0,""armorPenPercent"":0,""attackDamage"":264,""attackSpeed"":132,""bonusArmorPenPerce'"
2123,"b'nt"":0,""bonusMagicPenPercent"":0,""ccReduction"":6,""cooldownReduction"":0,""health"":1542,""healthMax"":1628,""healthRegen"":26,""lifesteal""'"
2124,"b':10,""magicPen"":0,""magicPenPercent"":0,""magicResist"":57,""movementSpeed"":405,""omnivamp"":0,""physicalVamp"":0,""power"":133,""powerMax"":2'"
2125,"b'00,""powerRegen"":170,""spellVamp"":0},""currentGold"":334,""damageStats"":{""magicDamageDone"":4522,""magicDamageDoneToChampions"":540,""mag'"
2126,"b'icDamageTaken"":3520,""physicalDamageDone"":80816,""physicalDamageDoneToChampions"":6236,""physicalDamageTaken"":1151,""totalDamageDone""'"
2127,"b':85787,""totalDamageDoneToChampions"":7225,""totalDamageTaken"":4672,""trueDamageDone"":448,""trueDamageDoneToChampions"":448,""trueDamag'"
2128,"b'eTaken"":0},""goldPerSecond"":0,""jungleMinionsKilled"":0,""level"":12,""minionsKilled"":165,""participantId"":8,""position"":{""x"":11938,""y"":'"
2129,"b'5240},""timeEnemySpentControlled"":105465,""totalGold"":7719,""xp"":9538},""9"":{""championStats"":{""abilityHaste"":0,""abilityPower"":0,""arm'"
2130,"b'or"":70,""armorPen"":0,""armorPenPercent"":0,""attackDamage"":208,""attackSpeed"":168,""bonusArmorPenPercent"":0,""bonusMagicPenPercent"":0,""'"
2131,"b'ccReduction"":6,""cooldownReduction"":0,""health"":1683,""healthMax"":1683,""healthRegen"":18,""lifesteal"":5,""magicPen"":0,""magicPenPercent'"
2132,"b'"":0,""magicResist"":41,""movementSpeed"":390,""omnivamp"":2,""physicalVamp"":0,""power"":817,""powerMax"":817,""powerRegen"":28,""spellVamp"":0}'"
2133,"b',""currentGold"":167,""damageStats"":{""magicDamageDone"":1725,""magicDamageDoneToChampions"":1034,""magicDamageTaken"":1992,""physicalDama'"
2134,"b'geDone"":57649,""physicalDamageDoneToChampions"":11028,""physicalDamageTaken"":5385,""totalDamageDone"":59605,""totalDamageDoneToChampio'"
2135,"b'ns"":12063,""totalDamageTaken"":7597,""trueDamageDone"":230,""trueDamageDoneToChampions"":0,""trueDamageTaken"":219},""goldPerSecond"":0,""j'"
2136,"b'ungleMinionsKilled"":0,""level"":11,""minionsKilled"":161,""participantId"":9,""position"":{""x"":12121,""y"":8520},""timeEnemySpentControlled'"
2137,"b'"":26095,""totalGold"":7817,""xp"":7412},""10"":{""championStats"":{""abilityHaste"":0,""abilityPower"":20,""armor"":102,""armorPen"":0,""armorPen'"
2138,"b'Percent"":0,""attackDamage"":72,""attackSpeed"":108,""bonusArmorPenPercent"":0,""bonusMagicPenPercent"":0,""ccReduction"":6,""cooldownReduct'"
2139,"b'ion"":0,""health"":1885,""healthMax"":1885,""healthRegen"":49,""lifesteal"":0,""magicPen"":0,""magicPenPercent"":0,""magicResist"":70,""movement'"
2140,"b'Speed"":586,""omnivamp"":0,""physicalVamp"":0,""power"":609,""powerMax"":609,""powerRegen"":16,""spellVamp"":0},""currentGold"":2,""damageStats""'"
2141,"b':{""magicDamageDone"":3138,""magicDamageDoneToChampions"":1408,""magicDamageTaken"":3613,""physicalDamageDone"":3809,""physicalDamageDone'"
2142,"b'ToChampions"":643,""physicalDamageTaken"":4677,""totalDamageDone"":12861,""totalDamageDoneToChampions"":2589,""totalDamageTaken"":8578,""t'"
2143,"b'rueDamageDone"":5914,""trueDamageDoneToChampions"":537,""trueDamageTaken"":288},""goldPerSecond"":30,""jungleMinionsKilled"":0,""level"":8,'"
2144,"b'""minionsKilled"":28,""participantId"":10,""position"":{""x"":13783,""y"":13224},""timeEnemySpentControlled"":117312,""totalGold"":4672,""xp"":4'"
2145,"b'987}},""timestamp"":1080275},{""events"":[{""level"":10,""participantId"":2,""timestamp"":1097854,""type"":""LEVEL_UP""},{""assistingParticipan'"
2146,"b'tIds"":[1,3,4,5,8,9],""bounty"":0,""killerId"":2,""killerTeamId"":100,""monsterSubType"":""FIRE_DRAGON"",""monsterType"":""DRAGON"",""position"":'"
2147,"b'{""x"":9866,""y"":4416},""timestamp"":1097854,""type"":""ELITE_MONSTER_KILL""},{""assistingParticipantIds"":[9],""bounty"":219,""killStreakLeng'"
2148,"b'th"":2,""killerId"":8,""position"":{""x"":9864,""y"":4416},""shutdownBounty"":0,""timestamp"":1100987,""type"":""CHAMPION_KILL"",""victimDamageDea'"
2149,"b'lt"":[{""basic"":false,""magicDamage"":0,""name"":""Belveth"",""participantId"":9,""physicalDamage"":14,""spellName"":"""",""spellSlot"":-1,""trueDa'"
2150,"b'mage"":0,""type"":""OTHER""},{""basic"":false,""magicDamage"":0,""name"":""Belveth"",""participantId"":9,""physicalDamage"":66,""spellName"":""belve'"
2151,"b'the"",""spellSlot"":2,""trueDamage"":0,""type"":""OTHER""}],""victimDamageReceived"":[{""basic"":false,""magicDamage"":95,""name"":""Zed"",""partici'"
2152,"b'pantId"":8,""physicalDamage"":0,""spellName"":""zedpassive"",""spellSlot"":63,""trueDamage"":0,""type"":""OTHER""},{""basic"":false,""magicDamage""'"
2153,"b':0,""name"":""Zed"",""participantId"":8,""physicalDamage"":347,""spellName"":""zede"",""spellSlot"":2,""trueDamage"":33,""type"":""OTHER""},{""basic""'"
2154,"b':false,""magicDamage"":29,""name"":""Zed"",""participantId"":8,""physicalDamage"":0,""spellName"":"""",""spellSlot"":-1,""trueDamage"":0,""type"":""O'"
2155,"b'THER""},{""basic"":true,""magicDamage"":0,""name"":""Zed"",""participantId"":8,""physicalDamage"":539,""spellName"":""zedbasicattack"",""spellSlot'"
2156,"b'"":64,""trueDamage"":0,""type"":""OTHER""},{""basic"":false,""magicDamage"":0,""name"":""Zed"",""participantId"":8,""physicalDamage"":167,""spellNam'"
2157,"b'e"":""zedw"",""spellSlot"":1,""trueDamage"":0,""type"":""OTHER""},{""basic"":false,""magicDamage"":0,""name"":""Zed"",""participantId"":8,""physicalDa'"
2158,"b'mage"":68,""spellName"":"""",""spellSlot"":-1,""trueDamage"":0,""type"":""OTHER""},{""basic"":false,""magicDamage"":0,""name"":""Zed"",""participantId'"
2159,"b'"":8,""physicalDamage"":0,""spellName"":""zedq"",""spellSlot"":0,""trueDamage"":48,""type"":""OTHER""},{""basic"":true,""magicDamage"":0,""name"":""SR'"
2160,"b'U_Dragon_Fire"",""participantId"":0,""physicalDamage"":509,""spellName"":""sru_dragon_infernal_attack"",""spellSlot"":64,""trueDamage"":0,""ty'"
2161,"b'pe"":""MONSTER""},{""basic"":false,""magicDamage"":0,""name"":""Lucian"",""participantId"":9,""physicalDamage"":69,""spellName"":""lucianq"",""spell'"
2162,"b'Slot"":0,""trueDamage"":0,""type"":""OTHER""},{""basic"":true,""magicDamage"":0,""name"":""Lucian"",""participantId"":9,""physicalDamage"":259,""spe'"
2163,"b'llName"":""lucianpassive"",""spellSlot"":63,""trueDamage"":0,""type"":""OTHER""},{""basic"":false,""magicDamage"":0,""name"":""Lucian"",""participan'"
2164,"b'tId"":9,""physicalDamage"":21,""spellName"":"""",""spellSlot"":-1,""trueDamage"":0,""type"":""OTHER""},{""basic"":false,""magicDamage"":0,""name"":""L'"
2165,"b'ucian"",""participantId"":9,""physicalDamage"":41,""spellName"":""lucianpassiveattack"",""spellSlot"":0,""trueDamage"":0,""type"":""OTHER""},{""ba'"
2166,"b'sic"":false,""magicDamage"":0,""name"":""Lucian"",""participantId"":9,""physicalDamage"":31,""spellName"":"""",""spellSlot"":-1,""trueDamage"":0,""t'"
2167,"b'ype"":""OTHER""}],""victimId"":2},{""level"":12,""participantId"":6,""timestamp"":1100987,""type"":""LEVEL_UP""},{""assistingParticipantIds"":[3,'"
2168,"b'5],""bounty"":300,""killStreakLength"":0,""killerId"":4,""position"":{""x"":8895,""y"":3593},""shutdownBounty"":0,""timestamp"":1101455,""type"":""'"
2169,"b'CHAMPION_KILL"",""victimDamageDealt"":[{""basic"":false,""magicDamage"":136,""name"":""Udyr"",""participantId"":3,""physicalDamage"":0,""spellNa'"
2170,"b'me"":""udyrr"",""spellSlot"":3,""trueDamage"":0,""type"":""OTHER""},{""basic"":true,""magicDamage"":0,""name"":""Udyr"",""participantId"":3,""physical'"
2171,"b'Damage"":57,""spellName"":""udyre"",""spellSlot"":2,""trueDamage"":0,""type"":""OTHER""},{""basic"":false,""magicDamage"":90,""name"":""Udyr"",""parti'"
2172,"b'cipantId"":5,""physicalDamage"":0,""spellName"":""udyrr"",""spellSlot"":3,""trueDamage"":0,""type"":""OTHER""}],""victimDamageReceived"":[{""basic'"
2173,"b'"":false,""magicDamage"":596,""name"":""Taliyah"",""participantId"":3,""physicalDamage"":0,""spellName"":""taliyahq"",""spellSlot"":0,""trueDamage'"
2174,"b'"":0,""type"":""OTHER""},{""basic"":true,""magicDamage"":0,""name"":""Taliyah"",""participantId"":3,""physicalDamage"":76,""spellName"":""taliyahbas'"
2175,"b'icattack"",""spellSlot"":64,""trueDamage"":0,""type"":""OTHER""},{""basic"":false,""magicDamage"":51,""name"":""Taliyah"",""participantId"":3,""phys'"
2176,"b'icalDamage"":0,""spellName"":"""",""spellSlot"":-1,""trueDamage"":0,""type"":""OTHER""},{""basic"":false,""magicDamage"":54,""name"":""Taliyah"",""par'"
2177,"b'ticipantId"":3,""physicalDamage"":0,""spellName"":"""",""spellSlot"":-1,""trueDamage"":0,""type"":""OTHER""},{""basic"":false,""magicDamage"":252,""'"
2178,"b'name"":""Taliyah"",""participantId"":3,""physicalDamage"":0,""spellName"":""taliyahe"",""spellSlot"":2,""trueDamage"":0,""type"":""OTHER""},{""basic'"
2179,"b'"":false,""magicDamage"":0,""name"":""Rakan"",""participantId"":5,""physicalDamage"":0,""spellName"":""summonerdot"",""spellSlot"":4,""trueDamage""'"
2180,"b':126,""type"":""OTHER""},{""basic"":false,""magicDamage"":0,""name"":""Rakan"",""participantId"":5,""physicalDamage"":0,""spellName"":""rakanw"",""sp'"
2181,"b'ellSlot"":1,""trueDamage"":0,""type"":""OTHER""},{""basic"":false,""magicDamage"":48,""name"":""Rakan"",""participantId"":5,""physicalDamage"":0,""s'"
2182,"b'pellName"":""rakanq"",""spellSlot"":0,""trueDamage"":0,""type"":""OTHER""},{""basic"":false,""magicDamage"":0,""name"":""Ezreal"",""participantId"":4'"
2183,"b',""physicalDamage"":0,""spellName"":"""",""spellSlot"":-1,""trueDamage"":0,""type"":""OTHER""},{""basic"":false,""magicDamage"":0,""name"":""Ezreal"",'"
2184,"b'""participantId"":4,""physicalDamage"":328,""spellName"":""ezrealq"",""spellSlot"":0,""trueDamage"":0,""type"":""OTHER""},{""basic"":false,""magicD'"
2185,"b'amage"":0,""name"":""Ezreal"",""participantId"":4,""physicalDamage"":51,""spellName"":"""",""spellSlot"":-1,""trueDamage"":0,""type"":""OTHER""},{""ba'"
2186,"b'sic"":true,""magicDamage"":0,""name"":""Ezreal"",""participantId"":4,""physicalDamage"":166,""spellName"":""ezrealbasicattack"",""spellSlot"":64,'"
2187,"b'""trueDamage"":0,""type"":""OTHER""}],""victimId"":6},{""creatorId"":7,""timestamp"":1105703,""type"":""WARD_PLACED"",""wardType"":""UNDEFINED""},{""'"
2188,"b'killerId"":9,""timestamp"":1109134,""type"":""WARD_KILL"",""wardType"":""CONTROL_WARD""},{""creatorId"":5,""timestamp"":1114231,""type"":""WARD_PL'"
2189,"b'ACED"",""wardType"":""SIGHT_WARD""},{""itemId"":1028,""participantId"":6,""timestamp"":1117239,""type"":""ITEM_PURCHASED""},{""creatorId"":10,""ti'"
2190,"b'mestamp"":1118974,""type"":""WARD_PLACED"",""wardType"":""SIGHT_WARD""},{""creatorId"":3,""timestamp"":1119777,""type"":""WARD_PLACED"",""wardType'"
2191,"b'"":""BLUE_TRINKET""},{""levelUpType"":""NORMAL"",""participantId"":2,""skillSlot"":1,""timestamp"":1120176,""type"":""SKILL_LEVEL_UP""},{""levelUp'"
2192,"b'Type"":""NORMAL"",""participantId"":6,""skillSlot"":2,""timestamp"":1120577,""type"":""SKILL_LEVEL_UP""},{""itemId"":1036,""participantId"":2,""ti'"
2193,"b'mestamp"":1121950,""type"":""ITEM_PURCHASED""},{""killerId"":7,""timestamp"":1122384,""type"":""WARD_KILL"",""wardType"":""SIGHT_WARD""},{""creato'"
2194,"b'rId"":7,""timestamp"":1122950,""type"":""WARD_PLACED"",""wardType"":""UNDEFINED""},{""creatorId"":5,""timestamp"":1126086,""type"":""WARD_PLACED"",'"
2195,"b'""wardType"":""SIGHT_WARD""},{""level"":9,""participantId"":10,""timestamp"":1127253,""type"":""LEVEL_UP""},{""itemId"":3145,""participantId"":1,""'"
2196,"b'timestamp"":1127821,""type"":""ITEM_PURCHASED""},{""level"":13,""participantId"":8,""timestamp"":1128255,""type"":""LEVEL_UP""},{""levelUpType"":'"
2197,"b'""NORMAL"",""participantId"":10,""skillSlot"":3,""timestamp"":1128922,""type"":""SKILL_LEVEL_UP""},{""levelUpType"":""NORMAL"",""participantId"":8'"
2198,"b',""skillSlot"":3,""timestamp"":1129624,""type"":""SKILL_LEVEL_UP""},{""assistingParticipantIds"":[10],""bounty"":274,""killStreakLength"":4,""k'"
2199,"b'illerId"":9,""position"":{""x"":5635,""y"":6454},""shutdownBounty"":0,""timestamp"":1130426,""type"":""CHAMPION_KILL"",""victimDamageReceived"":['"
2200,"b'{""basic"":false,""magicDamage"":0,""name"":""Lucian"",""participantId"":9,""physicalDamage"":0,""spellName"":""burning"",""spellSlot"":-1,""trueDa'"
2201,"b'mage"":26,""type"":""OTHER""},{""basic"":true,""magicDamage"":0,""name"":""Lucian"",""participantId"":9,""physicalDamage"":222,""spellName"":""lucia'"
2202,"b'npassive"",""spellSlot"":63,""trueDamage"":0,""type"":""OTHER""},{""basic"":false,""magicDamage"":0,""name"":""Lucian"",""participantId"":9,""physic'"
2203,"b'alDamage"":74,""spellName"":"""",""spellSlot"":-1,""trueDamage"":0,""type"":""OTHER""},{""basic"":false,""magicDamage"":0,""name"":""Lucian"",""partic'"
2204,"b'ipantId"":9,""physicalDamage"":107,""spellName"":""lucianpassiveattack"",""spellSlot"":0,""trueDamage"":0,""type"":""OTHER""},{""basic"":false,""m'"
2205,"b'agicDamage"":0,""name"":""Lucian"",""participantId"":9,""physicalDamage"":238,""spellName"":""lucianq"",""spellSlot"":0,""trueDamage"":0,""type"":""'"
2206,"b'OTHER""},{""basic"":false,""magicDamage"":0,""name"":""Lucian"",""participantId"":9,""physicalDamage"":113,""spellName"":"""",""spellSlot"":-1,""tru'"
2207,"b'eDamage"":0,""type"":""OTHER""},{""basic"":false,""magicDamage"":0,""name"":""Lucian"",""participantId"":9,""physicalDamage"":238,""spellName"":""lu'"
2208,"b'cianr"",""spellSlot"":3,""trueDamage"":0,""type"":""OTHER""}],""victimId"":5},{""creatorId"":7,""timestamp"":1133195,""type"":""WARD_PLACED"",""ward'"
2209,"b'Type"":""UNDEFINED""},{""itemId"":3859,""participantId"":5,""timestamp"":1136121,""type"":""ITEM_DESTROYED""}],""participantFrames"":{""1"":{""cha'"
2210,"b'mpionStats"":{""abilityHaste"":0,""abilityPower"":204,""armor"":82,""armorPen"":0,""armorPenPercent"":0,""attackDamage"":97,""attackSpeed"":118'"
2211,"b',""bonusArmorPenPercent"":0,""bonusMagicPenPercent"":0,""ccReduction"":5,""cooldownReduction"":0,""health"":2228,""healthMax"":2228,""healthR'"
2212,"b'egen"":25,""lifesteal"":0,""magicPen"":0,""magicPenPercent"":0,""magicResist"":51,""movementSpeed"":477,""omnivamp"":0,""physicalVamp"":0,""powe'"
2213,"b'r"":90,""powerMax"":150,""powerRegen"":0,""spellVamp"":0},""currentGold"":89,""damageStats"":{""magicDamageDone"":60686,""magicDamageDoneToCha'"
2214,"b'mpions"":7158,""magicDamageTaken"":1939,""physicalDamageDone"":8830,""physicalDamageDoneToChampions"":46,""physicalDamageTaken"":2794,""to'"
2215,"b'talDamageDone"":69942,""totalDamageDoneToChampions"":7630,""totalDamageTaken"":4769,""trueDamageDone"":426,""trueDamageDoneToChampions"":'"
2216,"b'426,""trueDamageTaken"":35},""goldPerSecond"":0,""jungleMinionsKilled"":0,""level"":12,""minionsKilled"":160,""participantId"":1,""position"":'"
2217,"b'{""x"":5409,""y"":5068},""timeEnemySpentControlled"":159618,""totalGold"":6424,""xp"":9345},""2"":{""championStats"":{""abilityHaste"":0,""abilit'"
2218,"b'yPower"":0,""armor"":74,""armorPen"":0,""armorPenPercent"":0,""attackDamage"":163,""attackSpeed"":176,""bonusArmorPenPercent"":0,""bonusMagicP'"
2219,"b'enPercent"":0,""ccReduction"":0,""cooldownReduction"":0,""health"":1376,""healthMax"":1376,""healthRegen"":21,""lifesteal"":0,""magicPen"":0,""m'"
2220,"b'agicPenPercent"":0,""magicResist"":47,""movementSpeed"":524,""omnivamp"":0,""physicalVamp"":0,""power"":0,""powerMax"":180,""powerRegen"":0,""sp'"
2221,"b'ellVamp"":0},""currentGold"":60,""damageStats"":{""magicDamageDone"":14001,""magicDamageDoneToChampions"":561,""magicDamageTaken"":2701,""ph'"
2222,"b'ysicalDamageDone"":79901,""physicalDamageDoneToChampions"":1928,""physicalDamageTaken"":12252,""totalDamageDone"":117273,""totalDamageDo'"
2223,"b'neToChampions"":2621,""totalDamageTaken"":15298,""trueDamageDone"":23371,""trueDamageDoneToChampions"":131,""trueDamageTaken"":344},""gold'"
2224,"b'PerSecond"":0,""jungleMinionsKilled"":100,""level"":10,""minionsKilled"":7,""participantId"":2,""position"":{""x"":1970,""y"":3540},""timeEnemyS'"
2225,"b'pentControlled"":291955,""totalGold"":5905,""xp"":6351},""3"":{""championStats"":{""abilityHaste"":0,""abilityPower"":129,""armor"":70,""armorPe'"
2226,"b'n"":0,""armorPenPercent"":0,""attackDamage"":95,""attackSpeed"":123,""bonusArmorPenPercent"":0,""bonusMagicPenPercent"":0,""ccReduction"":0,""'"
2227,"b'cooldownReduction"":0,""health"":1125,""healthMax"":1817,""healthRegen"":25,""lifesteal"":0,""magicPen"":24,""magicPenPercent"":0,""magicResis'"
2228,"b't"":42,""movementSpeed"":401,""omnivamp"":0,""physicalVamp"":0,""power"":1229,""powerMax"":2206,""powerRegen"":31,""spellVamp"":0},""currentGold'"
2229,"b'"":457,""damageStats"":{""magicDamageDone"":70717,""magicDamageDoneToChampions"":7736,""magicDamageTaken"":2318,""physicalDamageDone"":6211'"
2230,"b',""physicalDamageDoneToChampions"":168,""physicalDamageTaken"":4151,""totalDamageDone"":78836,""totalDamageDoneToChampions"":7905,""total'"
2231,"b'DamageTaken"":6741,""trueDamageDone"":1907,""trueDamageDoneToChampions"":0,""trueDamageTaken"":271},""goldPerSecond"":0,""jungleMinionsKil'"
2232,"b'led"":0,""level"":12,""minionsKilled"":160,""participantId"":3,""position"":{""x"":5571,""y"":6404},""timeEnemySpentControlled"":299591,""totalG'"
2233,"b'old"":6307,""xp"":9169},""4"":{""championStats"":{""abilityHaste"":0,""abilityPower"":0,""armor"":66,""armorPen"":0,""armorPenPercent"":0,""attack'"
2234,"b'Damage"":178,""attackSpeed"":162,""bonusArmorPenPercent"":0,""bonusMagicPenPercent"":0,""ccReduction"":0,""cooldownReduction"":0,""health"":6'"
2235,"b'15,""healthMax"":1769,""healthRegen"":18,""lifesteal"":4,""magicPen"":0,""magicPenPercent"":0,""magicResist"":40,""movementSpeed"":406,""omniva'"
2236,"b'mp"":2,""physicalVamp"":0,""power"":1233,""powerMax"":1636,""powerRegen"":32,""spellVamp"":0},""currentGold"":713,""damageStats"":{""magicDamage'"
2237,"b'Done"":3342,""magicDamageDoneToChampions"":2630,""magicDamageTaken"":2049,""physicalDamageDone"":67590,""physicalDamageDoneToChampions"":'"
2238,"b'7983,""physicalDamageTaken"":7733,""totalDamageDone"":74627,""totalDamageDoneToChampions"":10614,""totalDamageTaken"":10341,""trueDamageD'"
2239,"b'one"":3695,""trueDamageDoneToChampions"":0,""trueDamageTaken"":559},""goldPerSecond"":0,""jungleMinionsKilled"":0,""level"":10,""minionsKill'"
2240,"b'ed"":163,""participantId"":4,""position"":{""x"":4630,""y"":6243},""timeEnemySpentControlled"":1631,""totalGold"":7201,""xp"":6943},""5"":{""champ'"
2241,"b'ionStats"":{""abilityHaste"":0,""abilityPower"":84,""armor"":64,""armorPen"":0,""armorPenPercent"":0,""attackDamage"":86,""attackSpeed"":117,""b'"
2242,"b'onusArmorPenPercent"":0,""bonusMagicPenPercent"":0,""ccReduction"":0,""cooldownReduction"":0,""health"":0,""healthMax"":1781,""healthRegen"":'"
2243,"b'31,""lifesteal"":0,""magicPen"":0,""magicPenPercent"":0,""magicResist"":43,""movementSpeed"":406,""omnivamp"":0,""physicalVamp"":0,""power"":144'"
2244,"b',""powerMax"":603,""powerRegen"":46,""spellVamp"":0},""currentGold"":624,""damageStats"":{""magicDamageDone"":4279,""magicDamageDoneToChampio'"
2245,"b'ns"":2022,""magicDamageTaken"":2600,""physicalDamageDone"":4958,""physicalDamageDoneToChampions"":1021,""physicalDamageTaken"":8789,""tota'"
2246,"b'lDamageDone"":16611,""totalDamageDoneToChampions"":3790,""totalDamageTaken"":11809,""trueDamageDone"":7373,""trueDamageDoneToChampions"":'"
2247,"b'746,""trueDamageTaken"":419},""goldPerSecond"":30,""jungleMinionsKilled"":0,""level"":8,""minionsKilled"":34,""participantId"":5,""position"":'"
2248,"b'{""x"":5635,""y"":6454},""timeEnemySpentControlled"":60623,""totalGold"":5254,""xp"":4827},""6"":{""championStats"":{""abilityHaste"":0,""ability'"
2249,"b'Power"":48,""armor"":118,""armorPen"":0,""armorPenPercent"":0,""attackDamage"":101,""attackSpeed"":129,""bonusArmorPenPercent"":0,""bonusMagic'"
2250,"b'PenPercent"":0,""ccReduction"":44,""cooldownReduction"":0,""health"":2353,""healthMax"":2353,""healthRegen"":26,""lifesteal"":0,""magicPen"":0,'"
2251,"b'""magicPenPercent"":0,""magicResist"":118,""movementSpeed"":604,""omnivamp"":0,""physicalVamp"":0,""power"":763,""powerMax"":763,""powerRegen"":'"
2252,"b'23,""spellVamp"":0},""currentGold"":90,""damageStats"":{""magicDamageDone"":32063,""magicDamageDoneToChampions"":2849,""magicDamageTaken"":6'"
2253,"b'646,""physicalDamageDone"":16628,""physicalDamageDoneToChampions"":1030,""physicalDamageTaken"":3781,""totalDamageDone"":48691,""totalDam'"
2254,"b'ageDoneToChampions"":3880,""totalDamageTaken"":10998,""trueDamageDone"":0,""trueDamageDoneToChampions"":0,""trueDamageTaken"":570},""goldP'"
2255,"b'erSecond"":0,""jungleMinionsKilled"":0,""level"":12,""minionsKilled"":132,""participantId"":6,""position"":{""x"":14340,""y"":14391},""timeEnemy'"
2256,"b'SpentControlled"":1021330,""totalGold"":5980,""xp"":8688},""7"":{""championStats"":{""abilityHaste"":0,""abilityPower"":140,""armor"":76,""armor'"
2257,"b'Pen"":0,""armorPenPercent"":0,""attackDamage"":85,""attackSpeed"":134,""bonusArmorPenPercent"":0,""bonusMagicPenPercent"":0,""ccReduction"":6'"
2258,"b',""cooldownReduction"":0,""health"":1517,""healthMax"":1793,""healthRegen"":128,""lifesteal"":0,""magicPen"":0,""magicPenPercent"":0,""magicRes'"
2259,"b'ist"":66,""movementSpeed"":385,""omnivamp"":0,""physicalVamp"":0,""power"":279,""powerMax"":643,""powerRegen"":126,""spellVamp"":0},""currentGol'"
2260,"b'd"":244,""damageStats"":{""magicDamageDone"":81431,""magicDamageDoneToChampions"":5198,""magicDamageTaken"":6836,""physicalDamageDone"":142'"
2261,"b'17,""physicalDamageDoneToChampions"":294,""physicalDamageTaken"":11621,""totalDamageDone"":124843,""totalDamageDoneToChampions"":6007,""t'"
2262,"b'otalDamageTaken"":18683,""trueDamageDone"":29195,""trueDamageDoneToChampions"":514,""trueDamageTaken"":225},""goldPerSecond"":0,""jungleMi'"
2263,"b'nionsKilled"":113,""level"":10,""minionsKilled"":8,""participantId"":7,""position"":{""x"":6289,""y"":5039},""timeEnemySpentControlled"":117131'"
2264,"b',""totalGold"":6614,""xp"":7269},""8"":{""championStats"":{""abilityHaste"":0,""abilityPower"":0,""armor"":83,""armorPen"":0,""armorPenPercent"":0'"
2265,"b',""attackDamage"":269,""attackSpeed"":136,""bonusArmorPenPercent"":0,""bonusMagicPenPercent"":0,""ccReduction"":6,""cooldownReduction"":0,""h'"
2266,"b'ealth"":1738,""healthMax"":1738,""healthRegen"":28,""lifesteal"":10,""magicPen"":0,""magicPenPercent"":0,""magicResist"":59,""movementSpeed"":4'"
2267,"b'05,""omnivamp"":0,""physicalVamp"":0,""power"":112,""powerMax"":200,""powerRegen"":170,""spellVamp"":0},""currentGold"":1058,""damageStats"":{""m'"
2268,"b'agicDamageDone"":4853,""magicDamageDoneToChampions"":665,""magicDamageTaken"":3520,""physicalDamageDone"":91422,""physicalDamageDoneToCh'"
2269,"b'ampions"":8193,""physicalDamageTaken"":1189,""totalDamageDone"":96801,""totalDamageDoneToChampions"":9383,""totalDamageTaken"":4710,""true'"
2270,"b'DamageDone"":524,""trueDamageDoneToChampions"":524,""trueDamageTaken"":0},""goldPerSecond"":0,""jungleMinionsKilled"":0,""level"":13,""minio'"
2271,"b'nsKilled"":176,""participantId"":8,""position"":{""x"":10453,""y"":1269},""timeEnemySpentControlled"":110339,""totalGold"":8443,""xp"":10209},""'"
2272,"b'9"":{""championStats"":{""abilityHaste"":0,""abilityPower"":0,""armor"":70,""armorPen"":0,""armorPenPercent"":0,""attackDamage"":208,""attackSpe'"
2273,"b'ed"":168,""bonusArmorPenPercent"":0,""bonusMagicPenPercent"":0,""ccReduction"":6,""cooldownReduction"":0,""health"":1309,""healthMax"":1683,""'"
2274,"b'healthRegen"":187,""lifesteal"":5,""magicPen"":0,""magicPenPercent"":0,""magicResist"":41,""movementSpeed"":390,""omnivamp"":2,""physicalVamp""'"
2275,"b':0,""power"":436,""powerMax"":817,""powerRegen"":28,""spellVamp"":0},""currentGold"":1009,""damageStats"":{""magicDamageDone"":1762,""magicDama'"
2276,"b'geDoneToChampions"":1071,""magicDamageTaken"":2175,""physicalDamageDone"":69567,""physicalDamageDoneToChampions"":13468,""physicalDamage'"
2277,"b'Taken"":6316,""totalDamageDone"":71706,""totalDamageDoneToChampions"":14593,""totalDamageTaken"":8711,""trueDamageDone"":376,""trueDamageD'"
2278,"b'oneToChampions"":53,""trueDamageTaken"":219},""goldPerSecond"":0,""jungleMinionsKilled"":4,""level"":11,""minionsKilled"":171,""participantI'"
2279,"b'd"":9,""position"":{""x"":6737,""y"":6481},""timeEnemySpentControlled"":39999,""totalGold"":8664,""xp"":8130},""10"":{""championStats"":{""ability'"
2280,"b'Haste"":0,""abilityPower"":20,""armor"":119,""armorPen"":0,""armorPenPercent"":0,""attackDamage"":75,""attackSpeed"":140,""bonusArmorPenPercen'"
2281,"b't"":0,""bonusMagicPenPercent"":0,""ccReduction"":6,""cooldownReduction"":0,""health"":1810,""healthMax"":1985,""healthRegen"":52,""lifesteal"":'"
2282,"b'0,""magicPen"":0,""magicPenPercent"":0,""magicResist"":81,""movementSpeed"":337,""omnivamp"":0,""physicalVamp"":0,""power"":456,""powerMax"":653'"
2283,"b',""powerRegen"":16,""spellVamp"":0},""currentGold"":310,""damageStats"":{""magicDamageDone"":3351,""magicDamageDoneToChampions"":1408,""magic'"
2284,"b'DamageTaken"":3613,""physicalDamageDone"":3811,""physicalDamageDoneToChampions"":643,""physicalDamageTaken"":4905,""totalDamageDone"":130'"
2285,"b'76,""totalDamageDoneToChampions"":2589,""totalDamageTaken"":8807,""trueDamageDone"":5914,""trueDamageDoneToChampions"":537,""trueDamageTa'"
2286,"b'ken"":288},""goldPerSecond"":30,""jungleMinionsKilled"":0,""level"":9,""minionsKilled"":28,""participantId"":10,""position"":{""x"":6822,""y"":62'"
2287,"b'84},""timeEnemySpentControlled"":118877,""totalGold"":4980,""xp"":5411}},""timestamp"":1140308},{""events"":[{""level"":11,""participantId"":7'"
2288,"b',""timestamp"":1141442,""type"":""LEVEL_UP""},{""levelUpType"":""NORMAL"",""participantId"":7,""skillSlot"":4,""timestamp"":1141979,""type"":""SKIL'"
2289,"b'L_LEVEL_UP""},{""creatorId"":7,""timestamp"":1143011,""type"":""WARD_PLACED"",""wardType"":""UNDEFINED""},{""bounty"":0,""buildingType"":""TOWER_B'"
2290,"b'UILDING"",""killerId"":8,""laneType"":""BOT_LANE"",""position"":{""x"":10504,""y"":1029},""teamId"":100,""timestamp"":1151424,""towerType"":""OUTER_'"
2291,"b'TURRET"",""type"":""BUILDING_KILL""},{""itemId"":1028,""participantId"":5,""timestamp"":1151925,""type"":""ITEM_DESTROYED""},{""itemId"":3023,""pa'"
2292,"b'rticipantId"":5,""timestamp"":1151925,""type"":""ITEM_PURCHASED""},{""creatorId"":10,""timestamp"":1155532,""type"":""WARD_PLACED"",""wardType"":'"
2293,"b'""SIGHT_WARD""},{""itemId"":1053,""participantId"":9,""timestamp"":1159136,""type"":""ITEM_PURCHASED""},{""itemId"":2055,""participantId"":9,""ti'"
2294,"b'mestamp"":1159737,""type"":""ITEM_PURCHASED""},{""itemId"":2055,""participantId"":7,""timestamp"":1163214,""type"":""ITEM_DESTROYED""},{""creato'"
2295,"b'rId"":7,""timestamp"":1163214,""type"":""WARD_PLACED"",""wardType"":""CONTROL_WARD""},{""creatorId"":10,""timestamp"":1163481,""type"":""WARD_PLAC'"
2296,"b'ED"",""wardType"":""SIGHT_WARD""},{""level"":11,""participantId"":2,""timestamp"":1176386,""type"":""LEVEL_UP""},{""levelUpType"":""NORMAL"",""parti'"
2297,"b'cipantId"":2,""skillSlot"":4,""timestamp"":1178656,""type"":""SKILL_LEVEL_UP""},{""level"":13,""participantId"":1,""timestamp"":1180459,""type"":'"
2298,"b'""LEVEL_UP""},{""killerId"":2,""timestamp"":1181558,""type"":""WARD_KILL"",""wardType"":""CONTROL_WARD""},{""creatorId"":7,""timestamp"":1182228,""'"
2299,"b'type"":""WARD_PLACED"",""wardType"":""UNDEFINED""},{""levelUpType"":""NORMAL"",""participantId"":1,""skillSlot"":3,""timestamp"":1184806,""type"":""'"
2300,"b'SKILL_LEVEL_UP""},{""assistingParticipantIds"":[7,8,10],""bounty"":300,""killStreakLength"":5,""killerId"":9,""position"":{""x"":7340,""y"":605'"
2301,"b'4},""shutdownBounty"":0,""timestamp"":1187770,""type"":""CHAMPION_KILL"",""victimDamageDealt"":[{""basic"":false,""magicDamage"":338,""name"":""T'"
2302,"b'aliyah"",""participantId"":7,""physicalDamage"":0,""spellName"":""taliyahe"",""spellSlot"":2,""trueDamage"":0,""type"":""OTHER""},{""basic"":false,'"
2303,"b'""magicDamage"":78,""name"":""Taliyah"",""participantId"":7,""physicalDamage"":0,""spellName"":"""",""spellSlot"":-1,""trueDamage"":0,""type"":""OTHE'"
2304,"b'R""},{""basic"":false,""magicDamage"":74,""name"":""Taliyah"",""participantId"":7,""physicalDamage"":0,""spellName"":"""",""spellSlot"":-1,""trueDam'"
2305,"b'age"":0,""type"":""OTHER""},{""basic"":false,""magicDamage"":297,""name"":""Taliyah"",""participantId"":7,""physicalDamage"":0,""spellName"":""taliy'"
2306,"b'ahq"",""spellSlot"":0,""trueDamage"":0,""type"":""OTHER""},{""basic"":false,""magicDamage"":0,""name"":""Taliyah"",""participantId"":10,""physicalDa'"
2307,"b'mage"":0,""spellName"":""taliyahe"",""spellSlot"":2,""trueDamage"":0,""type"":""OTHER""}],""victimDamageReceived"":[{""basic"":false,""magicDamage'"
2308,"b'"":0,""name"":""Zed"",""participantId"":8,""physicalDamage"":165,""spellName"":""zedw"",""spellSlot"":1,""trueDamage"":55,""type"":""OTHER""},{""basic'"
2309,"b'"":false,""magicDamage"":0,""name"":""Zed"",""participantId"":8,""physicalDamage"":436,""spellName"":""zedq"",""spellSlot"":0,""trueDamage"":0,""typ'"
2310,"b'e"":""OTHER""},{""basic"":false,""magicDamage"":23,""name"":""Zed"",""participantId"":8,""physicalDamage"":0,""spellName"":"""",""spellSlot"":-1,""tru'"
2311,"b'eDamage"":0,""type"":""OTHER""},{""basic"":false,""magicDamage"":101,""name"":""Rell"",""participantId"":10,""physicalDamage"":0,""spellName"":""rel'"
2312,"b'lr"",""spellSlot"":3,""trueDamage"":0,""type"":""OTHER""},{""basic"":false,""magicDamage"":72,""name"":""Rell"",""participantId"":10,""physicalDamag'"
2313,"b'e"":0,""spellName"":""rellw_dismount"",""spellSlot"":1,""trueDamage"":0,""type"":""OTHER""},{""basic"":false,""magicDamage"":51,""name"":""Rell"",""pa'"
2314,"b'rticipantId"":10,""physicalDamage"":0,""spellName"":""rellq"",""spellSlot"":0,""trueDamage"":0,""type"":""OTHER""},{""basic"":false,""magicDamage""'"
2315,"b':0,""name"":""Nidalee"",""participantId"":9,""physicalDamage"":0,""spellName"":""burning"",""spellSlot"":-1,""trueDamage"":13,""type"":""OTHER""},{""'"
2316,"b'basic"":true,""magicDamage"":0,""name"":""Nidalee"",""participantId"":9,""physicalDamage"":133,""spellName"":""lucianpassive"",""spellSlot"":63,""'"
2317,"b'trueDamage"":0,""type"":""OTHER""},{""basic"":false,""magicDamage"":67,""name"":""Nidalee"",""participantId"":9,""physicalDamage"":0,""spellName"":'"
2318,"b'""lucianpassive"",""spellSlot"":63,""trueDamage"":0,""type"":""OTHER""},{""basic"":false,""magicDamage"":33,""name"":""Nidalee"",""participantId"":9'"
2319,"b',""physicalDamage"":74,""spellName"":""lucianpassiveattack"",""spellSlot"":0,""trueDamage"":0,""type"":""OTHER""},{""basic"":false,""magicDamage""'"
2320,"b':0,""name"":""Nidalee"",""participantId"":9,""physicalDamage"":247,""spellName"":""lucianq"",""spellSlot"":0,""trueDamage"":0,""type"":""OTHER""},{""'"
2321,"b'basic"":false,""magicDamage"":0,""name"":""Nidalee"",""participantId"":9,""physicalDamage"":117,""spellName"":"""",""spellSlot"":-1,""trueDamage"":'"
2322,"b'0,""type"":""OTHER""},{""basic"":false,""magicDamage"":109,""name"":""Nidalee"",""participantId"":7,""physicalDamage"":0,""spellName"":"""",""spellSl'"
2323,"b'ot"":-1,""trueDamage"":0,""type"":""OTHER""},{""basic"":false,""magicDamage"":220,""name"":""Nidalee"",""participantId"":7,""physicalDamage"":0,""sp'"
2324,"b'ellName"":""takedown"",""spellSlot"":0,""trueDamage"":0,""type"":""OTHER""}],""victimId"":3},{""assistingParticipantIds"":[2,3,5],""bounty"":300,'"
2325,"b'""killStreakLength"":1,""killerId"":4,""position"":{""x"":7324,""y"":5908},""shutdownBounty"":0,""timestamp"":1188438,""type"":""CHAMPION_KILL"",""'"
2326,"b'victimDamageDealt"":[{""basic"":false,""magicDamage"":0,""name"":""Nidalee"",""participantId"":5,""physicalDamage"":0,""spellName"":"""",""spellSl'"
2327,"b'ot"":-1,""trueDamage"":0,""type"":""OTHER""},{""basic"":true,""magicDamage"":0,""name"":""Nidalee"",""participantId"":5,""physicalDamage"":0,""spell'"
2328,"b'Name"":""nidaleebasicattack2"",""spellSlot"":65,""trueDamage"":0,""type"":""OTHER""}],""victimDamageReceived"":[{""basic"":false,""magicDamage"":'"
2329,"b'338,""name"":""Taliyah"",""participantId"":3,""physicalDamage"":0,""spellName"":""taliyahe"",""spellSlot"":2,""trueDamage"":0,""type"":""OTHER""},{""'"
2330,"b'basic"":false,""magicDamage"":78,""name"":""Taliyah"",""participantId"":3,""physicalDamage"":0,""spellName"":"""",""spellSlot"":-1,""trueDamage"":0'"
2331,"b',""type"":""OTHER""},{""basic"":false,""magicDamage"":74,""name"":""Taliyah"",""participantId"":3,""physicalDamage"":0,""spellName"":"""",""spellSlot'"
2332,"b'"":-1,""trueDamage"":0,""type"":""OTHER""},{""basic"":false,""magicDamage"":297,""name"":""Taliyah"",""participantId"":3,""physicalDamage"":0,""spel'"
2333,"b'lName"":""taliyahq"",""spellSlot"":0,""trueDamage"":0,""type"":""OTHER""},{""basic"":true,""magicDamage"":0,""name"":""SRU_OrderMinionRanged"",""par'"
2334,"b'ticipantId"":0,""physicalDamage"":18,""spellName"":""sru_orderminionrangedbasicattack"",""spellSlot"":64,""trueDamage"":0,""type"":""MINION""},'"
2335,"b'{""basic"":true,""magicDamage"":0,""name"":""SRU_OrderMinionRanged"",""participantId"":0,""physicalDamage"":18,""spellName"":""sru_orderminionr'"
2336,"b'angedbasicattack2"",""spellSlot"":65,""trueDamage"":0,""type"":""MINION""},{""basic"":false,""magicDamage"":0,""name"":""Ezreal"",""participantId""'"
2337,"b':4,""physicalDamage"":96,""spellName"":"""",""spellSlot"":-1,""trueDamage"":0,""type"":""OTHER""},{""basic"":true,""magicDamage"":0,""name"":""Ezreal'"
2338,"b'"",""participantId"":4,""physicalDamage"":105,""spellName"":""ezrealbasicattack"",""spellSlot"":64,""trueDamage"":0,""type"":""OTHER""},{""basic"":'"
2339,"b'true,""magicDamage"":0,""name"":""Turret"",""participantId"":0,""physicalDamage"":570,""spellName"":""turretbasicattack"",""spellSlot"":64,""true'"
2340,"b'Damage"":0,""type"":""TOWER""},{""basic"":false,""magicDamage"":76,""name"":""Rakan"",""participantId"":5,""physicalDamage"":0,""spellName"":""rakan'"
2341,"b'q"",""spellSlot"":0,""trueDamage"":0,""type"":""OTHER""},{""basic"":false,""magicDamage"":164,""name"":""Belveth"",""participantId"":2,""physicalDam'"
2342,"b'age"":0,""spellName"":""belvethw"",""spellSlot"":1,""trueDamage"":0,""type"":""OTHER""},{""basic"":true,""magicDamage"":0,""name"":""Belveth"",""parti'"
2343,"b'cipantId"":2,""physicalDamage"":61,""spellName"":""belvethbasicattack2"",""spellSlot"":49,""trueDamage"":0,""type"":""OTHER""},{""basic"":false,""'"
2344,"b'magicDamage"":0,""name"":""Belveth"",""participantId"":2,""physicalDamage"":58,""spellName"":"""",""spellSlot"":-1,""trueDamage"":0,""type"":""OTHER'"
2345,"b'""},{""basic"":false,""magicDamage"":0,""name"":""Belveth"",""participantId"":2,""physicalDamage"":0,""spellName"":"""",""spellSlot"":3,""trueDamage'"
2346,"b'"":15,""type"":""OTHER""},{""basic"":true,""magicDamage"":0,""name"":""Belveth"",""participantId"":2,""physicalDamage"":62,""spellName"":""belvethba'"
2347,"b'sicattack"",""spellSlot"":49,""trueDamage"":0,""type"":""OTHER""},{""basic"":false,""magicDamage"":0,""name"":""Belveth"",""participantId"":2,""phys'"
2348,"b'icalDamage"":105,""spellName"":""belvethq"",""spellSlot"":0,""trueDamage"":0,""type"":""OTHER""}],""victimId"":7},{""level"":11,""participantId"":4'"
2349,"b',""timestamp"":1188438,""type"":""LEVEL_UP""},{""level"":9,""participantId"":5,""timestamp"":1188438,""type"":""LEVEL_UP""},{""creatorId"":6,""time'"
2350,"b'stamp"":1188474,""type"":""WARD_PLACED"",""wardType"":""BLUE_TRINKET""},{""levelUpType"":""NORMAL"",""participantId"":5,""skillSlot"":2,""timestam'"
2351,"b'p"":1189977,""type"":""SKILL_LEVEL_UP""},{""creatorId"":5,""timestamp"":1190807,""type"":""WARD_PLACED"",""wardType"":""SIGHT_WARD""},{""bounty"":3'"
2352,"b'00,""killStreakLength"":3,""killerId"":8,""position"":{""x"":5998,""y"":6284},""shutdownBounty"":0,""timestamp"":1191907,""type"":""CHAMPION_KILL'"
2353,"b'"",""victimDamageDealt"":[{""basic"":false,""magicDamage"":0,""name"":""Ezreal"",""participantId"":10,""physicalDamage"":0,""spellName"":""ezreale'"
2354,"b'"",""spellSlot"":2,""trueDamage"":0,""type"":""OTHER""}],""victimDamageReceived"":[{""basic"":false,""magicDamage"":127,""name"":""Zed"",""participa'"
2355,"b'ntId"":8,""physicalDamage"":0,""spellName"":""zedpassive"",""spellSlot"":63,""trueDamage"":0,""type"":""OTHER""},{""basic"":false,""magicDamage"":0'"
2356,"b',""name"":""Zed"",""participantId"":8,""physicalDamage"":194,""spellName"":""zede"",""spellSlot"":2,""trueDamage"":0,""type"":""OTHER""},{""basic"":tr'"
2357,"b'ue,""magicDamage"":0,""name"":""Zed"",""participantId"":8,""physicalDamage"":173,""spellName"":""zedbasicattack"",""spellSlot"":64,""trueDamage"":'"
2358,"b'0,""type"":""OTHER""},{""basic"":false,""magicDamage"":0,""name"":""Zed"",""participantId"":8,""physicalDamage"":367,""spellName"":""zedr"",""spellSl'"
2359,"b'ot"":3,""trueDamage"":0,""type"":""OTHER""}],""victimId"":4},{""creatorId"":5,""timestamp"":1195545,""type"":""WARD_PLACED"",""wardType"":""SIGHT_WA'"
2360,"b'RD""},{""level"":10,""participantId"":10,""timestamp"":1195976,""type"":""LEVEL_UP""},{""assistingParticipantIds"":[10],""bounty"":219,""killStr'"
2361,"b'eakLength"":6,""killerId"":9,""position"":{""x"":6030,""y"":7017},""shutdownBounty"":0,""timestamp"":1198708,""type"":""CHAMPION_KILL"",""victimDa'"
2362,"b'mageDealt"":[{""basic"":true,""magicDamage"":0,""name"":""Belveth"",""participantId"":9,""physicalDamage"":164,""spellName"":""belvethcritattack'"
2363,"b'2"",""spellSlot"":50,""trueDamage"":0,""type"":""OTHER""},{""basic"":false,""magicDamage"":389,""name"":""Belveth"",""participantId"":10,""physicalD'"
2364,"b'amage"":0,""spellName"":""belvethw"",""spellSlot"":1,""trueDamage"":0,""type"":""OTHER""},{""basic"":false,""magicDamage"":0,""name"":""Belveth"",""pa'"
2365,"b'rticipantId"":10,""physicalDamage"":302,""spellName"":""belvethq"",""spellSlot"":0,""trueDamage"":0,""type"":""OTHER""},{""basic"":false,""magicDa'"
2366,"b'mage"":0,""name"":""Belveth"",""participantId"":10,""physicalDamage"":42,""spellName"":""belvethe"",""spellSlot"":2,""trueDamage"":0,""type"":""OTHE'"
2367,"b'R""},{""basic"":false,""magicDamage"":0,""name"":""Belveth"",""participantId"":10,""physicalDamage"":7,""spellName"":"""",""spellSlot"":-1,""trueDam'"
2368,"b'age"":0,""type"":""OTHER""},{""basic"":false,""magicDamage"":0,""name"":""Belveth"",""participantId"":10,""physicalDamage"":0,""spellName"":""belvet'"
2369,"b'hr"",""spellSlot"":3,""trueDamage"":337,""type"":""OTHER""},{""basic"":false,""magicDamage"":0,""name"":""Belveth"",""participantId"":10,""physicalD'"
2370,"b'amage"":98,""spellName"":"""",""spellSlot"":-1,""trueDamage"":0,""type"":""OTHER""}],""victimDamageReceived"":[{""basic"":true,""magicDamage"":0,""n'"
2371,"b'ame"":""Rell"",""participantId"":10,""physicalDamage"":36,""spellName"":""rellbasicattack2"",""spellSlot"":65,""trueDamage"":0,""type"":""OTHER""},'"
2372,"b'{""basic"":false,""magicDamage"":35,""name"":""Rell"",""participantId"":10,""physicalDamage"":0,""spellName"":""rellr"",""spellSlot"":3,""trueDamag'"
2373,"b'e"":0,""type"":""OTHER""},{""basic"":true,""magicDamage"":0,""name"":""Rell"",""participantId"":10,""physicalDamage"":78,""spellName"":""rellbasicat'"
2374,"b'tack"",""spellSlot"":64,""trueDamage"":0,""type"":""OTHER""},{""basic"":false,""magicDamage"":0,""name"":""Rell"",""participantId"":10,""physicalDam'"
2375,"b'age"":0,""spellName"":""summonerdot"",""spellSlot"":4,""trueDamage"":138,""type"":""OTHER""},{""basic"":false,""magicDamage"":58,""name"":""Rell"",""p'"
2376,"b'articipantId"":10,""physicalDamage"":0,""spellName"":""relle"",""spellSlot"":2,""trueDamage"":0,""type"":""OTHER""},{""basic"":false,""magicDamage'"
2377,"b'"":22,""name"":""Rell"",""participantId"":10,""physicalDamage"":0,""spellName"":""rellw_mountup"",""spellSlot"":1,""trueDamage"":0,""type"":""OTHER""'"
2378,"b'},{""basic"":false,""magicDamage"":0,""name"":""Rell"",""participantId"":10,""physicalDamage"":43,""spellName"":"""",""spellSlot"":1,""trueDamage"":'"
2379,"b'0,""type"":""OTHER""},{""basic"":false,""magicDamage"":50,""name"":""Rell"",""participantId"":10,""physicalDamage"":0,""spellName"":""rellq"",""spell'"
2380,"b'Slot"":0,""trueDamage"":0,""type"":""OTHER""},{""basic"":false,""magicDamage"":0,""name"":""Lucian"",""participantId"":9,""physicalDamage"":433,""sp'"
2381,"b'ellName"":""lucianq"",""spellSlot"":0,""trueDamage"":0,""type"":""OTHER""},{""basic"":false,""magicDamage"":29,""name"":""Lucian"",""participantId"":'"
2382,"b'9,""physicalDamage"":0,""spellName"":""luciancritattack2"",""spellSlot"":74,""trueDamage"":0,""type"":""OTHER""},{""basic"":true,""magicDamage"":0'"
2383,"b',""name"":""Lucian"",""participantId"":9,""physicalDamage"":222,""spellName"":""luciancritattack2"",""spellSlot"":74,""trueDamage"":0,""type"":""OT'"
2384,"b'HER""},{""basic"":false,""magicDamage"":0,""name"":""Lucian"",""participantId"":9,""physicalDamage"":0,""spellName"":""burning"",""spellSlot"":-1,""'"
2385,"b'trueDamage"":66,""type"":""OTHER""},{""basic"":false,""magicDamage"":27,""name"":""Lucian"",""participantId"":9,""physicalDamage"":0,""spellName"":'"
2386,"b'""lucianpassive"",""spellSlot"":63,""trueDamage"":0,""type"":""OTHER""},{""basic"":true,""magicDamage"":0,""name"":""Lucian"",""participantId"":9,""p'"
2387,"b'hysicalDamage"":152,""spellName"":""lucianpassive"",""spellSlot"":63,""trueDamage"":0,""type"":""OTHER""},{""basic"":false,""magicDamage"":0,""nam'"
2388,"b'e"":""Lucian"",""participantId"":9,""physicalDamage"":266,""spellName"":"""",""spellSlot"":-1,""trueDamage"":0,""type"":""OTHER""},{""basic"":false,""'"
2389,"b'magicDamage"":32,""name"":""Lucian"",""participantId"":9,""physicalDamage"":132,""spellName"":""lucianpassiveattack"",""spellSlot"":0,""trueDama'"
2390,"b'ge"":0,""type"":""OTHER""},{""basic"":false,""magicDamage"":30,""name"":""Lucian"",""participantId"":9,""physicalDamage"":0,""spellName"":""lucianba'"
2391,"b'sicattack"",""spellSlot"":64,""trueDamage"":0,""type"":""OTHER""},{""basic"":false,""magicDamage"":0,""name"":""Lucian"",""participantId"":9,""physi'"
2392,"b'calDamage"":71,""spellName"":"""",""spellSlot"":-1,""trueDamage"":0,""type"":""OTHER""},{""basic"":true,""magicDamage"":0,""name"":""SRU_ChaosMinion'"
2393,"b'Ranged"",""participantId"":0,""physicalDamage"":19,""spellName"":""sru_chaosminionrangedbasicattack"",""spellSlot"":64,""trueDamage"":0,""type'"
2394,"b'"":""MINION""},{""basic"":true,""magicDamage"":0,""name"":""SRU_ChaosMinionRanged"",""participantId"":0,""physicalDamage"":19,""spellName"":""sru_'"
2395,"b'chaosminionrangedbasicattack2"",""spellSlot"":65,""trueDamage"":0,""type"":""MINION""}],""victimId"":2},{""level"":12,""participantId"":9,""time'"
2396,"b'stamp"":1198708,""type"":""LEVEL_UP""},{""levelUpType"":""NORMAL"",""participantId"":10,""skillSlot"":2,""timestamp"":1199711,""type"":""SKILL_LEV'"
2397,"b'EL_UP""}],""participantFrames"":{""1"":{""championStats"":{""abilityHaste"":0,""abilityPower"":206,""armor"":87,""armorPen"":0,""armorPenPercent'"
2398,"b'"":0,""attackDamage"":100,""attackSpeed"":120,""bonusArmorPenPercent"":0,""bonusMagicPenPercent"":0,""ccReduction"":7,""cooldownReduction"":0'"
2399,"b',""health"":2166,""healthMax"":2344,""healthRegen"":27,""lifesteal"":0,""magicPen"":0,""magicPenPercent"":0,""magicResist"":52,""movementSpeed""'"
2400,"b':405,""omnivamp"":0,""physicalVamp"":0,""power"":90,""powerMax"":150,""powerRegen"":0,""spellVamp"":0},""currentGold"":469,""damageStats"":{""mag'"
2401,"b'icDamageDone"":69412,""magicDamageDoneToChampions"":9047,""magicDamageTaken"":2146,""physicalDamageDone"":9738,""physicalDamageDoneToCha'"
2402,"b'mpions"":46,""physicalDamageTaken"":2893,""totalDamageDone"":79576,""totalDamageDoneToChampions"":9519,""totalDamageTaken"":5118,""trueDam'"
2403,"b'ageDone"":426,""trueDamageDoneToChampions"":426,""trueDamageTaken"":79},""goldPerSecond"":0,""jungleMinionsKilled"":0,""level"":13,""minions'"
2404,"b'Killed"":171,""participantId"":1,""position"":{""x"":5737,""y"":8441},""timeEnemySpentControlled"":168217,""totalGold"":6804,""xp"":10044},""2"":'"
2405,"b'{""championStats"":{""abilityHaste"":0,""abilityPower"":0,""armor"":79,""armorPen"":0,""armorPenPercent"":0,""attackDamage"":192,""attackSpeed""'"
2406,"b':184,""bonusArmorPenPercent"":0,""bonusMagicPenPercent"":0,""ccReduction"":0,""cooldownReduction"":0,""health"":0,""healthMax"":1478,""health'"
2407,"b'Regen"":22,""lifesteal"":0,""magicPen"":0,""magicPenPercent"":0,""magicResist"":49,""movementSpeed"":372,""omnivamp"":0,""physicalVamp"":0,""pow'"
2408,"b'er"":52,""powerMax"":60,""powerRegen"":0,""spellVamp"":0},""currentGold"":566,""damageStats"":{""magicDamageDone"":15973,""magicDamageDoneToCh'"
2409,"b'ampions"":1115,""magicDamageTaken"":3267,""physicalDamageDone"":90505,""physicalDamageDoneToChampions"":2831,""physicalDamageTaken"":1407'"
2410,"b'6,""totalDamageDone"":132316,""totalDamageDoneToChampions"":4432,""totalDamageTaken"":17893,""trueDamageDone"":25837,""trueDamageDoneToCh'"
2411,"b'ampions"":484,""trueDamageTaken"":549},""goldPerSecond"":0,""jungleMinionsKilled"":112,""level"":11,""minionsKilled"":8,""participantId"":2,""'"
2412,"b'position"":{""x"":6030,""y"":7017},""timeEnemySpentControlled"":308281,""totalGold"":6416,""xp"":7632},""3"":{""championStats"":{""abilityHaste""'"
2413,"b':0,""abilityPower"":129,""armor"":70,""armorPen"":0,""armorPenPercent"":0,""attackDamage"":95,""attackSpeed"":123,""bonusArmorPenPercent"":0,""'"
2414,"b'bonusMagicPenPercent"":0,""ccReduction"":0,""cooldownReduction"":0,""health"":0,""healthMax"":1823,""healthRegen"":25,""lifesteal"":0,""magicP'"
2415,"b'en"":24,""magicPenPercent"":0,""magicResist"":42,""movementSpeed"":401,""omnivamp"":0,""physicalVamp"":0,""power"":1917,""powerMax"":2215,""powe'"
2416,"b'rRegen"":31,""spellVamp"":0},""currentGold"":706,""damageStats"":{""magicDamageDone"":75078,""magicDamageDoneToChampions"":8864,""magicDamag'"
2417,"b'eTaken"":2999,""physicalDamageDone"":6211,""physicalDamageDoneToChampions"":168,""physicalDamageTaken"":5562,""totalDamageDone"":83197,""t'"
2418,"b'otalDamageDoneToChampions"":9032,""totalDamageTaken"":8901,""trueDamageDone"":1907,""trueDamageDoneToChampions"":0,""trueDamageTaken"":33'"
2419,"b'9},""goldPerSecond"":0,""jungleMinionsKilled"":0,""level"":12,""minionsKilled"":165,""participantId"":3,""position"":{""x"":7340,""y"":6054},""ti'"
2420,"b'meEnemySpentControlled"":317953,""totalGold"":6556,""xp"":9526},""4"":{""championStats"":{""abilityHaste"":0,""abilityPower"":0,""armor"":71,""a'"
2421,"b'rmorPen"":0,""armorPenPercent"":0,""attackDamage"":180,""attackSpeed"":164,""bonusArmorPenPercent"":0,""bonusMagicPenPercent"":0,""ccReducti'"
2422,"b'on"":0,""cooldownReduction"":0,""health"":0,""healthMax"":1875,""healthRegen"":19,""lifesteal"":4,""magicPen"":0,""magicPenPercent"":0,""magicRe'"
2423,"b'sist"":41,""movementSpeed"":406,""omnivamp"":2,""physicalVamp"":0,""power"":1077,""powerMax"":1709,""powerRegen"":34,""spellVamp"":0},""currentG'"
2424,"b'old"":1293,""damageStats"":{""magicDamageDone"":4105,""magicDamageDoneToChampions"":2946,""magicDamageTaken"":2353,""physicalDamageDone"":7'"
2425,"b'0391,""physicalDamageDoneToChampions"":8186,""physicalDamageTaken"":8469,""totalDamageDone"":78204,""totalDamageDoneToChampions"":11132,'"
2426,"b'""totalDamageTaken"":11519,""trueDamageDone"":3708,""trueDamageDoneToChampions"":0,""trueDamageTaken"":696},""goldPerSecond"":0,""jungleMin'"
2427,"b'ionsKilled"":0,""level"":11,""minionsKilled"":167,""participantId"":4,""position"":{""x"":5998,""y"":6284},""timeEnemySpentControlled"":1631,""t'"
2428,"b'otalGold"":7781,""xp"":7412},""5"":{""championStats"":{""abilityHaste"":0,""abilityPower"":84,""armor"":92,""armorPen"":0,""armorPenPercent"":0,""'"
2429,"b'attackDamage"":89,""attackSpeed"":120,""bonusArmorPenPercent"":0,""bonusMagicPenPercent"":0,""ccReduction"":0,""cooldownReduction"":0,""heal'"
2430,"b'th"":337,""healthMax"":1877,""healthRegen"":33,""lifesteal"":0,""magicPen"":0,""magicPenPercent"":0,""magicResist"":44,""movementSpeed"":344,""o'"
2431,"b'mnivamp"":0,""physicalVamp"":0,""power"":253,""powerMax"":652,""powerRegen"":48,""spellVamp"":0},""currentGold"":164,""damageStats"":{""magicDam'"
2432,"b'ageDone"":5153,""magicDamageDoneToChampions"":2896,""magicDamageTaken"":3070,""physicalDamageDone"":5103,""physicalDamageDoneToChampions'"
2433,"b'"":1163,""physicalDamageTaken"":9965,""totalDamageDone"":17630,""totalDamageDoneToChampions"":4806,""totalDamageTaken"":13563,""trueDamage'"
2434,"b'Done"":7373,""trueDamageDoneToChampions"":746,""trueDamageTaken"":527},""goldPerSecond"":30,""jungleMinionsKilled"":0,""level"":9,""minionsK'"
2435,"b'illed"":34,""participantId"":5,""position"":{""x"":5745,""y"":6541},""timeEnemySpentControlled"":76491,""totalGold"":5444,""xp"":5105},""6"":{""ch'"
2436,"b'ampionStats"":{""abilityHaste"":0,""abilityPower"":48,""armor"":118,""armorPen"":0,""armorPenPercent"":0,""attackDamage"":101,""attackSpeed"":1'"
2437,"b'59,""bonusArmorPenPercent"":0,""bonusMagicPenPercent"":0,""ccReduction"":44,""cooldownReduction"":0,""health"":1690,""healthMax"":2353,""heal'"
2438,"b'thRegen"":26,""lifesteal"":0,""magicPen"":0,""magicPenPercent"":0,""magicResist"":118,""movementSpeed"":395,""omnivamp"":0,""physicalVamp"":0,""'"
2439,"b'power"":447,""powerMax"":763,""powerRegen"":23,""spellVamp"":0},""currentGold"":567,""damageStats"":{""magicDamageDone"":38995,""magicDamageDo'"
2440,"b'neToChampions"":2849,""magicDamageTaken"":7021,""physicalDamageDone"":19394,""physicalDamageDoneToChampions"":1030,""physicalDamageTaken'"
2441,"b'"":4468,""totalDamageDone"":58389,""totalDamageDoneToChampions"":3880,""totalDamageTaken"":12061,""trueDamageDone"":0,""trueDamageDoneToCh'"
2442,"b'ampions"":0,""trueDamageTaken"":570},""goldPerSecond"":0,""jungleMinionsKilled"":4,""level"":12,""minionsKilled"":139,""participantId"":6,""po'"
2443,"b'sition"":{""x"":1707,""y"":11730},""timeEnemySpentControlled"":1140266,""totalGold"":6457,""xp"":9225},""7"":{""championStats"":{""abilityHaste""'"
2444,"b':0,""abilityPower"":142,""armor"":81,""armorPen"":0,""armorPenPercent"":0,""attackDamage"":88,""attackSpeed"":138,""bonusArmorPenPercent"":0,""'"
2445,"b'bonusMagicPenPercent"":0,""ccReduction"":6,""cooldownReduction"":0,""health"":0,""healthMax"":1906,""healthRegen"":22,""lifesteal"":0,""magicP'"
2446,"b'en"":0,""magicPenPercent"":0,""magicResist"":68,""movementSpeed"":414,""omnivamp"":0,""physicalVamp"":0,""power"":273,""powerMax"":689,""powerRe'"
2447,"b'gen"":137,""spellVamp"":0},""currentGold"":522,""damageStats"":{""magicDamageDone"":82364,""magicDamageDoneToChampions"":5912,""magicDamageT'"
2448,"b'aken"":8297,""physicalDamageDone"":14217,""physicalDamageDoneToChampions"":294,""physicalDamageTaken"":12764,""totalDamageDone"":126031,""'"
2449,"b'totalDamageDoneToChampions"":6917,""totalDamageTaken"":21302,""trueDamageDone"":29449,""trueDamageDoneToChampions"":710,""trueDamageTake'"
2450,"b'n"":240},""goldPerSecond"":0,""jungleMinionsKilled"":115,""level"":11,""minionsKilled"":8,""participantId"":7,""position"":{""x"":7324,""y"":5908'"
2451,"b'},""timeEnemySpentControlled"":133067,""totalGold"":6892,""xp"":7990},""8"":{""championStats"":{""abilityHaste"":0,""abilityPower"":0,""armor"":'"
2452,"b'83,""armorPen"":0,""armorPenPercent"":0,""attackDamage"":269,""attackSpeed"":136,""bonusArmorPenPercent"":0,""bonusMagicPenPercent"":0,""ccRe'"
2453,"b'duction"":6,""cooldownReduction"":0,""health"":1738,""healthMax"":1738,""healthRegen"":202,""lifesteal"":10,""magicPen"":0,""magicPenPercent"":'"
2454,"b'0,""magicResist"":59,""movementSpeed"":405,""omnivamp"":0,""physicalVamp"":0,""power"":140,""powerMax"":200,""powerRegen"":100,""spellVamp"":0},'"
2455,"b'""currentGold"":2063,""damageStats"":{""magicDamageDone"":5677,""magicDamageDoneToChampions"":817,""magicDamageTaken"":3520,""physicalDamag'"
2456,"b'eDone"":100958,""physicalDamageDoneToChampions"":9530,""physicalDamageTaken"":1611,""totalDamageDone"":107214,""totalDamageDoneToChampio'"
2457,"b'ns"":10926,""totalDamageTaken"":5131,""trueDamageDone"":579,""trueDamageDoneToChampions"":579,""trueDamageTaken"":0},""goldPerSecond"":0,""j'"
2458,"b'ungleMinionsKilled"":4,""level"":13,""minionsKilled"":180,""participantId"":8,""position"":{""x"":6959,""y"":5457},""timeEnemySpentControlled""'"
2459,"b':111976,""totalGold"":9448,""xp"":10911},""9"":{""championStats"":{""abilityHaste"":0,""abilityPower"":0,""armor"":75,""armorPen"":0,""armorPenPe'"
2460,"b'rcent"":0,""attackDamage"":226,""attackSpeed"":172,""bonusArmorPenPercent"":0,""bonusMagicPenPercent"":0,""ccReduction"":6,""cooldownReducti'"
2461,"b'on"":0,""health"":687,""healthMax"":1790,""healthRegen"":12,""lifesteal"":12,""magicPen"":0,""magicPenPercent"":0,""magicResist"":42,""movementS'"
2462,"b'peed"":253,""omnivamp"":2,""physicalVamp"":0,""power"":600,""powerMax"":863,""powerRegen"":69,""spellVamp"":0},""currentGold"":907,""damageStats'"
2463,"b'"":{""magicDamageDone"":2270,""magicDamageDoneToChampions"":1451,""magicDamageTaken"":3989,""physicalDamageDone"":77487,""physicalDamageDo'"
2464,"b'neToChampions"":16863,""physicalDamageTaken"":6608,""totalDamageDone"":80430,""totalDamageDoneToChampions"":18543,""totalDamageTaken"":10'"
2465,"b'817,""trueDamageDone"":671,""trueDamageDoneToChampions"":228,""trueDamageTaken"":219},""goldPerSecond"":0,""jungleMinionsKilled"":4,""level'"
2466,"b'"":12,""minionsKilled"":177,""participantId"":9,""position"":{""x"":6521,""y"":7230},""timeEnemySpentControlled"":72815,""totalGold"":9537,""xp""'"
2467,"b':8860},""10"":{""championStats"":{""abilityHaste"":0,""abilityPower"":20,""armor"":120,""armorPen"":0,""armorPenPercent"":0,""attackDamage"":78,'"
2468,"b'""attackSpeed"":111,""bonusArmorPenPercent"":0,""bonusMagicPenPercent"":0,""ccReduction"":6,""cooldownReduction"":0,""health"":284,""healthMa'"
2469,"b'x"":2089,""healthRegen"":79,""lifesteal"":0,""magicPen"":0,""magicPenPercent"":0,""magicResist"":82,""movementSpeed"":255,""omnivamp"":0,""physi'"
2470,"b'calVamp"":0,""power"":122,""powerMax"":698,""powerRegen"":17,""spellVamp"":0},""currentGold"":660,""damageStats"":{""magicDamageDone"":4055,""ma'"
2471,"b'gicDamageDoneToChampions"":2113,""magicDamageTaken"":4723,""physicalDamageDone"":3969,""physicalDamageDoneToChampions"":801,""physicalDa'"
2472,"b'mageTaken"":5948,""totalDamageDone"":14078,""totalDamageDoneToChampions"":3591,""totalDamageTaken"":11298,""trueDamageDone"":6052,""trueDa'"
2473,"b'mageDoneToChampions"":675,""trueDamageTaken"":626},""goldPerSecond"":30,""jungleMinionsKilled"":0,""level"":10,""minionsKilled"":28,""partic'"
2474,"b'ipantId"":10,""position"":{""x"":5425,""y"":7531},""timeEnemySpentControlled"":134504,""totalGold"":5330,""xp"":6493}},""timestamp"":1200341},{'"
2475,"b'""events"":[{""creatorId"":5,""timestamp"":1201312,""type"":""WARD_PLACED"",""wardType"":""SIGHT_WARD""},{""creatorId"":10,""timestamp"":1201446,""'"
2476,"b'type"":""WARD_PLACED"",""wardType"":""SIGHT_WARD""},{""itemId"":3070,""participantId"":4,""timestamp"":1202280,""type"":""ITEM_DESTROYED""},{""ite'"
2477,"b'mId"":3133,""participantId"":4,""timestamp"":1202280,""type"":""ITEM_DESTROYED""},{""itemId"":1036,""participantId"":4,""timestamp"":1202280,""t'"
2478,"b'ype"":""ITEM_DESTROYED""},{""itemId"":3004,""participantId"":4,""timestamp"":1202280,""type"":""ITEM_PURCHASED""},{""itemId"":1052,""participant'"
2479,"b'Id"":7,""timestamp"":1202347,""type"":""ITEM_PURCHASED""},{""itemId"":3004,""participantId"":4,""timestamp"":1202579,""type"":""ITEM_DESTROYED""}'"
2480,"b',{""itemId"":2055,""participantId"":7,""timestamp"":1203146,""type"":""ITEM_PURCHASED""},{""creatorId"":9,""timestamp"":1203582,""type"":""WARD_P'"
2481,"b'LACED"",""wardType"":""BLUE_TRINKET""},{""levelUpType"":""NORMAL"",""participantId"":4,""skillSlot"":4,""timestamp"":1204551,""type"":""SKILL_LEVE'"
2482,"b'L_UP""},{""levelUpType"":""NORMAL"",""participantId"":9,""skillSlot"":3,""timestamp"":1210401,""type"":""SKILL_LEVEL_UP""},{""killerId"":8,""times'"
2483,"b'tamp"":1214934,""type"":""WARD_KILL"",""wardType"":""BLUE_TRINKET""},{""assistingParticipantIds"":[5],""bounty"":300,""killStreakLength"":1,""ki'"
2484,"b'llerId"":1,""position"":{""x"":7438,""y"":6730},""shutdownBounty"":0,""timestamp"":1215166,""type"":""CHAMPION_KILL"",""victimDamageDealt"":[{""ba'"
2485,"b'sic"":false,""magicDamage"":99,""name"":""Rell"",""participantId"":5,""physicalDamage"":0,""spellName"":""rellr"",""spellSlot"":3,""trueDamage"":0,'"
2486,"b'""type"":""OTHER""},{""basic"":false,""magicDamage"":71,""name"":""Rell"",""participantId"":5,""physicalDamage"":0,""spellName"":""rellw_dismount"",'"
2487,"b'""spellSlot"":1,""trueDamage"":0,""type"":""OTHER""},{""basic"":false,""magicDamage"":51,""name"":""Rell"",""participantId"":5,""physicalDamage"":0,'"
2488,"b'""spellName"":""rellq"",""spellSlot"":0,""trueDamage"":0,""type"":""OTHER""},{""basic"":false,""magicDamage"":90,""name"":""Rell"",""participantId"":5'"
2489,"b',""physicalDamage"":0,""spellName"":""relle"",""spellSlot"":2,""trueDamage"":0,""type"":""OTHER""}],""victimDamageReceived"":[{""basic"":false,""ma'"
2490,"b'gicDamage"":0,""name"":""Taliyah"",""participantId"":3,""physicalDamage"":0,""spellName"":""taliyahe"",""spellSlot"":2,""trueDamage"":0,""type"":""O'"
2491,"b'THER""},{""basic"":true,""magicDamage"":0,""name"":""SRU_OrderMinionRanged"",""participantId"":0,""physicalDamage"":47,""spellName"":""sru_order'"
2492,"b'minionrangedbasicattack"",""spellSlot"":64,""trueDamage"":0,""type"":""MINION""},{""basic"":true,""magicDamage"":0,""name"":""SRU_OrderMinionRan'"
2493,"b'ged"",""participantId"":0,""physicalDamage"":15,""spellName"":""sru_orderminionrangedbasicattack2"",""spellSlot"":65,""trueDamage"":0,""type"":'"
2494,"b'""MINION""},{""basic"":true,""magicDamage"":0,""name"":""Turret"",""participantId"":0,""physicalDamage"":490,""spellName"":""turretbasicattack"",""'"
2495,"b'spellSlot"":64,""trueDamage"":0,""type"":""TOWER""},{""basic"":false,""magicDamage"":0,""name"":""Ezreal"",""participantId"":4,""physicalDamage"":0'"
2496,"b',""spellName"":""ezreale"",""spellSlot"":2,""trueDamage"":0,""type"":""OTHER""},{""basic"":false,""magicDamage"":389,""name"":""Belveth"",""participa'"
2497,"b'ntId"":2,""physicalDamage"":0,""spellName"":""belvethw"",""spellSlot"":1,""trueDamage"":0,""type"":""OTHER""},{""basic"":false,""magicDamage"":0,""n'"
2498,"b'ame"":""Belveth"",""participantId"":2,""physicalDamage"":302,""spellName"":""belvethq"",""spellSlot"":0,""trueDamage"":0,""type"":""OTHER""},{""basi'"
2499,"b'c"":false,""magicDamage"":0,""name"":""Belveth"",""participantId"":2,""physicalDamage"":42,""spellName"":""belvethe"",""spellSlot"":2,""trueDamage'"
2500,"b'"":0,""type"":""OTHER""},{""basic"":false,""magicDamage"":0,""name"":""Belveth"",""participantId"":2,""physicalDamage"":7,""spellName"":"""",""spellSl'"
2501,"b'ot"":-1,""trueDamage"":0,""type"":""OTHER""},{""basic"":false,""magicDamage"":0,""name"":""Belveth"",""participantId"":2,""physicalDamage"":0,""spel'"
2502,"b'lName"":""belvethr"",""spellSlot"":3,""trueDamage"":337,""type"":""OTHER""},{""basic"":false,""magicDamage"":0,""name"":""Belveth"",""participantId""'"
2503,"b':2,""physicalDamage"":98,""spellName"":"""",""spellSlot"":-1,""trueDamage"":0,""type"":""OTHER""},{""basic"":true,""magicDamage"":0,""name"":""Rakan""'"
2504,"b',""participantId"":5,""physicalDamage"":36,""spellName"":""rakanbasicattackshort"",""spellSlot"":49,""trueDamage"":0,""type"":""OTHER""},{""basic'"
2505,"b'"":false,""magicDamage"":73,""name"":""Rakan"",""participantId"":5,""physicalDamage"":0,""spellName"":""rakanr"",""spellSlot"":3,""trueDamage"":0,""'"
2506,"b'type"":""OTHER""},{""basic"":false,""magicDamage"":0,""name"":""Rakan"",""participantId"":5,""physicalDamage"":0,""spellName"":""rakanw"",""spellSlo'"
2507,"b't"":1,""trueDamage"":0,""type"":""OTHER""},{""basic"":false,""magicDamage"":0,""name"":""Rakan"",""participantId"":5,""physicalDamage"":0,""spellNam'"
2508,"b'e"":""rakanq"",""spellSlot"":0,""trueDamage"":0,""type"":""OTHER""},{""basic"":false,""magicDamage"":168,""name"":""Rumble"",""participantId"":1,""phy'"
2509,"b'sicalDamage"":0,""spellName"":"""",""spellSlot"":-1,""trueDamage"":0,""type"":""OTHER""},{""basic"":false,""magicDamage"":150,""name"":""Rumble"",""pa'"
2510,"b'rticipantId"":1,""physicalDamage"":0,""spellName"":""rumbleflamethrower"",""spellSlot"":0,""trueDamage"":0,""type"":""OTHER""},{""basic"":false,""'"
2511,"b'magicDamage"":463,""name"":""Rumble"",""participantId"":1,""physicalDamage"":0,""spellName"":""rumblecarpetbomb"",""spellSlot"":3,""trueDamage"":'"
2512,"b'0,""type"":""OTHER""},{""basic"":false,""magicDamage"":208,""name"":""Rumble"",""participantId"":1,""physicalDamage"":0,""spellName"":""rumblegrena'"
2513,"b'de"",""spellSlot"":2,""trueDamage"":0,""type"":""OTHER""}],""victimId"":10},{""creatorId"":5,""timestamp"":1215798,""type"":""WARD_PLACED"",""wardTy'"
2514,"b'pe"":""SIGHT_WARD""},{""itemId"":1036,""participantId"":2,""timestamp"":1217575,""type"":""ITEM_DESTROYED""},{""itemId"":1036,""participantId"":2'"
2515,"b',""timestamp"":1217575,""type"":""ITEM_DESTROYED""},{""itemId"":3133,""participantId"":2,""timestamp"":1217575,""type"":""ITEM_PURCHASED""},{""as'"
2516,"b'sistingParticipantIds"":[6,8],""bounty"":300,""killStreakLength"":7,""killerId"":9,""position"":{""x"":5919,""y"":6015},""shutdownBounty"":0,""t'"
2517,"b'imestamp"":1221407,""type"":""CHAMPION_KILL"",""victimDamageDealt"":[{""basic"":false,""magicDamage"":141,""name"":""Rumble"",""participantId"":6'"
2518,"b',""physicalDamage"":0,""spellName"":"""",""spellSlot"":-1,""trueDamage"":0,""type"":""OTHER""},{""basic"":false,""magicDamage"":166,""name"":""Rumble'"
2519,"b'"",""participantId"":6,""physicalDamage"":0,""spellName"":""rumblegrenade"",""spellSlot"":2,""trueDamage"":0,""type"":""OTHER""},{""basic"":false,""'"
2520,"b'magicDamage"":84,""name"":""Rumble"",""participantId"":6,""physicalDamage"":0,""spellName"":"""",""spellSlot"":-1,""trueDamage"":0,""type"":""OTHER""'"
2521,"b'},{""basic"":false,""magicDamage"":105,""name"":""Rumble"",""participantId"":6,""physicalDamage"":0,""spellName"":""rumbleflamethrower"",""spellS'"
2522,"b'lot"":0,""trueDamage"":0,""type"":""OTHER""},{""basic"":false,""magicDamage"":0,""name"":""Rumble"",""participantId"":8,""physicalDamage"":0,""spell'"
2523,"b'Name"":""summonerdot"",""spellSlot"":4,""trueDamage"":310,""type"":""OTHER""},{""basic"":false,""magicDamage"":113,""name"":""Rumble"",""participant'"
2524,"b'Id"":8,""physicalDamage"":0,""spellName"":"""",""spellSlot"":-1,""trueDamage"":0,""type"":""OTHER""},{""basic"":false,""magicDamage"":414,""name"":""R'"
2525,"b'umble"",""participantId"":8,""physicalDamage"":0,""spellName"":""rumbleflamethrower"",""spellSlot"":0,""trueDamage"":0,""type"":""OTHER""},{""basi'"
2526,"b'c"":true,""magicDamage"":0,""name"":""Rumble"",""participantId"":8,""physicalDamage"":54,""spellName"":""rumbleheatsystem"",""spellSlot"":63,""tru'"
2527,"b'eDamage"":0,""type"":""OTHER""},{""basic"":false,""magicDamage"":228,""name"":""Rumble"",""participantId"":8,""physicalDamage"":0,""spellName"":""ru'"
2528,"b'mblegrenade"",""spellSlot"":2,""trueDamage"":0,""type"":""OTHER""},{""basic"":false,""magicDamage"":110,""name"":""Rumble"",""participantId"":8,""ph'"
2529,"b'ysicalDamage"":0,""spellName"":"""",""spellSlot"":-1,""trueDamage"":0,""type"":""OTHER""},{""basic"":false,""magicDamage"":20,""name"":""Rumble"",""pa'"
2530,"b'rticipantId"":9,""physicalDamage"":0,""spellName"":"""",""spellSlot"":-1,""trueDamage"":0,""type"":""OTHER""},{""basic"":true,""magicDamage"":0,""na'"
2531,"b'me"":""Rumble"",""participantId"":9,""physicalDamage"":57,""spellName"":""rumblebasicattack2"",""spellSlot"":65,""trueDamage"":0,""type"":""OTHER""'"
2532,"b'},{""basic"":false,""magicDamage"":216,""name"":""Rumble"",""participantId"":9,""physicalDamage"":0,""spellName"":""rumbleflamethrower"",""spellS'"
2533,"b'lot"":0,""trueDamage"":0,""type"":""OTHER""},{""basic"":false,""magicDamage"":245,""name"":""Rumble"",""participantId"":9,""physicalDamage"":0,""spe'"
2534,"b'llName"":""rumblegrenade"",""spellSlot"":2,""trueDamage"":0,""type"":""OTHER""},{""basic"":false,""magicDamage"":208,""name"":""Rumble"",""participa'"
2535,"b'ntId"":10,""physicalDamage"":0,""spellName"":""rumblegrenade"",""spellSlot"":2,""trueDamage"":0,""type"":""OTHER""}],""victimDamageReceived"":[{""'"
2536,"b'basic"":false,""magicDamage"":0,""name"":""Zed"",""participantId"":8,""physicalDamage"":97,""spellName"":""zedq"",""spellSlot"":0,""trueDamage"":0,'"
2537,"b'""type"":""OTHER""},{""basic"":false,""magicDamage"":0,""name"":""Zed"",""participantId"":8,""physicalDamage"":0,""spellName"":"""",""spellSlot"":-1,""'"
2538,"b'trueDamage"":0,""type"":""OTHER""},{""basic"":false,""magicDamage"":0,""name"":""Lucian"",""participantId"":9,""physicalDamage"":0,""spellName"":""l'"
2539,"b'ucianw"",""spellSlot"":1,""trueDamage"":0,""type"":""OTHER""},{""basic"":false,""magicDamage"":0,""name"":""Lucian"",""participantId"":9,""physicalD'"
2540,"b'amage"":0,""spellName"":""burning"",""spellSlot"":-1,""trueDamage"":45,""type"":""OTHER""},{""basic"":false,""magicDamage"":0,""name"":""Lucian"",""pa'"
2541,"b'rticipantId"":9,""physicalDamage"":0,""spellName"":""lucianr"",""spellSlot"":3,""trueDamage"":0,""type"":""OTHER""},{""basic"":false,""magicDamage'"
2542,"b'"":103,""name"":""Lucian"",""participantId"":9,""physicalDamage"":0,""spellName"":""lucianpassive"",""spellSlot"":63,""trueDamage"":0,""type"":""OTH'"
2543,"b'ER""},{""basic"":true,""magicDamage"":0,""name"":""Lucian"",""participantId"":9,""physicalDamage"":403,""spellName"":""lucianpassive"",""spellSlot'"
2544,"b'"":63,""trueDamage"":0,""type"":""OTHER""},{""basic"":false,""magicDamage"":107,""name"":""Lucian"",""participantId"":9,""physicalDamage"":283,""spe'"
2545,"b'llName"":""lucianpassiveattack"",""spellSlot"":0,""trueDamage"":0,""type"":""OTHER""},{""basic"":false,""magicDamage"":0,""name"":""Lucian"",""parti'"
2546,"b'cipantId"":9,""physicalDamage"":235,""spellName"":""lucianq"",""spellSlot"":0,""trueDamage"":0,""type"":""OTHER""},{""basic"":false,""magicDamage""'"
2547,"b':0,""name"":""Lucian"",""participantId"":9,""physicalDamage"":308,""spellName"":"""",""spellSlot"":-1,""trueDamage"":0,""type"":""OTHER""},{""basic"":'"
2548,"b'false,""magicDamage"":0,""name"":""Lucian"",""participantId"":9,""physicalDamage"":74,""spellName"":"""",""spellSlot"":-1,""trueDamage"":0,""type"":'"
2549,"b'""OTHER""},{""basic"":true,""magicDamage"":0,""name"":""Lucian"",""participantId"":9,""physicalDamage"":143,""spellName"":""lucianbasicattack"",""s'"
2550,"b'pellSlot"":64,""trueDamage"":0,""type"":""OTHER""},{""basic"":false,""magicDamage"":34,""name"":""Lucian"",""participantId"":9,""physicalDamage"":0'"
2551,"b',""spellName"":""lucianbasicattack"",""spellSlot"":64,""trueDamage"":0,""type"":""OTHER""},{""basic"":false,""magicDamage"":191,""name"":""Udyr"",""p'"
2552,"b'articipantId"":6,""physicalDamage"":0,""spellName"":""udyrpassive"",""spellSlot"":63,""trueDamage"":0,""type"":""OTHER""},{""basic"":true,""magicD'"
2553,"b'amage"":0,""name"":""Udyr"",""participantId"":6,""physicalDamage"":54,""spellName"":""udyre"",""spellSlot"":2,""trueDamage"":0,""type"":""OTHER""},{""'"
2554,"b'basic"":true,""magicDamage"":0,""name"":""Udyr"",""participantId"":6,""physicalDamage"":54,""spellName"":""udyrbasicattack"",""spellSlot"":64,""tr'"
2555,"b'ueDamage"":0,""type"":""OTHER""},{""basic"":false,""magicDamage"":111,""name"":""Udyr"",""participantId"":6,""physicalDamage"":8,""spellName"":"""",""'"
2556,"b'spellSlot"":0,""trueDamage"":0,""type"":""OTHER""},{""basic"":true,""magicDamage"":0,""name"":""Udyr"",""participantId"":6,""physicalDamage"":54,""s'"
2557,"b'pellName"":"""",""spellSlot"":0,""trueDamage"":0,""type"":""OTHER""},{""basic"":false,""magicDamage"":0,""name"":""Udyr"",""participantId"":6,""physic'"
2558,"b'alDamage"":78,""spellName"":""udyrq"",""spellSlot"":-1,""trueDamage"":0,""type"":""OTHER""},{""basic"":true,""magicDamage"":0,""name"":""Udyr"",""part'"
2559,"b'icipantId"":6,""physicalDamage"":119,""spellName"":""udyrr"",""spellSlot"":3,""trueDamage"":0,""type"":""OTHER""}],""victimId"":1},{""bounty"":300,'"
2560,"b'""killStreakLength"":0,""killerId"":1,""position"":{""x"":6237,""y"":5954},""shutdownBounty"":700,""timestamp"":1222610,""type"":""CHAMPION_KILL""'"
2561,"b',""victimDamageDealt"":[{""basic"":false,""magicDamage"":58,""name"":""Nidalee"",""participantId"":5,""physicalDamage"":0,""spellName"":""lucianw'"
2562,"b'"",""spellSlot"":1,""trueDamage"":0,""type"":""OTHER""},{""basic"":false,""magicDamage"":0,""name"":""Nidalee"",""participantId"":5,""physicalDamage'"
2563,"b'"":0,""spellName"":""burning"",""spellSlot"":-1,""trueDamage"":138,""type"":""OTHER""},{""basic"":false,""magicDamage"":66,""name"":""Nidalee"",""part'"
2564,"b'icipantId"":5,""physicalDamage"":315,""spellName"":""lucianpassiveattack"",""spellSlot"":0,""trueDamage"":0,""type"":""OTHER""},{""basic"":false,'"
2565,"b'""magicDamage"":32,""name"":""Nidalee"",""participantId"":5,""physicalDamage"":0,""spellName"":""lucianpassive"",""spellSlot"":63,""trueDamage"":0'"
2566,"b',""type"":""OTHER""},{""basic"":true,""magicDamage"":0,""name"":""Nidalee"",""participantId"":5,""physicalDamage"":540,""spellName"":""lucianpassiv'"
2567,"b'e"",""spellSlot"":63,""trueDamage"":0,""type"":""OTHER""},{""basic"":false,""magicDamage"":0,""name"":""Nidalee"",""participantId"":5,""physicalDama'"
2568,"b'ge"":105,""spellName"":"""",""spellSlot"":-1,""trueDamage"":0,""type"":""OTHER""},{""basic"":false,""magicDamage"":0,""name"":""Nidalee"",""participan'"
2569,"b'tId"":5,""physicalDamage"":214,""spellName"":""lucianq"",""spellSlot"":0,""trueDamage"":0,""type"":""OTHER""},{""basic"":false,""magicDamage"":0,""n'"
2570,"b'ame"":""Nidalee"",""participantId"":5,""physicalDamage"":385,""spellName"":""lucianr"",""spellSlot"":3,""trueDamage"":0,""type"":""OTHER""}],""victi'"
2571,"b'mDamageReceived"":[{""basic"":false,""magicDamage"":64,""name"":""Rumble"",""participantId"":1,""physicalDamage"":0,""spellName"":"""",""spellSlot'"
2572,"b'"":-1,""trueDamage"":0,""type"":""OTHER""},{""basic"":true,""magicDamage"":0,""name"":""Rumble"",""participantId"":1,""physicalDamage"":57,""spellNa'"
2573,"b'me"":""rumblebasicattack2"",""spellSlot"":65,""trueDamage"":0,""type"":""OTHER""},{""basic"":false,""magicDamage"":216,""name"":""Rumble"",""partici'"
2574,"b'pantId"":1,""physicalDamage"":0,""spellName"":""rumbleflamethrower"",""spellSlot"":0,""trueDamage"":0,""type"":""OTHER""},{""basic"":false,""magic'"
2575,"b'Damage"":245,""name"":""Rumble"",""participantId"":1,""physicalDamage"":0,""spellName"":""rumblegrenade"",""spellSlot"":2,""trueDamage"":0,""type""'"
2576,"b':""OTHER""},{""basic"":true,""magicDamage"":0,""name"":""SRU_OrderMinionMelee"",""participantId"":0,""physicalDamage"":22,""spellName"":""sru_ord'"
2577,"b'erminionmeleebasicattack"",""spellSlot"":64,""trueDamage"":0,""type"":""MINION""}],""victimId"":9},{""killType"":""KILL_MULTI"",""killerId"":1,""m'"
2578,"b'ultiKillLength"":2,""position"":{""x"":5919,""y"":6015},""timestamp"":1222610,""type"":""CHAMPION_SPECIAL_KILL""},{""level"":10,""participantId""'"
2579,"b':5,""timestamp"":1222610,""type"":""LEVEL_UP""},{""levelUpType"":""NORMAL"",""participantId"":5,""skillSlot"":3,""timestamp"":1223713,""type"":""SK'"
2580,"b'ILL_LEVEL_UP""},{""bounty"":300,""killStreakLength"":1,""killerId"":1,""position"":{""x"":6859,""y"":6481},""shutdownBounty"":0,""timestamp"":122'"
2581,"b'4046,""type"":""CHAMPION_KILL"",""victimDamageDealt"":[{""basic"":false,""magicDamage"":36,""name"":""Udyr"",""participantId"":5,""physicalDamage'"
2582,"b'"":0,""spellName"":"""",""spellSlot"":0,""trueDamage"":0,""type"":""OTHER""}],""victimDamageReceived"":[{""basic"":true,""magicDamage"":0,""name"":""S'"
2583,"b'RU_OrderMinionSiege"",""participantId"":0,""physicalDamage"":134,""spellName"":""sru_orderminionrangedbasicattack"",""spellSlot"":64,""trueD'"
2584,"b'amage"":0,""type"":""MINION""},{""basic"":true,""magicDamage"":0,""name"":""SRU_OrderMinionSiege"",""participantId"":0,""physicalDamage"":335,""sp'"
2585,"b'ellName"":""sru_orderminionmeleebasicattack"",""spellSlot"":64,""trueDamage"":0,""type"":""MINION""},{""basic"":true,""magicDamage"":0,""name"":""'"
2586,"b'SRU_OrderMinionSiege"",""participantId"":0,""physicalDamage"":84,""spellName"":""sru_orderminionsiegebasicattack"",""spellSlot"":64,""trueDa'"
2587,"b'mage"":0,""type"":""MINION""},{""basic"":true,""magicDamage"":0,""name"":""SRU_OrderMinionSiege"",""participantId"":0,""physicalDamage"":192,""spe'"
2588,"b'llName"":""sru_orderminionrangedbasicattack2"",""spellSlot"":65,""trueDamage"":0,""type"":""MINION""},{""basic"":false,""magicDamage"":174,""nam'"
2589,"b'e"":""Rumble"",""participantId"":1,""physicalDamage"":0,""spellName"":"""",""spellSlot"":-1,""trueDamage"":0,""type"":""OTHER""},{""basic"":false,""ma'"
2590,"b'gicDamage"":166,""name"":""Rumble"",""participantId"":1,""physicalDamage"":0,""spellName"":""rumblegrenade"",""spellSlot"":2,""trueDamage"":0,""ty'"
2591,"b'pe"":""OTHER""},{""basic"":false,""magicDamage"":84,""name"":""Rumble"",""participantId"":1,""physicalDamage"":0,""spellName"":"""",""spellSlot"":-1,'"
2592,"b'""trueDamage"":0,""type"":""OTHER""},{""basic"":false,""magicDamage"":105,""name"":""Rumble"",""participantId"":1,""physicalDamage"":0,""spellName""'"
2593,"b':""rumbleflamethrower"",""spellSlot"":0,""trueDamage"":0,""type"":""OTHER""},{""basic"":true,""magicDamage"":0,""name"":""Turret"",""participantId""'"
2594,"b':0,""physicalDamage"":1533,""spellName"":""turretbasicattack"",""spellSlot"":64,""trueDamage"":0,""type"":""TOWER""}],""victimId"":6},{""killType'"
2595,"b'"":""KILL_MULTI"",""killerId"":1,""multiKillLength"":3,""position"":{""x"":5919,""y"":6015},""timestamp"":1224046,""type"":""CHAMPION_SPECIAL_KILL'"
2596,"b'""},{""itemId"":2031,""participantId"":3,""timestamp"":1226949,""type"":""ITEM_SOLD""},{""itemId"":3145,""participantId"":1,""timestamp"":1227384'"
2597,"b',""type"":""ITEM_DESTROYED""},{""itemId"":3152,""participantId"":1,""timestamp"":1227384,""type"":""ITEM_PURCHASED""},{""itemId"":3067,""particip'"
2598,"b'antId"":3,""timestamp"":1228016,""type"":""ITEM_PURCHASED""},{""itemId"":1028,""participantId"":10,""timestamp"":1230384,""type"":""ITEM_PURCHAS'"
2599,"b'ED""},{""itemId"":2055,""participantId"":5,""timestamp"":1230484,""type"":""ITEM_PURCHASED""},{""itemId"":2055,""participantId"":10,""timestamp""'"
2600,"b':1230884,""type"":""ITEM_PURCHASED""},{""itemId"":2055,""participantId"":5,""timestamp"":1230950,""type"":""ITEM_PURCHASED""},{""itemId"":2055,""'"
2601,"b'participantId"":10,""timestamp"":1231017,""type"":""ITEM_PURCHASED""},{""itemId"":1028,""participantId"":6,""timestamp"":1231550,""type"":""ITEM'"
2602,"b'_DESTROYED""},{""itemId"":1011,""participantId"":6,""timestamp"":1231550,""type"":""ITEM_PURCHASED""},{""level"":14,""participantId"":8,""timest'"
2603,"b'amp"":1235686,""type"":""LEVEL_UP""},{""levelUpType"":""NORMAL"",""participantId"":8,""skillSlot"":2,""timestamp"":1237153,""type"":""SKILL_LEVEL_'"
2604,"b'UP""},{""creatorId"":8,""timestamp"":1238353,""type"":""WARD_PLACED"",""wardType"":""BLUE_TRINKET""},{""creatorId"":7,""timestamp"":1240021,""type'"
2605,"b'"":""WARD_PLACED"",""wardType"":""UNDEFINED""},{""bounty"":0,""buildingType"":""TOWER_BUILDING"",""killerId"":0,""laneType"":""MID_LANE"",""position'"
2606,"b'"":{""x"":5846,""y"":6396},""teamId"":100,""timestamp"":1241120,""towerType"":""OUTER_TURRET"",""type"":""BUILDING_KILL""},{""itemId"":1055,""partic'"
2607,"b'ipantId"":9,""timestamp"":1243359,""type"":""ITEM_SOLD""},{""itemId"":1038,""participantId"":9,""timestamp"":1244722,""type"":""ITEM_PURCHASED""}'"
2608,"b',{""itemId"":1052,""participantId"":6,""timestamp"":1247624,""type"":""ITEM_PURCHASED""},{""killerId"":4,""timestamp"":1247725,""type"":""WARD_KI'"
2609,"b'LL"",""wardType"":""BLUE_TRINKET""},{""creatorId"":4,""timestamp"":1251062,""type"":""WARD_PLACED"",""wardType"":""BLUE_TRINKET""},{""killerId"":4,'"
2610,"b'""timestamp"":1251696,""type"":""WARD_KILL"",""wardType"":""SIGHT_WARD""},{""creatorId"":5,""timestamp"":1251696,""type"":""WARD_PLACED"",""wardTyp'"
2611,"b'e"":""UNDEFINED""},{""creatorId"":7,""timestamp"":1252297,""type"":""WARD_PLACED"",""wardType"":""UNDEFINED""},{""itemId"":2055,""participantId"":5'"
2612,"b',""timestamp"":1253194,""type"":""ITEM_DESTROYED""},{""creatorId"":5,""timestamp"":1253194,""type"":""WARD_PLACED"",""wardType"":""CONTROL_WARD""}'"
2613,"b',{""itemId"":2055,""participantId"":5,""timestamp"":1255495,""type"":""ITEM_DESTROYED""},{""creatorId"":5,""timestamp"":1255495,""type"":""WARD_P'"
2614,"b'LACED"",""wardType"":""CONTROL_WARD""},{""creatorId"":5,""timestamp"":1257496,""type"":""WARD_PLACED"",""wardType"":""SIGHT_WARD""},{""itemId"":205'"
2615,"b'5,""participantId"":7,""timestamp"":1258496,""type"":""ITEM_DESTROYED""},{""creatorId"":7,""timestamp"":1258496,""type"":""WARD_PLACED"",""wardTy'"
2616,"b'pe"":""CONTROL_WARD""}],""participantFrames"":{""1"":{""championStats"":{""abilityHaste"":0,""abilityPower"":253,""armor"":87,""armorPen"":0,""arm'"
2617,"b'orPenPercent"":0,""attackDamage"":100,""attackSpeed"":120,""bonusArmorPenPercent"":0,""bonusMagicPenPercent"":0,""ccReduction"":25,""cooldow'"
2618,"b'nReduction"":0,""health"":120,""healthMax"":2444,""healthRegen"":27,""lifesteal"":0,""magicPen"":11,""magicPenPercent"":0,""magicResist"":52,""m'"
2619,"b'ovementSpeed"":429,""omnivamp"":0,""physicalVamp"":0,""power"":0,""powerMax"":150,""powerRegen"":0,""spellVamp"":0},""currentGold"":68,""damageS'"
2620,"b'tats"":{""magicDamageDone"":73017,""magicDamageDoneToChampions"":11466,""magicDamageTaken"":2694,""physicalDamageDone"":9956,""physicalDam'"
2621,"b'ageDoneToChampions"":159,""physicalDamageTaken"":4808,""totalDamageDone"":83710,""totalDamageDoneToChampions"":12361,""totalDamageTaken""'"
2622,"b':7627,""trueDamageDone"":736,""trueDamageDoneToChampions"":736,""trueDamageTaken"":124},""goldPerSecond"":0,""jungleMinionsKilled"":0,""lev'"
2623,"b'el"":13,""minionsKilled"":172,""participantId"":1,""position"":{""x"":5919,""y"":6015},""timeEnemySpentControlled"":186974,""totalGold"":8553,""'"
2624,"b'xp"":11364},""2"":{""championStats"":{""abilityHaste"":0,""abilityPower"":0,""armor"":78,""armorPen"":0,""armorPenPercent"":0,""attackDamage"":17'"
2625,"b'1,""attackSpeed"":223,""bonusArmorPenPercent"":0,""bonusMagicPenPercent"":0,""ccReduction"":0,""cooldownReduction"":0,""health"":1478,""healt'"
2626,"b'hMax"":1478,""healthRegen"":22,""lifesteal"":0,""magicPen"":0,""magicPenPercent"":0,""magicResist"":49,""movementSpeed"":467,""omnivamp"":0,""ph'"
2627,"b'ysicalVamp"":0,""power"":0,""powerMax"":60,""powerRegen"":0,""spellVamp"":0},""currentGold"":289,""damageStats"":{""magicDamageDone"":16166,""ma'"
2628,"b'gicDamageDoneToChampions"":1115,""magicDamageTaken"":3342,""physicalDamageDone"":91150,""physicalDamageDoneToChampions"":2831,""physical'"
2629,"b'DamageTaken"":14232,""totalDamageDone"":133345,""totalDamageDoneToChampions"":4432,""totalDamageTaken"":18124,""trueDamageDone"":26029,""t'"
2630,"b'rueDamageDoneToChampions"":484,""trueDamageTaken"":549},""goldPerSecond"":0,""jungleMinionsKilled"":112,""level"":11,""minionsKilled"":8,""p'"
2631,"b'articipantId"":2,""position"":{""x"":4966,""y"":10185},""timeEnemySpentControlled"":308281,""totalGold"":6539,""xp"":7655},""3"":{""championStat'"
2632,"b's"":{""abilityHaste"":0,""abilityPower"":129,""armor"":70,""armorPen"":0,""armorPenPercent"":0,""attackDamage"":95,""attackSpeed"":123,""bonusAr'"
2633,"b'morPenPercent"":0,""bonusMagicPenPercent"":0,""ccReduction"":0,""cooldownReduction"":0,""health"":2033,""healthMax"":2033,""healthRegen"":25,'"
2634,"b'""lifesteal"":0,""magicPen"":24,""magicPenPercent"":0,""magicResist"":42,""movementSpeed"":401,""omnivamp"":0,""physicalVamp"":0,""power"":1875,'"
2635,"b'""powerMax"":2215,""powerRegen"":31,""spellVamp"":0},""currentGold"":249,""damageStats"":{""magicDamageDone"":79231,""magicDamageDoneToChampi'"
2636,"b'ons"":8864,""magicDamageTaken"":2999,""physicalDamageDone"":6508,""physicalDamageDoneToChampions"":168,""physicalDamageTaken"":5562,""tota'"
2637,"b'lDamageDone"":87648,""totalDamageDoneToChampions"":9032,""totalDamageTaken"":8901,""trueDamageDone"":1907,""trueDamageDoneToChampions"":0'"
2638,"b',""trueDamageTaken"":339},""goldPerSecond"":0,""jungleMinionsKilled"":0,""level"":12,""minionsKilled"":170,""participantId"":3,""position"":{""'"
2639,"b'x"":4223,""y"":10203},""timeEnemySpentControlled"":335823,""totalGold"":6839,""xp"":9898},""4"":{""championStats"":{""abilityHaste"":0,""ability'"
2640,"b'Power"":0,""armor"":70,""armorPen"":0,""armorPenPercent"":0,""attackDamage"":235,""attackSpeed"":214,""bonusArmorPenPercent"":0,""bonusMagicPe'"
2641,"b'nPercent"":0,""ccReduction"":0,""cooldownReduction"":0,""health"":1789,""healthMax"":1875,""healthRegen"":19,""lifesteal"":4,""magicPen"":0,""ma'"
2642,"b'gicPenPercent"":0,""magicResist"":40,""movementSpeed"":403,""omnivamp"":2,""physicalVamp"":0,""power"":1544,""powerMax"":1969,""powerRegen"":34'"
2643,"b',""spellVamp"":0},""currentGold"":538,""damageStats"":{""magicDamageDone"":7227,""magicDamageDoneToChampions"":3104,""magicDamageTaken"":245'"
2644,"b'2,""physicalDamageDone"":73695,""physicalDamageDoneToChampions"":8575,""physicalDamageTaken"":8527,""totalDamageDone"":84631,""totalDamag'"
2645,"b'eDoneToChampions"":11680,""totalDamageTaken"":11676,""trueDamageDone"":3708,""trueDamageDoneToChampions"":0,""trueDamageTaken"":696},""gol'"
2646,"b'dPerSecond"":0,""jungleMinionsKilled"":0,""level"":11,""minionsKilled"":173,""participantId"":4,""position"":{""x"":4795,""y"":10022},""timeEnem'"
2647,"b'ySpentControlled"":1631,""totalGold"":8081,""xp"":7586},""5"":{""championStats"":{""abilityHaste"":0,""abilityPower"":86,""armor"":97,""armorPen'"
2648,"b'"":0,""armorPenPercent"":0,""attackDamage"":93,""attackSpeed"":123,""bonusArmorPenPercent"":0,""bonusMagicPenPercent"":0,""ccReduction"":0,""c'"
2649,"b'ooldownReduction"":0,""health"":1800,""healthMax"":1976,""healthRegen"":35,""lifesteal"":0,""magicPen"":0,""magicPenPercent"":0,""magicResist""'"
2650,"b':46,""movementSpeed"":447,""omnivamp"":0,""physicalVamp"":0,""power"":558,""powerMax"":702,""powerRegen"":50,""spellVamp"":0},""currentGold"":33'"
2651,"b'4,""damageStats"":{""magicDamageDone"":5192,""magicDamageDoneToChampions"":2896,""magicDamageTaken"":3163,""physicalDamageDone"":5146,""phy'"
2652,"b'sicalDamageDoneToChampions"":1163,""physicalDamageTaken"":10561,""totalDamageDone"":17712,""totalDamageDoneToChampions"":4806,""totalDam'"
2653,"b'ageTaken"":14283,""trueDamageDone"":7373,""trueDamageDoneToChampions"":746,""trueDamageTaken"":557},""goldPerSecond"":30,""jungleMinionsKi'"
2654,"b'lled"":0,""level"":10,""minionsKilled"":34,""participantId"":5,""position"":{""x"":5661,""y"":10869},""timeEnemySpentControlled"":77527,""totalG'"
2655,"b'old"":5764,""xp"":6209},""6"":{""championStats"":{""abilityHaste"":0,""abilityPower"":68,""armor"":118,""armorPen"":0,""armorPenPercent"":0,""atta'"
2656,"b'ckDamage"":101,""attackSpeed"":129,""bonusArmorPenPercent"":0,""bonusMagicPenPercent"":0,""ccReduction"":45,""cooldownReduction"":0,""health'"
2657,"b'"":0,""healthMax"":2553,""healthRegen"":26,""lifesteal"":0,""magicPen"":0,""magicPenPercent"":0,""magicResist"":118,""movementSpeed"":395,""omni'"
2658,"b'vamp"":0,""physicalVamp"":0,""power"":373,""powerMax"":763,""powerRegen"":23,""spellVamp"":0},""currentGold"":25,""damageStats"":{""magicDamageD'"
2659,"b'one"":44150,""magicDamageDoneToChampions"":3189,""magicDamageTaken"":7176,""physicalDamageDone"":20606,""physicalDamageDoneToChampions"":'"
2660,"b'1399,""physicalDamageTaken"":6336,""totalDamageDone"":64757,""totalDamageDoneToChampions"":4589,""totalDamageTaken"":14083,""trueDamageDo'"
2661,"b'ne"":0,""trueDamageDoneToChampions"":0,""trueDamageTaken"":570},""goldPerSecond"":0,""jungleMinionsKilled"":4,""level"":12,""minionsKilled"":'"
2662,"b'146,""participantId"":6,""position"":{""x"":6859,""y"":6481},""timeEnemySpentControlled"":1226303,""totalGold"":6850,""xp"":9810},""7"":{""champi'"
2663,"b'onStats"":{""abilityHaste"":0,""abilityPower"":162,""armor"":81,""armorPen"":0,""armorPenPercent"":0,""attackDamage"":88,""attackSpeed"":138,""b'"
2664,"b'onusArmorPenPercent"":0,""bonusMagicPenPercent"":0,""ccReduction"":6,""cooldownReduction"":0,""health"":1906,""healthMax"":1906,""healthRege'"
2665,"b'n"":213,""lifesteal"":0,""magicPen"":0,""magicPenPercent"":0,""magicResist"":70,""movementSpeed"":480,""omnivamp"":0,""physicalVamp"":0,""power""'"
2666,"b':477,""powerMax"":689,""powerRegen"":84,""spellVamp"":0},""currentGold"":339,""damageStats"":{""magicDamageDone"":91771,""magicDamageDoneToCh'"
2667,"b'ampions"":5912,""magicDamageTaken"":8297,""physicalDamageDone"":14572,""physicalDamageDoneToChampions"":294,""physicalDamageTaken"":13570'"
2668,"b',""totalDamageDone"":137155,""totalDamageDoneToChampions"":6917,""totalDamageTaken"":22108,""trueDamageDone"":30812,""trueDamageDoneToCha'"
2669,"b'mpions"":710,""trueDamageTaken"":240},""goldPerSecond"":0,""jungleMinionsKilled"":121,""level"":11,""minionsKilled"":8,""participantId"":7,""p'"
2670,"b'osition"":{""x"":6152,""y"":10427},""timeEnemySpentControlled"":136307,""totalGold"":7219,""xp"":8275},""8"":{""championStats"":{""abilityHaste""'"
2671,"b':0,""abilityPower"":0,""armor"":88,""armorPen"":0,""armorPenPercent"":0,""attackDamage"":259,""attackSpeed"":139,""bonusArmorPenPercent"":0,""b'"
2672,"b'onusMagicPenPercent"":0,""ccReduction"":6,""cooldownReduction"":0,""health"":708,""healthMax"":1850,""healthRegen"":214,""lifesteal"":10,""mag'"
2673,"b'icPen"":0,""magicPenPercent"":0,""magicResist"":61,""movementSpeed"":405,""omnivamp"":0,""physicalVamp"":0,""power"":200,""powerMax"":200,""powe'"
2674,"b'rRegen"":170,""spellVamp"":0},""currentGold"":2797,""damageStats"":{""magicDamageDone"":7083,""magicDamageDoneToChampions"":817,""magicDamag'"
2675,"b'eTaken"":4545,""physicalDamageDone"":107377,""physicalDamageDoneToChampions"":9627,""physicalDamageTaken"":2427,""totalDamageDone"":11519'"
2676,"b'1,""totalDamageDoneToChampions"":11023,""totalDamageTaken"":7282,""trueDamageDone"":731,""trueDamageDoneToChampions"":579,""trueDamageTak'"
2677,"b'en"":310},""goldPerSecond"":0,""jungleMinionsKilled"":8,""level"":14,""minionsKilled"":185,""participantId"":8,""position"":{""x"":7064,""y"":105'"
2678,"b'66},""timeEnemySpentControlled"":122055,""totalGold"":10182,""xp"":11562},""9"":{""championStats"":{""abilityHaste"":0,""abilityPower"":0,""arm'"
2679,"b'or"":75,""armorPen"":0,""armorPenPercent"":0,""attackDamage"":258,""attackSpeed"":172,""bonusArmorPenPercent"":0,""bonusMagicPenPercent"":0,""'"
2680,"b'ccReduction"":6,""cooldownReduction"":0,""health"":0,""healthMax"":1710,""healthRegen"":20,""lifesteal"":12,""magicPen"":0,""magicPenPercent"":'"
2681,"b'0,""magicResist"":42,""movementSpeed"":390,""omnivamp"":0,""physicalVamp"":0,""power"":602,""powerMax"":863,""powerRegen"":29,""spellVamp"":0},""'"
2682,"b'currentGold"":260,""damageStats"":{""magicDamageDone"":2547,""magicDamageDoneToChampions"":1696,""magicDamageTaken"":4836,""physicalDamage'"
2683,"b'Done"":79484,""physicalDamageDoneToChampions"":18697,""physicalDamageTaken"":6688,""totalDamageDone"":82777,""totalDamageDoneToChampions'"
2684,"b'"":20697,""totalDamageTaken"":11744,""trueDamageDone"":746,""trueDamageDoneToChampions"":303,""trueDamageTaken"":219},""goldPerSecond"":0,""'"
2685,"b'jungleMinionsKilled"":4,""level"":12,""minionsKilled"":177,""participantId"":9,""position"":{""x"":6237,""y"":5954},""timeEnemySpentControlled'"
2686,"b'"":82655,""totalGold"":10010,""xp"":9146},""10"":{""championStats"":{""abilityHaste"":0,""abilityPower"":20,""armor"":110,""armorPen"":0,""armorPe'"
2687,"b'nPercent"":0,""attackDamage"":78,""attackSpeed"":111,""bonusArmorPenPercent"":0,""bonusMagicPenPercent"":0,""ccReduction"":6,""cooldownReduc'"
2688,"b'tion"":0,""health"":2239,""healthMax"":2239,""healthRegen"":56,""lifesteal"":0,""magicPen"":0,""magicPenPercent"":0,""magicResist"":74,""movemen'"
2689,"b'tSpeed"":411,""omnivamp"":0,""physicalVamp"":0,""power"":673,""powerMax"":698,""powerRegen"":17,""spellVamp"":0},""currentGold"":300,""damageSta'"
2690,"b'ts"":{""magicDamageDone"":4055,""magicDamageDoneToChampions"":2113,""magicDamageTaken"":5273,""physicalDamageDone"":3969,""physicalDamageD'"
2691,"b'oneToChampions"":801,""physicalDamageTaken"":5948,""totalDamageDone"":14078,""totalDamageDoneToChampions"":3591,""totalDamageTaken"":1184'"
2692,"b'8,""trueDamageDone"":6052,""trueDamageDoneToChampions"":675,""trueDamageTaken"":626},""goldPerSecond"":30,""jungleMinionsKilled"":0,""level'"
2693,"b'"":10,""minionsKilled"":28,""participantId"":10,""position"":{""x"":9428,""y"":11412},""timeEnemySpentControlled"":134504,""totalGold"":5520,""x'"
2694,"b'p"":6531}},""timestamp"":1260360},{""events"":[{""creatorId"":7,""timestamp"":1263066,""type"":""WARD_PLACED"",""wardType"":""UNDEFINED""},{""item'"
2695,"b'Id"":2031,""participantId"":8,""timestamp"":1266798,""type"":""ITEM_SOLD""},{""itemId"":3071,""participantId"":8,""timestamp"":1267664,""type"":""'"
2696,"b'ITEM_PURCHASED""},{""creatorId"":3,""timestamp"":1268595,""type"":""WARD_PLACED"",""wardType"":""BLUE_TRINKET""},{""itemId"":2055,""participantI'"
2697,"b'd"":10,""timestamp"":1269128,""type"":""ITEM_DESTROYED""},{""creatorId"":10,""timestamp"":1269128,""type"":""WARD_PLACED"",""wardType"":""CONTROL_'"
2698,"b'WARD""},{""level"":12,""participantId"":7,""timestamp"":1272571,""type"":""LEVEL_UP""},{""assistingParticipantIds"":[2,3,4,5,7,7],""bounty"":0,'"
2699,"b'""killerId"":10,""killerTeamId"":200,""monsterType"":""BARON_NASHOR"",""position"":{""x"":5007,""y"":10471},""timestamp"":1272571,""type"":""ELITE_'"
2700,"b'MONSTER_KILL""},{""level"":13,""participantId"":6,""timestamp"":1272571,""type"":""LEVEL_UP""},{""level"":11,""participantId"":10,""timestamp"":1'"
2701,"b'272571,""type"":""LEVEL_UP""},{""creatorId"":5,""timestamp"":1272637,""type"":""WARD_PLACED"",""wardType"":""SIGHT_WARD""},{""levelUpType"":""NORMA'"
2702,"b'L"",""participantId"":7,""skillSlot"":3,""timestamp"":1273768,""type"":""SKILL_LEVEL_UP""},{""assistingParticipantIds"":[8,10],""bounty"":175,""'"
2703,"b'killStreakLength"":0,""killerId"":7,""position"":{""x"":4792,""y"":10487},""shutdownBounty"":0,""timestamp"":1275130,""type"":""CHAMPION_KILL"",""'"
2704,"b'victimDamageDealt"":[{""basic"":false,""magicDamage"":0,""name"":""Belveth"",""participantId"":10,""physicalDamage"":176,""spellName"":""belveth'"
2705,"b'q"",""spellSlot"":0,""trueDamage"":0,""type"":""OTHER""}],""victimDamageReceived"":[{""basic"":true,""magicDamage"":0,""name"":""SRU_Baron"",""parti'"
2706,"b'cipantId"":0,""physicalDamage"":106,""spellName"":""baronattackmelee"",""spellSlot"":0,""trueDamage"":0,""type"":""MONSTER""},{""basic"":false,""m'"
2707,"b'agicDamage"":0,""name"":""SRU_Baron"",""participantId"":0,""physicalDamage"":156,""spellName"":""baronspike"",""spellSlot"":1,""trueDamage"":0,""t'"
2708,"b'ype"":""MONSTER""},{""basic"":false,""magicDamage"":74,""name"":""SRU_Baron"",""participantId"":0,""physicalDamage"":0,""spellName"":""baronacidba'"
2709,"b'llchampion"",""spellSlot"":-1,""trueDamage"":0,""type"":""MONSTER""},{""basic"":true,""magicDamage"":0,""name"":""SRU_Baron"",""participantId"":0,""'"
2710,"b'physicalDamage"":631,""spellName"":""baronbasicattack"",""spellSlot"":65,""trueDamage"":0,""type"":""MONSTER""},{""basic"":true,""magicDamage"":0'"
2711,"b',""name"":""SRU_Baron"",""participantId"":0,""physicalDamage"":80,""spellName"":""baronspellcaster"",""spellSlot"":2,""trueDamage"":0,""type"":""MO'"
2712,"b'NSTER""},{""basic"":false,""magicDamage"":32,""name"":""Nidalee"",""participantId"":7,""physicalDamage"":0,""spellName"":"""",""spellSlot"":-1,""tru'"
2713,"b'eDamage"":0,""type"":""OTHER""},{""basic"":false,""magicDamage"":80,""name"":""Nidalee"",""participantId"":7,""physicalDamage"":0,""spellName"":"""",'"
2714,"b'""spellSlot"":-1,""trueDamage"":0,""type"":""OTHER""},{""basic"":false,""magicDamage"":34,""name"":""Nidalee"",""participantId"":7,""physicalDamage'"
2715,"b'"":0,""spellName"":""bushwhack"",""spellSlot"":1,""trueDamage"":0,""type"":""OTHER""},{""basic"":false,""magicDamage"":0,""name"":""Nidalee"",""partic'"
2716,"b'ipantId"":7,""physicalDamage"":0,""spellName"":""burning"",""spellSlot"":-1,""trueDamage"":30,""type"":""OTHER""},{""basic"":false,""magicDamage"":'"
2717,"b'103,""name"":""Nidalee"",""participantId"":7,""physicalDamage"":0,""spellName"":""takedown"",""spellSlot"":0,""trueDamage"":0,""type"":""OTHER""},{""'"
2718,"b'basic"":false,""magicDamage"":161,""name"":""Nidalee"",""participantId"":7,""physicalDamage"":0,""spellName"":""pounce"",""spellSlot"":1,""trueDam'"
2719,"b'age"":0,""type"":""OTHER""},{""basic"":false,""magicDamage"":0,""name"":""Nidalee"",""participantId"":7,""physicalDamage"":0,""spellName"":""summone'"
2720,"b'rsmiteavataroffensive"",""spellSlot"":4,""trueDamage"":110,""type"":""OTHER""},{""basic"":false,""magicDamage"":213,""name"":""Nidalee"",""partici'"
2721,"b'pantId"":7,""physicalDamage"":0,""spellName"":""swipe"",""spellSlot"":2,""trueDamage"":0,""type"":""OTHER""},{""basic"":false,""magicDamage"":27,""n'"
2722,"b'ame"":""Rell"",""participantId"":10,""physicalDamage"":0,""spellName"":""rellw_dismount"",""spellSlot"":1,""trueDamage"":0,""type"":""OTHER""},{""ba'"
2723,"b'sic"":false,""magicDamage"":0,""name"":""Zed"",""participantId"":8,""physicalDamage"":336,""spellName"":""zedq"",""spellSlot"":0,""trueDamage"":38,'"
2724,"b'""type"":""OTHER""},{""basic"":false,""magicDamage"":24,""name"":""Zed"",""participantId"":8,""physicalDamage"":0,""spellName"":"""",""spellSlot"":-1,'"
2725,"b'""trueDamage"":0,""type"":""OTHER""}],""victimId"":2},{""levelUpType"":""NORMAL"",""participantId"":10,""skillSlot"":4,""timestamp"":1276967,""type'"
2726,"b'"":""SKILL_LEVEL_UP""},{""creatorId"":7,""timestamp"":1279194,""type"":""WARD_PLACED"",""wardType"":""UNDEFINED""},{""levelUpType"":""NORMAL"",""par'"
2727,"b'ticipantId"":6,""skillSlot"":2,""timestamp"":1279396,""type"":""SKILL_LEVEL_UP""},{""creatorId"":5,""timestamp"":1279796,""type"":""WARD_PLACED""'"
2728,"b',""wardType"":""SIGHT_WARD""},{""assistingParticipantIds"":[3,4,5],""bounty"":300,""killStreakLength"":2,""killerId"":1,""position"":{""x"":2389'"
2729,"b',""y"":7540},""shutdownBounty"":500,""timestamp"":1284525,""type"":""CHAMPION_KILL"",""victimDamageDealt"":[{""basic"":false,""magicDamage"":0,""'"
2730,"b'name"":""Zed"",""participantId"":4,""physicalDamage"":326,""spellName"":""zedq"",""spellSlot"":0,""trueDamage"":0,""type"":""OTHER""},{""basic"":fals'"
2731,"b'e,""magicDamage"":0,""name"":""Zed"",""participantId"":5,""physicalDamage"":73,""spellName"":"""",""spellSlot"":-1,""trueDamage"":0,""type"":""OTHER""'"
2732,"b'}],""victimDamageReceived"":[{""basic"":false,""magicDamage"":88,""name"":""Rakan"",""participantId"":5,""physicalDamage"":0,""spellName"":""raka'"
2733,"b'nr"",""spellSlot"":3,""trueDamage"":0,""type"":""OTHER""},{""basic"":false,""magicDamage"":209,""name"":""Rakan"",""participantId"":5,""physicalDama'"
2734,"b'ge"":0,""spellName"":""rakanw"",""spellSlot"":1,""trueDamage"":0,""type"":""OTHER""},{""basic"":true,""magicDamage"":0,""name"":""SRU_Baron"",""partic'"
2735,"b'ipantId"":0,""physicalDamage"":92,""spellName"":""baronspellcaster"",""spellSlot"":2,""trueDamage"":0,""type"":""MONSTER""},{""basic"":false,""mag'"
2736,"b'icDamage"":0,""name"":""Ezreal"",""participantId"":4,""physicalDamage"":180,""spellName"":"""",""spellSlot"":-1,""trueDamage"":0,""type"":""OTHER""},'"
2737,"b'{""basic"":false,""magicDamage"":0,""name"":""Ezreal"",""participantId"":4,""physicalDamage"":225,""spellName"":""ezrealq"",""spellSlot"":0,""trueD'"
2738,"b'amage"":0,""type"":""OTHER""},{""basic"":true,""magicDamage"":0,""name"":""Ezreal"",""participantId"":4,""physicalDamage"":137,""spellName"":""ezrea'"
2739,"b'lbasicattack"",""spellSlot"":64,""trueDamage"":0,""type"":""OTHER""},{""basic"":false,""magicDamage"":114,""name"":""Ezreal"",""participantId"":4,""'"
2740,"b'physicalDamage"":0,""spellName"":""ezrealw"",""spellSlot"":1,""trueDamage"":0,""type"":""OTHER""},{""basic"":false,""magicDamage"":399,""name"":""Ta'"
2741,"b'liyah"",""participantId"":3,""physicalDamage"":0,""spellName"":""taliyahe"",""spellSlot"":2,""trueDamage"":0,""type"":""OTHER""},{""basic"":false,""'"
2742,"b'magicDamage"":81,""name"":""Taliyah"",""participantId"":3,""physicalDamage"":0,""spellName"":"""",""spellSlot"":-1,""trueDamage"":0,""type"":""OTHER'"
2743,"b'""},{""basic"":false,""magicDamage"":197,""name"":""Taliyah"",""participantId"":3,""physicalDamage"":0,""spellName"":""taliyahq"",""spellSlot"":0,""'"
2744,"b'trueDamage"":0,""type"":""OTHER""},{""basic"":true,""magicDamage"":0,""name"":""Taliyah"",""participantId"":3,""physicalDamage"":50,""spellName"":""'"
2745,"b'taliyahbasicattack"",""spellSlot"":64,""trueDamage"":0,""type"":""OTHER""},{""basic"":false,""magicDamage"":31,""name"":""Taliyah"",""participantI'"
2746,"b'd"":3,""physicalDamage"":0,""spellName"":"""",""spellSlot"":-1,""trueDamage"":0,""type"":""OTHER""},{""basic"":false,""magicDamage"":23,""name"":""Rum'"
2747,"b'ble"",""participantId"":1,""physicalDamage"":0,""spellName"":"""",""spellSlot"":-1,""trueDamage"":0,""type"":""OTHER""},{""basic"":false,""magicDama'"
2748,"b'ge"":248,""name"":""Rumble"",""participantId"":1,""physicalDamage"":0,""spellName"":""rumbleflamethrower"",""spellSlot"":0,""trueDamage"":0,""type'"
2749,"b'"":""OTHER""},{""basic"":false,""magicDamage"":269,""name"":""Rumble"",""participantId"":1,""physicalDamage"":0,""spellName"":""rumblegrenade"",""sp'"
2750,"b'ellSlot"":2,""trueDamage"":0,""type"":""OTHER""}],""victimId"":8},{""level"":14,""participantId"":1,""timestamp"":1284525,""type"":""LEVEL_UP""},{""'"
2751,"b'level"":13,""participantId"":3,""timestamp"":1284525,""type"":""LEVEL_UP""},{""levelUpType"":""NORMAL"",""participantId"":3,""skillSlot"":3,""time'"
2752,"b'stamp"":1285455,""type"":""SKILL_LEVEL_UP""},{""level"":13,""participantId"":9,""timestamp"":1285690,""type"":""LEVEL_UP""},{""levelUpType"":""NOR'"
2753,"b'MAL"",""participantId"":1,""skillSlot"":2,""timestamp"":1289553,""type"":""SKILL_LEVEL_UP""},{""assistingParticipantIds"":[4,5],""bounty"":300,'"
2754,"b'""killStreakLength"":3,""killerId"":1,""position"":{""x"":3613,""y"":9973},""shutdownBounty"":0,""timestamp"":1291991,""type"":""CHAMPION_KILL"",""'"
2755,"b'victimDamageDealt"":[{""basic"":false,""magicDamage"":40,""name"":""Rell"",""participantId"":1,""physicalDamage"":0,""spellName"":""rellr"",""spel'"
2756,"b'lSlot"":3,""trueDamage"":0,""type"":""OTHER""}],""victimDamageReceived"":[{""basic"":false,""magicDamage"":0,""name"":""Ezreal"",""participantId"":'"
2757,"b'4,""physicalDamage"":342,""spellName"":"""",""spellSlot"":-1,""trueDamage"":0,""type"":""OTHER""},{""basic"":false,""magicDamage"":0,""name"":""Ezrea'"
2758,"b'l"",""participantId"":4,""physicalDamage"":637,""spellName"":""ezrealq"",""spellSlot"":0,""trueDamage"":0,""type"":""OTHER""},{""basic"":false,""mag'"
2759,"b'icDamage"":0,""name"":""Ezreal"",""participantId"":4,""physicalDamage"":0,""spellName"":"""",""spellSlot"":-1,""trueDamage"":0,""type"":""OTHER""},{""'"
2760,"b'basic"":false,""magicDamage"":176,""name"":""Taliyah"",""participantId"":3,""physicalDamage"":0,""spellName"":""taliyahe"",""spellSlot"":2,""trueD'"
2761,"b'amage"":0,""type"":""OTHER""},{""basic"":false,""magicDamage"":119,""name"":""Taliyah"",""participantId"":3,""physicalDamage"":0,""spellName"":""tal'"
2762,"b'iyahq"",""spellSlot"":0,""trueDamage"":0,""type"":""OTHER""},{""basic"":false,""magicDamage"":46,""name"":""Taliyah"",""participantId"":3,""physical'"
2763,"b'Damage"":0,""spellName"":"""",""spellSlot"":-1,""trueDamage"":0,""type"":""OTHER""},{""basic"":true,""magicDamage"":0,""name"":""Rakan"",""participant'"
2764,"b'Id"":5,""physicalDamage"":44,""spellName"":""rakanbasicattack2"",""spellSlot"":49,""trueDamage"":0,""type"":""OTHER""},{""basic"":false,""magicDam'"
2765,"b'age"":81,""name"":""Rakan"",""participantId"":5,""physicalDamage"":0,""spellName"":""rakanr"",""spellSlot"":3,""trueDamage"":0,""type"":""OTHER""},{""'"
2766,"b'basic"":false,""magicDamage"":0,""name"":""Rakan"",""participantId"":5,""physicalDamage"":0,""spellName"":""summonerdot"",""spellSlot"":4,""trueDa'"
2767,"b'mage"":50,""type"":""OTHER""},{""basic"":true,""magicDamage"":0,""name"":""SRU_Baron"",""participantId"":0,""physicalDamage"":75,""spellName"":""bar'"
2768,"b'onspellcaster"",""spellSlot"":2,""trueDamage"":0,""type"":""MONSTER""},{""basic"":false,""magicDamage"":0,""name"":""Belveth"",""participantId"":2,'"
2769,"b'""physicalDamage"":176,""spellName"":""belvethq"",""spellSlot"":0,""trueDamage"":0,""type"":""OTHER""},{""basic"":false,""magicDamage"":0,""name"":""'"
2770,"b'Rumble"",""participantId"":9,""physicalDamage"":0,""spellName"":""burning"",""spellSlot"":-1,""trueDamage"":55,""type"":""OTHER""},{""basic"":false'"
2771,"b',""magicDamage"":122,""name"":""Rumble"",""participantId"":1,""physicalDamage"":0,""spellName"":"""",""spellSlot"":-1,""trueDamage"":0,""type"":""OTH'"
2772,"b'ER""},{""basic"":false,""magicDamage"":564,""name"":""Rumble"",""participantId"":1,""physicalDamage"":0,""spellName"":""rumbleflamethrower"",""spe'"
2773,"b'llSlot"":0,""trueDamage"":0,""type"":""OTHER""},{""basic"":true,""magicDamage"":0,""name"":""Rumble"",""participantId"":1,""physicalDamage"":48,""sp'"
2774,"b'ellName"":""rumblebasicattack"",""spellSlot"":64,""trueDamage"":0,""type"":""OTHER""},{""basic"":false,""magicDamage"":100,""name"":""Rumble"",""par'"
2775,"b'ticipantId"":1,""physicalDamage"":0,""spellName"":""3152active"",""spellSlot"":7,""trueDamage"":0,""type"":""OTHER""},{""basic"":true,""magicDamag'"
2776,"b'e"":0,""name"":""Rumble"",""participantId"":1,""physicalDamage"":96,""spellName"":""rumbleheatsystem"",""spellSlot"":63,""trueDamage"":0,""type"":""'"
2777,"b'OTHER""},{""basic"":false,""magicDamage"":311,""name"":""Rumble"",""participantId"":1,""physicalDamage"":0,""spellName"":""rumbleheatsystem"",""sp'"
2778,"b'ellSlot"":63,""trueDamage"":0,""type"":""OTHER""}],""victimId"":10},{""killType"":""KILL_MULTI"",""killerId"":1,""multiKillLength"":2,""position"":'"
2779,"b'{""x"":3586,""y"":9818},""timestamp"":1291991,""type"":""CHAMPION_SPECIAL_KILL""},{""creatorId"":5,""timestamp"":1293260,""type"":""WARD_PLACED"",'"
2780,"b'""wardType"":""SIGHT_WARD""},{""levelUpType"":""NORMAL"",""participantId"":9,""skillSlot"":3,""timestamp"":1293829,""type"":""SKILL_LEVEL_UP""},{""'"
2781,"b'itemId"":2055,""participantId"":9,""timestamp"":1295794,""type"":""ITEM_DESTROYED""},{""creatorId"":9,""timestamp"":1295794,""type"":""WARD_PLAC'"
2782,"b'ED"",""wardType"":""CONTROL_WARD""},{""killerId"":6,""timestamp"":1304038,""type"":""WARD_KILL"",""wardType"":""UNDEFINED""},{""assistingParticipa'"
2783,"b'ntIds"":[5],""bounty"":300,""killStreakLength"":4,""killerId"":1,""position"":{""x"":3924,""y"":14056},""shutdownBounty"":0,""timestamp"":1304271'"
2784,"b',""type"":""CHAMPION_KILL"",""victimDamageDealt"":[{""basic"":false,""magicDamage"":105,""name"":""Nidalee"",""participantId"":1,""physicalDamage'"
2785,"b'"":0,""spellName"":"""",""spellSlot"":-1,""trueDamage"":25,""type"":""OTHER""},{""basic"":false,""magicDamage"":150,""name"":""Nidalee"",""participant'"
2786,"b'Id"":1,""physicalDamage"":0,""spellName"":""javelintoss"",""spellSlot"":0,""trueDamage"":0,""type"":""OTHER""},{""basic"":false,""magicDamage"":112'"
2787,"b',""name"":""Nidalee"",""participantId"":3,""physicalDamage"":0,""spellName"":"""",""spellSlot"":-1,""trueDamage"":0,""type"":""OTHER""},{""basic"":fal'"
2788,"b'se,""magicDamage"":43,""name"":""Nidalee"",""participantId"":3,""physicalDamage"":0,""spellName"":""bushwhack"",""spellSlot"":1,""trueDamage"":0,""'"
2789,"b'type"":""OTHER""}],""victimDamageReceived"":[{""basic"":false,""magicDamage"":83,""name"":""Rakan"",""participantId"":5,""physicalDamage"":0,""spe'"
2790,"b'llName"":""rakanr"",""spellSlot"":3,""trueDamage"":0,""type"":""OTHER""},{""basic"":false,""magicDamage"":75,""name"":""Rakan"",""participantId"":5,""'"
2791,"b'physicalDamage"":0,""spellName"":""rakanq"",""spellSlot"":0,""trueDamage"":0,""type"":""OTHER""},{""basic"":true,""magicDamage"":0,""name"":""Rakan""'"
2792,"b',""participantId"":5,""physicalDamage"":49,""spellName"":""rakanbasicattack"",""spellSlot"":49,""trueDamage"":0,""type"":""OTHER""},{""basic"":fal'"
2793,"b'se,""magicDamage"":221,""name"":""Rumble"",""participantId"":1,""physicalDamage"":0,""spellName"":"""",""spellSlot"":-1,""trueDamage"":0,""type"":""O'"
2794,"b'THER""},{""basic"":false,""magicDamage"":396,""name"":""Rumble"",""participantId"":1,""physicalDamage"":0,""spellName"":""rumblecarpetbomb"",""spe'"
2795,"b'llSlot"":3,""trueDamage"":0,""type"":""OTHER""},{""basic"":false,""magicDamage"":718,""name"":""Rumble"",""participantId"":1,""physicalDamage"":0,""'"
2796,"b'spellName"":""rumbleflamethrower"",""spellSlot"":0,""trueDamage"":0,""type"":""OTHER""},{""basic"":false,""magicDamage"":21,""name"":""Rumble"",""pa'"
2797,"b'rticipantId"":1,""physicalDamage"":0,""spellName"":"""",""spellSlot"":-1,""trueDamage"":0,""type"":""OTHER""},{""basic"":false,""magicDamage"":252,'"
2798,"b'""name"":""Rumble"",""participantId"":1,""physicalDamage"":0,""spellName"":""rumblegrenade"",""spellSlot"":2,""trueDamage"":0,""type"":""OTHER""},{""'"
2799,"b'basic"":true,""magicDamage"":0,""name"":""SRU_OrderMinionRanged"",""participantId"":0,""physicalDamage"":18,""spellName"":""sru_orderminionran'"
2800,"b'gedbasicattack2"",""spellSlot"":65,""trueDamage"":0,""type"":""MINION""}],""victimId"":7},{""itemId"":1028,""participantId"":2,""timestamp"":1306'"
2801,"b'442,""type"":""ITEM_PURCHASED""},{""itemId"":1052,""participantId"":7,""timestamp"":1306641,""type"":""ITEM_DESTROYED""},{""itemId"":3108,""parti'"
2802,"b'cipantId"":7,""timestamp"":1306641,""type"":""ITEM_PURCHASED""},{""itemId"":2055,""participantId"":7,""timestamp"":1307475,""type"":""ITEM_PURCH'"
2803,"b'ASED""},{""itemId"":2055,""participantId"":8,""timestamp"":1308745,""type"":""ITEM_PURCHASED""},{""itemId"":1028,""participantId"":10,""timestam'"
2804,"b'p"":1309414,""type"":""ITEM_DESTROYED""},{""itemId"":3023,""participantId"":10,""timestamp"":1309414,""type"":""ITEM_PURCHASED""},{""level"":11,""'"
2805,"b'participantId"":5,""timestamp"":1310414,""type"":""LEVEL_UP""},{""itemId"":2055,""participantId"":10,""timestamp"":1310547,""type"":""ITEM_PURCH'"
2806,"b'ASED""},{""levelUpType"":""NORMAL"",""participantId"":5,""skillSlot"":4,""timestamp"":1311049,""type"":""SKILL_LEVEL_UP""},{""assistingParticipa'"
2807,"b'ntIds"":[6],""bounty"":0,""buildingType"":""TOWER_BUILDING"",""killerId"":0,""laneType"":""MID_LANE"",""position"":{""x"":5048,""y"":4812},""teamId""'"
2808,"b':100,""timestamp"":1313747,""towerType"":""INNER_TURRET"",""type"":""BUILDING_KILL""},{""itemId"":1028,""participantId"":5,""timestamp"":1319323'"
2809,"b',""type"":""ITEM_PURCHASED""},{""itemId"":2055,""participantId"":5,""timestamp"":1320260,""type"":""ITEM_PURCHASED""},{""itemId"":2055,""particip'"
2810,"b'antId"":5,""timestamp"":1320361,""type"":""ITEM_PURCHASED""}],""participantFrames"":{""1"":{""championStats"":{""abilityHaste"":0,""abilityPower'"
2811,"b'"":278,""armor"":92,""armorPen"":0,""armorPenPercent"":0,""attackDamage"":104,""attackSpeed"":122,""bonusArmorPenPercent"":0,""bonusMagicPenPe'"
2812,"b'rcent"":0,""ccReduction"":11,""cooldownReduction"":0,""health"":1992,""healthMax"":2564,""healthRegen"":284,""lifesteal"":0,""magicPen"":11,""ma'"
2813,"b'gicPenPercent"":0,""magicResist"":54,""movementSpeed"":429,""omnivamp"":0,""physicalVamp"":0,""power"":0,""powerMax"":150,""powerRegen"":0,""spe'"
2814,"b'llVamp"":0},""currentGold"":1764,""damageStats"":{""magicDamageDone"":79621,""magicDamageDoneToChampions"":14828,""magicDamageTaken"":2989,'"
2815,"b'""physicalDamageDone"":10428,""physicalDamageDoneToChampions"":304,""physicalDamageTaken"":5441,""totalDamageDone"":90895,""totalDamageDo'"
2816,"b'neToChampions"":15923,""totalDamageTaken"":8581,""trueDamageDone"":845,""trueDamageDoneToChampions"":790,""trueDamageTaken"":150},""goldPe'"
2817,"b'rSecond"":0,""jungleMinionsKilled"":0,""level"":14,""minionsKilled"":178,""participantId"":1,""position"":{""x"":2553,""y"":12758},""timeEnemySp'"
2818,"b'entControlled"":200492,""totalGold"":10249,""xp"":12204},""2"":{""championStats"":{""abilityHaste"":0,""abilityPower"":0,""armor"":79,""armorPen'"
2819,"b'"":0,""armorPenPercent"":0,""attackDamage"":171,""attackSpeed"":184,""bonusArmorPenPercent"":0,""bonusMagicPenPercent"":0,""ccReduction"":0,""'"
2820,"b'cooldownReduction"":0,""health"":1628,""healthMax"":1628,""healthRegen"":22,""lifesteal"":0,""magicPen"":0,""magicPenPercent"":0,""magicResist'"
2821,"b'"":49,""movementSpeed"":443,""omnivamp"":0,""physicalVamp"":0,""power"":0,""powerMax"":60,""powerRegen"":0,""spellVamp"":0},""currentGold"":31,""d'"
2822,"b'amageStats"":{""magicDamageDone"":16263,""magicDamageDoneToChampions"":1115,""magicDamageTaken"":4018,""physicalDamageDone"":93294,""physi'"
2823,"b'calDamageDoneToChampions"":3008,""physicalDamageTaken"":15388,""totalDamageDone"":137815,""totalDamageDoneToChampions"":4608,""totalDama'"
2824,"b'geTaken"":20136,""trueDamageDone"":28258,""trueDamageDoneToChampions"":484,""trueDamageTaken"":729},""goldPerSecond"":0,""jungleMinionsKil'"
2825,"b'led"":112,""level"":11,""minionsKilled"":8,""participantId"":2,""position"":{""x"":5233,""y"":1633},""timeEnemySpentControlled"":308281,""totalG'"
2826,"b'old"":6681,""xp"":7735},""3"":{""championStats"":{""abilityHaste"":0,""abilityPower"":133,""armor"":75,""armorPen"":0,""armorPenPercent"":0,""atta'"
2827,"b'ckDamage"":98,""attackSpeed"":124,""bonusArmorPenPercent"":0,""bonusMagicPenPercent"":0,""ccReduction"":0,""cooldownReduction"":0,""health"":'"
2828,"b'2044,""healthMax"":2155,""healthRegen"":27,""lifesteal"":0,""magicPen"":24,""magicPenPercent"":0,""magicResist"":44,""movementSpeed"":428,""omn'"
2829,"b'ivamp"":0,""physicalVamp"":0,""power"":1304,""powerMax"":2248,""powerRegen"":33,""spellVamp"":0},""currentGold"":532,""damageStats"":{""magicDam'"
2830,"b'ageDone"":84338,""magicDamageDoneToChampions"":10311,""magicDamageTaken"":3253,""physicalDamageDone"":6775,""physicalDamageDoneToChampio'"
2831,"b'ns"":218,""physicalDamageTaken"":5562,""totalDamageDone"":93021,""totalDamageDoneToChampions"":10530,""totalDamageTaken"":9155,""trueDamag'"
2832,"b'eDone"":1907,""trueDamageDoneToChampions"":0,""trueDamageTaken"":339},""goldPerSecond"":0,""jungleMinionsKilled"":0,""level"":13,""minionsKi'"
2833,"b'lled"":172,""participantId"":3,""position"":{""x"":3423,""y"":4302},""timeEnemySpentControlled"":348680,""totalGold"":7122,""xp"":10414},""4"":{""'"
2834,"b'championStats"":{""abilityHaste"":0,""abilityPower"":0,""armor"":71,""armorPen"":0,""armorPenPercent"":0,""attackDamage"":235,""attackSpeed"":1'"
2835,"b'64,""bonusArmorPenPercent"":0,""bonusMagicPenPercent"":0,""ccReduction"":0,""cooldownReduction"":0,""health"":1424,""healthMax"":1960,""healt'"
2836,"b'hRegen"":19,""lifesteal"":5,""magicPen"":0,""magicPenPercent"":0,""magicResist"":41,""movementSpeed"":622,""omnivamp"":2,""physicalVamp"":0,""po'"
2837,"b'wer"":1671,""powerMax"":1969,""powerRegen"":34,""spellVamp"":0},""currentGold"":865,""damageStats"":{""magicDamageDone"":7856,""magicDamageDon'"
2838,"b'eToChampions"":3318,""magicDamageTaken"":3724,""physicalDamageDone"":81972,""physicalDamageDoneToChampions"":10402,""physicalDamageTaken'"
2839,"b'"":9098,""totalDamageDone"":93536,""totalDamageDoneToChampions"":13721,""totalDamageTaken"":13519,""trueDamageDone"":3708,""trueDamageDone'"
2840,"b'ToChampions"":0,""trueDamageTaken"":696},""goldPerSecond"":0,""jungleMinionsKilled"":4,""level"":11,""minionsKilled"":173,""participantId"":4'"
2841,"b',""position"":{""x"":394,""y"":461},""timeEnemySpentControlled"":1631,""totalGold"":8408,""xp"":8215},""5"":{""championStats"":{""abilityHaste"":0'"
2842,"b',""abilityPower"":86,""armor"":103,""armorPen"":0,""armorPenPercent"":0,""attackDamage"":97,""attackSpeed"":126,""bonusArmorPenPercent"":0,""bo'"
2843,"b'nusMagicPenPercent"":0,""ccReduction"":0,""cooldownReduction"":0,""health"":2228,""healthMax"":2228,""healthRegen"":37,""lifesteal"":0,""magic'"
2844,"b'Pen"":0,""magicPenPercent"":0,""magicResist"":49,""movementSpeed"":619,""omnivamp"":0,""physicalVamp"":0,""power"":488,""powerMax"":753,""powerR'"
2845,"b'egen"":52,""spellVamp"":0},""currentGold"":205,""damageStats"":{""magicDamageDone"":5806,""magicDamageDoneToChampions"":3434,""magicDamageTa'"
2846,"b'ken"":3460,""physicalDamageDone"":5754,""physicalDamageDoneToChampions"":1258,""physicalDamageTaken"":10682,""totalDamageDone"":18984,""to'"
2847,"b'talDamageDoneToChampions"":5489,""totalDamageTaken"":14820,""trueDamageDone"":7423,""trueDamageDoneToChampions"":796,""trueDamageTaken"":'"
2848,"b'676},""goldPerSecond"":30,""jungleMinionsKilled"":0,""level"":11,""minionsKilled"":34,""participantId"":5,""position"":{""x"":890,""y"":615},""ti'"
2849,"b'meEnemySpentControlled"":87648,""totalGold"":6185,""xp"":7365},""6"":{""championStats"":{""abilityHaste"":0,""abilityPower"":89,""armor"":124,""'"
2850,"b'armorPen"":0,""armorPenPercent"":0,""attackDamage"":118,""attackSpeed"":162,""bonusArmorPenPercent"":0,""bonusMagicPenPercent"":0,""ccReduct'"
2851,"b'ion"":45,""cooldownReduction"":0,""health"":2640,""healthMax"":2662,""healthRegen"":28,""lifesteal"":19,""magicPen"":0,""magicPenPercent"":0,""m'"
2852,"b'agicResist"":120,""movementSpeed"":395,""omnivamp"":0,""physicalVamp"":0,""power"":678,""powerMax"":818,""powerRegen"":24,""spellVamp"":0},""cur'"
2853,"b'rentGold"":648,""damageStats"":{""magicDamageDone"":46887,""magicDamageDoneToChampions"":3189,""magicDamageTaken"":7287,""physicalDamageDo'"
2854,"b'ne"":20805,""physicalDamageDoneToChampions"":1399,""physicalDamageTaken"":6425,""totalDamageDone"":67692,""totalDamageDoneToChampions"":4'"
2855,"b'589,""totalDamageTaken"":14282,""trueDamageDone"":0,""trueDamageDoneToChampions"":0,""trueDamageTaken"":570},""goldPerSecond"":0,""jungleMi'"
2856,"b'nionsKilled"":4,""level"":13,""minionsKilled"":147,""participantId"":6,""position"":{""x"":7080,""y"":5130},""timeEnemySpentControlled"":123694'"
2857,"b'8,""totalGold"":7473,""xp"":10653},""7"":{""championStats"":{""abilityHaste"":0,""abilityPower"":179,""armor"":87,""armorPen"":0,""armorPenPercen'"
2858,"b't"":0,""attackDamage"":92,""attackSpeed"":141,""bonusArmorPenPercent"":0,""bonusMagicPenPercent"":0,""ccReduction"":6,""cooldownReduction"":0'"
2859,"b',""health"":0,""healthMax"":2023,""healthRegen"":23,""lifesteal"":0,""magicPen"":0,""magicPenPercent"":0,""magicResist"":71,""movementSpeed"":42'"
2860,"b'0,""omnivamp"":0,""physicalVamp"":0,""power"":400,""powerMax"":738,""powerRegen"":27,""spellVamp"":0},""currentGold"":467,""damageStats"":{""magi'"
2861,"b'cDamageDone"":93855,""magicDamageDoneToChampions"":7685,""magicDamageTaken"":10561,""physicalDamageDone"":14618,""physicalDamageDoneToCh'"
2862,"b'ampions"":341,""physicalDamageTaken"":14017,""totalDamageDone"":139571,""totalDamageDoneToChampions"":9022,""totalDamageTaken"":24819,""tr'"
2863,"b'ueDamageDone"":31097,""trueDamageDoneToChampions"":995,""trueDamageTaken"":240},""goldPerSecond"":0,""jungleMinionsKilled"":121,""level"":1'"
2864,"b'2,""minionsKilled"":8,""participantId"":7,""position"":{""x"":3924,""y"":14056},""timeEnemySpentControlled"":147604,""totalGold"":7887,""xp"":95'"
2865,"b'53},""8"":{""championStats"":{""abilityHaste"":0,""abilityPower"":0,""armor"":88,""armorPen"":0,""armorPenPercent"":0,""attackDamage"":297,""atta'"
2866,"b'ckSpeed"":139,""bonusArmorPenPercent"":0,""bonusMagicPenPercent"":0,""ccReduction"":6,""cooldownReduction"":0,""health"":0,""healthMax"":2250'"
2867,"b',""healthRegen"":29,""lifesteal"":10,""magicPen"":0,""magicPenPercent"":0,""magicResist"":61,""movementSpeed"":410,""omnivamp"":0,""physicalVam'"
2868,"b'p"":0,""power"":161,""powerMax"":200,""powerRegen"":100,""spellVamp"":0},""currentGold"":197,""damageStats"":{""magicDamageDone"":7132,""magicDa'"
2869,"b'mageDoneToChampions"":866,""magicDamageTaken"":6210,""physicalDamageDone"":108256,""physicalDamageDoneToChampions"":10506,""physicalDama'"
2870,"b'geTaken"":3114,""totalDamageDone"":116158,""totalDamageDoneToChampions"":11991,""totalDamageTaken"":9634,""trueDamageDone"":769,""trueDama'"
2871,"b'geDoneToChampions"":618,""trueDamageTaken"":310},""goldPerSecond"":0,""jungleMinionsKilled"":8,""level"":14,""minionsKilled"":185,""particip'"
2872,"b'antId"":8,""position"":{""x"":2389,""y"":7540},""timeEnemySpentControlled"":126219,""totalGold"":10747,""xp"":12545},""9"":{""championStats"":{""a'"
2873,"b'bilityHaste"":0,""abilityPower"":21,""armor"":79,""armorPen"":0,""armorPenPercent"":0,""attackDamage"":274,""attackSpeed"":176,""bonusArmorPen'"
2874,"b'Percent"":0,""bonusMagicPenPercent"":0,""ccReduction"":6,""cooldownReduction"":0,""health"":1821,""healthMax"":1821,""healthRegen"":21,""lifes'"
2875,"b'teal"":12,""magicPen"":0,""magicPenPercent"":0,""magicResist"":44,""movementSpeed"":390,""omnivamp"":0,""physicalVamp"":0,""power"":484,""powerM'"
2876,"b'ax"":910,""powerRegen"":31,""spellVamp"":0},""currentGold"":1224,""damageStats"":{""magicDamageDone"":2750,""magicDamageDoneToChampions"":169'"
2877,"b'6,""magicDamageTaken"":4836,""physicalDamageDone"":94704,""physicalDamageDoneToChampions"":18697,""physicalDamageTaken"":6787,""totalDama'"
2878,"b'geDone"":98201,""totalDamageDoneToChampions"":20697,""totalDamageTaken"":11843,""trueDamageDone"":746,""trueDamageDoneToChampions"":303,""'"
2879,"b'trueDamageTaken"":219},""goldPerSecond"":0,""jungleMinionsKilled"":4,""level"":13,""minionsKilled"":193,""participantId"":9,""position"":{""x""'"
2880,"b':6998,""y"":4808},""timeEnemySpentControlled"":82655,""totalGold"":10974,""xp"":10453},""10"":{""championStats"":{""abilityHaste"":0,""abilityP'"
2881,"b'ower"":20,""armor"":139,""armorPen"":0,""armorPenPercent"":0,""attackDamage"":81,""attackSpeed"":113,""bonusArmorPenPercent"":0,""bonusMagicPe'"
2882,"b'nPercent"":0,""ccReduction"":6,""cooldownReduction"":0,""health"":0,""healthMax"":2347,""healthRegen"":59,""lifesteal"":0,""magicPen"":0,""magic'"
2883,"b'PenPercent"":0,""magicResist"":76,""movementSpeed"":375,""omnivamp"":0,""physicalVamp"":0,""power"":425,""powerMax"":744,""powerRegen"":18,""spe'"
2884,"b'llVamp"":0},""currentGold"":134,""damageStats"":{""magicDamageDone"":4303,""magicDamageDoneToChampions"":2180,""magicDamageTaken"":6795,""ph'"
2885,"b'ysicalDamageDone"":3969,""physicalDamageDoneToChampions"":801,""physicalDamageTaken"":7370,""totalDamageDone"":14326,""totalDamageDoneTo'"
2886,"b'Champions"":3658,""totalDamageTaken"":14897,""trueDamageDone"":6052,""trueDamageDoneToChampions"":675,""trueDamageTaken"":731},""goldPerSe'"
2887,"b'cond"":30,""jungleMinionsKilled"":4,""level"":11,""minionsKilled"":28,""participantId"":10,""position"":{""x"":3613,""y"":9973},""timeEnemySpent'"
2888,"b'Controlled"":137929,""totalGold"":6079,""xp"":7611}},""timestamp"":1320361},{""events"":[{""itemId"":1036,""participantId"":4,""timestamp"":132'"
2889,"b'1129,""type"":""ITEM_PURCHASED""},{""itemId"":1036,""participantId"":4,""timestamp"":1321262,""type"":""ITEM_PURCHASED""},{""itemId"":2055,""part'"
2890,"b'icipantId"":5,""timestamp"":1337734,""type"":""ITEM_DESTROYED""},{""creatorId"":5,""timestamp"":1337734,""type"":""WARD_PLACED"",""wardType"":""CO'"
2891,"b'NTROL_WARD""},{""itemId"":2055,""participantId"":1,""timestamp"":1337901,""type"":""ITEM_SOLD""},{""itemId"":1038,""participantId"":9,""timestam'"
2892,"b'p"":1337901,""type"":""ITEM_DESTROYED""},{""itemId"":1053,""participantId"":9,""timestamp"":1337901,""type"":""ITEM_DESTROYED""},{""itemId"":3072'"
2893,"b',""participantId"":9,""timestamp"":1337901,""type"":""ITEM_PURCHASED""},{""itemId"":1056,""participantId"":3,""timestamp"":1341236,""type"":""ITE'"
2894,"b'M_SOLD""},{""creatorId"":5,""timestamp"":1342669,""type"":""WARD_PLACED"",""wardType"":""SIGHT_WARD""},{""itemId"":1058,""participantId"":1,""time'"
2895,"b'stamp"":1343002,""type"":""ITEM_PURCHASED""},{""itemId"":2420,""participantId"":3,""timestamp"":1343170,""type"":""ITEM_PURCHASED""},{""afterId""'"
2896,"b':0,""beforeId"":1058,""goldGain"":1250,""participantId"":1,""timestamp"":1344334,""type"":""ITEM_UNDO""},{""itemId"":1058,""participantId"":1,""t'"
2897,"b'imestamp"":1345137,""type"":""ITEM_PURCHASED""},{""creatorId"":5,""timestamp"":1346587,""type"":""WARD_PLACED"",""wardType"":""SIGHT_WARD""},{""cr'"
2898,"b'eatorId"":10,""timestamp"":1348220,""type"":""WARD_PLACED"",""wardType"":""SIGHT_WARD""},{""level"":12,""participantId"":4,""timestamp"":1352491,'"
2899,"b'""type"":""LEVEL_UP""},{""creatorId"":5,""timestamp"":1353357,""type"":""WARD_PLACED"",""wardType"":""SIGHT_WARD""},{""levelUpType"":""NORMAL"",""par'"
2900,"b'ticipantId"":4,""skillSlot"":3,""timestamp"":1353624,""type"":""SKILL_LEVEL_UP""},{""creatorId"":7,""timestamp"":1355860,""type"":""WARD_PLACED""'"
2901,"b',""wardType"":""UNDEFINED""},{""itemId"":2055,""participantId"":10,""timestamp"":1360292,""type"":""ITEM_DESTROYED""},{""creatorId"":10,""timesta'"
2902,"b'mp"":1360292,""type"":""WARD_PLACED"",""wardType"":""CONTROL_WARD""},{""creatorId"":10,""timestamp"":1363029,""type"":""WARD_PLACED"",""wardType"":'"
2903,"b'""SIGHT_WARD""},{""creatorId"":7,""timestamp"":1364103,""type"":""WARD_PLACED"",""wardType"":""UNDEFINED""},{""itemId"":2055,""participantId"":5,""'"
2904,"b'timestamp"":1365002,""type"":""ITEM_DESTROYED""},{""creatorId"":5,""timestamp"":1365002,""type"":""WARD_PLACED"",""wardType"":""CONTROL_WARD""},{'"
2905,"b'""killerId"":9,""timestamp"":1366305,""type"":""WARD_KILL"",""wardType"":""SIGHT_WARD""},{""creatorId"":10,""timestamp"":1368934,""type"":""WARD_PL'"
2906,"b'ACED"",""wardType"":""SIGHT_WARD""},{""level"":13,""participantId"":7,""timestamp"":1371004,""type"":""LEVEL_UP""},{""creatorId"":5,""timestamp"":1'"
2907,"b'372014,""type"":""WARD_PLACED"",""wardType"":""SIGHT_WARD""},{""levelUpType"":""NORMAL"",""participantId"":7,""skillSlot"":3,""timestamp"":1373314'"
2908,"b',""type"":""SKILL_LEVEL_UP""}],""participantFrames"":{""1"":{""championStats"":{""abilityHaste"":0,""abilityPower"":341,""armor"":92,""armorPen"":'"
2909,"b'0,""armorPenPercent"":0,""attackDamage"":104,""attackSpeed"":122,""bonusArmorPenPercent"":0,""bonusMagicPenPercent"":0,""ccReduction"":5,""co'"
2910,"b'oldownReduction"":0,""health"":2564,""healthMax"":2564,""healthRegen"":284,""lifesteal"":0,""magicPen"":11,""magicPenPercent"":0,""magicResist'"
2911,"b'"":54,""movementSpeed"":405,""omnivamp"":0,""physicalVamp"":0,""power"":60,""powerMax"":150,""powerRegen"":0,""spellVamp"":0},""currentGold"":945'"
2912,"b',""damageStats"":{""magicDamageDone"":88696,""magicDamageDoneToChampions"":14828,""magicDamageTaken"":2989,""physicalDamageDone"":11496,""p'"
2913,"b'hysicalDamageDoneToChampions"":304,""physicalDamageTaken"":5818,""totalDamageDone"":101185,""totalDamageDoneToChampions"":15923,""totalD'"
2914,"b'amageTaken"":8958,""trueDamageDone"":992,""trueDamageDoneToChampions"":790,""trueDamageTaken"":150},""goldPerSecond"":0,""jungleMinionsKil'"
2915,"b'led"":0,""level"":14,""minionsKilled"":190,""participantId"":1,""position"":{""x"":10205,""y"":2926},""timeEnemySpentControlled"":221642,""total'"
2916,"b'Gold"":10650,""xp"":12852},""2"":{""championStats"":{""abilityHaste"":0,""abilityPower"":0,""armor"":71,""armorPen"":0,""armorPenPercent"":0,""att'"
2917,"b'ackDamage"":176,""attackSpeed"":224,""bonusArmorPenPercent"":0,""bonusMagicPenPercent"":0,""ccReduction"":0,""cooldownReduction"":0,""health'"
2918,"b'"":1062,""healthMax"":1628,""healthRegen"":13,""lifesteal"":20,""magicPen"":0,""magicPenPercent"":0,""magicResist"":42,""movementSpeed"":421,""o'"
2919,"b'mnivamp"":0,""physicalVamp"":0,""power"":0,""powerMax"":60,""powerRegen"":0,""spellVamp"":0},""currentGold"":387,""damageStats"":{""magicDamageD'"
2920,"b'one"":17669,""magicDamageDoneToChampions"":1115,""magicDamageTaken"":4415,""physicalDamageDone"":102011,""physicalDamageDoneToChampions""'"
2921,"b':3008,""physicalDamageTaken"":15899,""totalDamageDone"":148267,""totalDamageDoneToChampions"":4608,""totalDamageTaken"":21152,""trueDamag'"
2922,"b'eDone"":28586,""trueDamageDoneToChampions"":484,""trueDamageTaken"":837},""goldPerSecond"":0,""jungleMinionsKilled"":116,""level"":11,""mini'"
2923,"b'onsKilled"":14,""participantId"":2,""position"":{""x"":7980,""y"":5778},""timeEnemySpentControlled"":325821,""totalGold"":7037,""xp"":8356},""3""'"
2924,"b':{""championStats"":{""abilityHaste"":0,""abilityPower"":117,""armor"":75,""armorPen"":0,""armorPenPercent"":0,""attackDamage"":98,""attackSpee'"
2925,"b'd"":124,""bonusArmorPenPercent"":0,""bonusMagicPenPercent"":0,""ccReduction"":0,""cooldownReduction"":0,""health"":2086,""healthMax"":2086,""h'"
2926,"b'ealthRegen"":27,""lifesteal"":0,""magicPen"":24,""magicPenPercent"":0,""magicResist"":44,""movementSpeed"":477,""omnivamp"":0,""physicalVamp"":'"
2927,"b'0,""power"":2248,""powerMax"":2248,""powerRegen"":33,""spellVamp"":0},""currentGold"":155,""damageStats"":{""magicDamageDone"":88712,""magicDam'"
2928,"b'ageDoneToChampions"":10311,""magicDamageTaken"":3253,""physicalDamageDone"":6979,""physicalDamageDoneToChampions"":218,""physicalDamageT'"
2929,"b'aken"":5750,""totalDamageDone"":97599,""totalDamageDoneToChampions"":10530,""totalDamageTaken"":9344,""trueDamageDone"":1907,""trueDamageD'"
2930,"b'oneToChampions"":0,""trueDamageTaken"":339},""goldPerSecond"":0,""jungleMinionsKilled"":0,""level"":13,""minionsKilled"":178,""participantId'"
2931,"b'"":3,""position"":{""x"":6705,""y"":4840},""timeEnemySpentControlled"":352491,""totalGold"":7335,""xp"":10679},""4"":{""championStats"":{""ability'"
2932,"b'Haste"":0,""abilityPower"":0,""armor"":76,""armorPen"":0,""armorPenPercent"":0,""attackDamage"":261,""attackSpeed"":177,""bonusArmorPenPercent'"
2933,"b'"":0,""bonusMagicPenPercent"":0,""ccReduction"":0,""cooldownReduction"":0,""health"":2069,""healthMax"":2069,""healthRegen"":20,""lifesteal"":5'"
2934,"b',""magicPen"":0,""magicPenPercent"":0,""magicResist"":42,""movementSpeed"":403,""omnivamp"":2,""physicalVamp"":0,""power"":1337,""powerMax"":204'"
2935,"b'4,""powerRegen"":36,""spellVamp"":0},""currentGold"":600,""damageStats"":{""magicDamageDone"":8173,""magicDamageDoneToChampions"":3318,""magi'"
2936,"b'cDamageTaken"":3724,""physicalDamageDone"":94657,""physicalDamageDoneToChampions"":10402,""physicalDamageTaken"":9459,""totalDamageDone""'"
2937,"b':106539,""totalDamageDoneToChampions"":13721,""totalDamageTaken"":13880,""trueDamageDone"":3708,""trueDamageDoneToChampions"":0,""trueDam'"
2938,"b'ageTaken"":696},""goldPerSecond"":0,""jungleMinionsKilled"":8,""level"":12,""minionsKilled"":181,""participantId"":4,""position"":{""x"":6364,""'"
2939,"b'y"":5131},""timeEnemySpentControlled"":1631,""totalGold"":8843,""xp"":8754},""5"":{""championStats"":{""abilityHaste"":0,""abilityPower"":86,""a'"
2940,"b'rmor"":95,""armorPen"":0,""armorPenPercent"":0,""attackDamage"":97,""attackSpeed"":126,""bonusArmorPenPercent"":0,""bonusMagicPenPercent"":0,'"
2941,"b'""ccReduction"":0,""cooldownReduction"":0,""health"":1775,""healthMax"":2228,""healthRegen"":37,""lifesteal"":0,""magicPen"":0,""magicPenPercen'"
2942,"b't"":0,""magicResist"":43,""movementSpeed"":630,""omnivamp"":0,""physicalVamp"":0,""power"":472,""powerMax"":753,""powerRegen"":52,""spellVamp"":0'"
2943,"b'},""currentGold"":350,""damageStats"":{""magicDamageDone"":5974,""magicDamageDoneToChampions"":3601,""magicDamageTaken"":3948,""physicalDam'"
2944,"b'ageDone"":5754,""physicalDamageDoneToChampions"":1258,""physicalDamageTaken"":10846,""totalDamageDone"":19151,""totalDamageDoneToChampio'"
2945,"b'ns"":5656,""totalDamageTaken"":15510,""trueDamageDone"":7423,""trueDamageDoneToChampions"":796,""trueDamageTaken"":715},""goldPerSecond"":3'"
2946,"b'0,""jungleMinionsKilled"":0,""level"":11,""minionsKilled"":34,""participantId"":5,""position"":{""x"":8091,""y"":5552},""timeEnemySpentControll'"
2947,"b'ed"":87648,""totalGold"":6330,""xp"":7477},""6"":{""championStats"":{""abilityHaste"":0,""abilityPower"":89,""armor"":126,""armorPen"":0,""armorPe'"
2948,"b'nPercent"":0,""attackDamage"":118,""attackSpeed"":162,""bonusArmorPenPercent"":0,""bonusMagicPenPercent"":0,""ccReduction"":46,""cooldownRed'"
2949,"b'uction"":0,""health"":2657,""healthMax"":2662,""healthRegen"":28,""lifesteal"":0,""magicPen"":0,""magicPenPercent"":0,""magicResist"":123,""move'"
2950,"b'mentSpeed"":208,""omnivamp"":0,""physicalVamp"":0,""power"":742,""powerMax"":818,""powerRegen"":24,""spellVamp"":0},""currentGold"":980,""damage'"
2951,"b'Stats"":{""magicDamageDone"":50133,""magicDamageDoneToChampions"":3189,""magicDamageTaken"":7380,""physicalDamageDone"":21730,""physicalDa'"
2952,"b'mageDoneToChampions"":1420,""physicalDamageTaken"":6425,""totalDamageDone"":71863,""totalDamageDoneToChampions"":4609,""totalDamageTaken'"
2953,"b'"":14376,""trueDamageDone"":0,""trueDamageDoneToChampions"":0,""trueDamageTaken"":570},""goldPerSecond"":0,""jungleMinionsKilled"":4,""level'"
2954,"b'"":13,""minionsKilled"":155,""participantId"":6,""position"":{""x"":8046,""y"":5737},""timeEnemySpentControlled"":1320456,""totalGold"":7805,""x'"
2955,"b'p"":11239},""7"":{""championStats"":{""abilityHaste"":0,""abilityPower"":179,""armor"":92,""armorPen"":0,""armorPenPercent"":0,""attackDamage"":9'"
2956,"b'6,""attackSpeed"":145,""bonusArmorPenPercent"":0,""bonusMagicPenPercent"":0,""ccReduction"":6,""cooldownReduction"":0,""health"":2143,""healt'"
2957,"b'hMax"":2143,""healthRegen"":25,""lifesteal"":0,""magicPen"":0,""magicPenPercent"":0,""magicResist"":74,""movementSpeed"":420,""omnivamp"":0,""ph'"
2958,"b'ysicalVamp"":0,""power"":788,""powerMax"":788,""powerRegen"":158,""spellVamp"":0},""currentGold"":774,""damageStats"":{""magicDamageDone"":1023'"
2959,"b'22,""magicDamageDoneToChampions"":7685,""magicDamageTaken"":10954,""physicalDamageDone"":14803,""physicalDamageDoneToChampions"":341,""ph'"
2960,"b'ysicalDamageTaken"":14239,""totalDamageDone"":149402,""totalDamageDoneToChampions"":9022,""totalDamageTaken"":25433,""trueDamageDone"":32'"
2961,"b'275,""trueDamageDoneToChampions"":995,""trueDamageTaken"":240},""goldPerSecond"":0,""jungleMinionsKilled"":129,""level"":13,""minionsKilled'"
2962,"b'"":8,""participantId"":7,""position"":{""x"":10212,""y"":6297},""timeEnemySpentControlled"":147604,""totalGold"":8194,""xp"":10003},""8"":{""champ'"
2963,"b'ionStats"":{""abilityHaste"":0,""abilityPower"":0,""armor"":88,""armorPen"":0,""armorPenPercent"":0,""attackDamage"":314,""attackSpeed"":139,""b'"
2964,"b'onusArmorPenPercent"":0,""bonusMagicPenPercent"":0,""ccReduction"":6,""cooldownReduction"":0,""health"":2210,""healthMax"":2250,""healthRege'"
2965,"b'n"":29,""lifesteal"":10,""magicPen"":0,""magicPenPercent"":0,""magicResist"":61,""movementSpeed"":410,""omnivamp"":0,""physicalVamp"":0,""power""'"
2966,"b':200,""powerMax"":200,""powerRegen"":170,""spellVamp"":0},""currentGold"":497,""damageStats"":{""magicDamageDone"":8690,""magicDamageDoneToCh'"
2967,"b'ampions"":890,""magicDamageTaken"":6210,""physicalDamageDone"":114852,""physicalDamageDoneToChampions"":10670,""physicalDamageTaken"":363'"
2968,"b'0,""totalDamageDone"":124351,""totalDamageDoneToChampions"":12217,""totalDamageTaken"":10150,""trueDamageDone"":808,""trueDamageDoneToCha'"
2969,"b'mpions"":656,""trueDamageTaken"":310},""goldPerSecond"":0,""jungleMinionsKilled"":14,""level"":14,""minionsKilled"":185,""participantId"":8,""'"
2970,"b'position"":{""x"":6943,""y"":7163},""timeEnemySpentControlled"":129554,""totalGold"":11047,""xp"":12786},""9"":{""championStats"":{""abilityHast'"
2971,"b'e"":0,""abilityPower"":21,""armor"":79,""armorPen"":0,""armorPenPercent"":0,""attackDamage"":294,""attackSpeed"":176,""bonusArmorPenPercent"":0'"
2972,"b',""bonusMagicPenPercent"":0,""ccReduction"":6,""cooldownReduction"":0,""health"":1821,""healthMax"":1821,""healthRegen"":21,""lifesteal"":23,""'"
2973,"b'magicPen"":0,""magicPenPercent"":0,""magicResist"":44,""movementSpeed"":390,""omnivamp"":0,""physicalVamp"":0,""power"":695,""powerMax"":910,""p'"
2974,"b'owerRegen"":84,""spellVamp"":0},""currentGold"":632,""damageStats"":{""magicDamageDone"":2935,""magicDamageDoneToChampions"":1796,""magicDam'"
2975,"b'ageTaken"":4836,""physicalDamageDone"":111720,""physicalDamageDoneToChampions"":18697,""physicalDamageTaken"":7020,""totalDamageDone"":11'"
2976,"b'5402,""totalDamageDoneToChampions"":20797,""totalDamageTaken"":12076,""trueDamageDone"":746,""trueDamageDoneToChampions"":303,""trueDamag'"
2977,"b'eTaken"":219},""goldPerSecond"":0,""jungleMinionsKilled"":12,""level"":13,""minionsKilled"":206,""participantId"":9,""position"":{""x"":7948,""y'"
2978,"b'"":6360},""timeEnemySpentControlled"":82655,""totalGold"":11586,""xp"":11329},""10"":{""championStats"":{""abilityHaste"":0,""abilityPower"":20'"
2979,"b',""armor"":174,""armorPen"":0,""armorPenPercent"":0,""attackDamage"":81,""attackSpeed"":143,""bonusArmorPenPercent"":0,""bonusMagicPenPercent'"
2980,"b'"":0,""ccReduction"":6,""cooldownReduction"":0,""health"":2641,""healthMax"":2641,""healthRegen"":62,""lifesteal"":0,""magicPen"":0,""magicPenPe'"
2981,"b'rcent"":0,""magicResist"":100,""movementSpeed"":175,""omnivamp"":0,""physicalVamp"":0,""power"":463,""powerMax"":744,""powerRegen"":18,""spellVa'"
2982,"b'mp"":0},""currentGold"":310,""damageStats"":{""magicDamageDone"":5064,""magicDamageDoneToChampions"":2941,""magicDamageTaken"":6869,""physic'"
2983,"b'alDamageDone"":4018,""physicalDamageDoneToChampions"":849,""physicalDamageTaken"":7370,""totalDamageDone"":15244,""totalDamageDoneToCham'"
2984,"b'pions"":4574,""totalDamageTaken"":14971,""trueDamageDone"":6160,""trueDamageDoneToChampions"":783,""trueDamageTaken"":731},""goldPerSecond'"
2985,"b'"":30,""jungleMinionsKilled"":4,""level"":11,""minionsKilled"":28,""participantId"":10,""position"":{""x"":7968,""y"":5700},""timeEnemySpentCont'"
2986,"b'rolled"":142932,""totalGold"":6255,""xp"":7672}},""timestamp"":1380382},{""events"":[{""creatorId"":9,""timestamp"":1385476,""type"":""WARD_PLAC'"
2987,"b'ED"",""wardType"":""BLUE_TRINKET""},{""itemId"":2055,""participantId"":10,""timestamp"":1385775,""type"":""ITEM_DESTROYED""},{""creatorId"":10,""t'"
2988,"b'imestamp"":1385775,""type"":""WARD_PLACED"",""wardType"":""CONTROL_WARD""},{""killerId"":7,""timestamp"":1386713,""type"":""WARD_KILL"",""wardType'"
2989,"b'"":""SIGHT_WARD""},{""killerId"":3,""timestamp"":1386880,""type"":""WARD_KILL"",""wardType"":""BLUE_TRINKET""},{""creatorId"":7,""timestamp"":13892'"
2990,"b'39,""type"":""WARD_PLACED"",""wardType"":""UNDEFINED""},{""creatorId"":8,""timestamp"":1391928,""type"":""WARD_PLACED"",""wardType"":""BLUE_TRINKET'"
2991,"b'""},{""itemId"":2055,""participantId"":5,""timestamp"":1396631,""type"":""ITEM_PURCHASED""},{""killerId"":10,""timestamp"":1396730,""type"":""WARD'"
2992,"b'_KILL"",""wardType"":""SIGHT_WARD""},{""itemId"":2055,""participantId"":5,""timestamp"":1396764,""type"":""ITEM_PURCHASED""},{""itemId"":1028,""pa'"
2993,"b'rticipantId"":2,""timestamp"":1396797,""type"":""ITEM_DESTROYED""},{""itemId"":3067,""participantId"":2,""timestamp"":1396797,""type"":""ITEM_PU'"
2994,"b'RCHASED""},{""creatorId"":7,""timestamp"":1397334,""type"":""WARD_PLACED"",""wardType"":""UNDEFINED""},{""creatorId"":7,""timestamp"":1406588,""ty'"
2995,"b'pe"":""WARD_PLACED"",""wardType"":""UNDEFINED""},{""level"":15,""participantId"":8,""timestamp"":1408057,""type"":""LEVEL_UP""},{""assistingPartic'"
2996,"b'ipantIds"":[9,10],""bounty"":0,""killerId"":7,""killerTeamId"":200,""monsterSubType"":""FIRE_DRAGON"",""monsterType"":""DRAGON"",""position"":{""x'"
2997,"b'"":9866,""y"":4414},""timestamp"":1409160,""type"":""ELITE_MONSTER_KILL""},{""levelUpType"":""NORMAL"",""participantId"":8,""skillSlot"":2,""times'"
2998,"b'tamp"":1409291,""type"":""SKILL_LEVEL_UP""},{""creatorId"":10,""timestamp"":1411393,""type"":""WARD_PLACED"",""wardType"":""SIGHT_WARD""},{""level'"
2999,"b'"":14,""participantId"":6,""timestamp"":1411692,""type"":""LEVEL_UP""},{""levelUpType"":""NORMAL"",""participantId"":6,""skillSlot"":2,""timestamp'"
3000,"b'"":1412891,""type"":""SKILL_LEVEL_UP""},{""itemId"":1036,""participantId"":4,""timestamp"":1413226,""type"":""ITEM_DESTROYED""},{""itemId"":1036,'"
3001,"b'""participantId"":4,""timestamp"":1413226,""type"":""ITEM_DESTROYED""},{""itemId"":3035,""participantId"":4,""timestamp"":1413226,""type"":""ITEM'"
3002,"b'_PURCHASED""},{""creatorId"":5,""timestamp"":1413693,""type"":""WARD_PLACED"",""wardType"":""SIGHT_WARD""},{""creatorId"":7,""timestamp"":1414293'"
3003,"b',""type"":""WARD_PLACED"",""wardType"":""UNDEFINED""},{""itemId"":2055,""participantId"":5,""timestamp"":1416222,""type"":""ITEM_DESTROYED""},{""cr'"
3004,"b'eatorId"":5,""timestamp"":1416222,""type"":""WARD_PLACED"",""wardType"":""CONTROL_WARD""},{""level"":12,""participantId"":2,""timestamp"":1418048'"
3005,"b',""type"":""LEVEL_UP""},{""assistingParticipantIds"":[1,5],""bounty"":300,""killStreakLength"":0,""killerId"":3,""position"":{""x"":7962,""y"":432'"
3006,"b'9},""shutdownBounty"":0,""timestamp"":1420244,""type"":""CHAMPION_KILL"",""victimDamageDealt"":[{""basic"":false,""magicDamage"":0,""name"":""Nid'"
3007,"b'alee"",""participantId"":3,""physicalDamage"":0,""spellName"":"""",""spellSlot"":-1,""trueDamage"":20,""type"":""OTHER""},{""basic"":false,""magicDa'"
3008,"b'mage"":14,""name"":""Nidalee"",""participantId"":3,""physicalDamage"":0,""spellName"":""bushwhack"",""spellSlot"":1,""trueDamage"":0,""type"":""OTHE'"
3009,"b'R""},{""basic"":false,""magicDamage"":107,""name"":""Nidalee"",""participantId"":5,""physicalDamage"":0,""spellName"":"""",""spellSlot"":-1,""trueDa'"
3010,"b'mage"":22,""type"":""OTHER""},{""basic"":false,""magicDamage"":86,""name"":""Nidalee"",""participantId"":5,""physicalDamage"":0,""spellName"":""jave'"
3011,"b'lintoss"",""spellSlot"":0,""trueDamage"":0,""type"":""OTHER""}],""victimDamageReceived"":[{""basic"":true,""magicDamage"":0,""name"":""Rakan"",""par'"
3012,"b'ticipantId"":5,""physicalDamage"":50,""spellName"":""rakanbasicattack"",""spellSlot"":49,""trueDamage"":0,""type"":""OTHER""},{""basic"":true,""ma'"
3013,"b'gicDamage"":0,""name"":""SRU_Dragon_Fire"",""participantId"":0,""physicalDamage"":307,""spellName"":""sru_dragon_infernal_attack"",""spellSlot'"
3014,"b'"":64,""trueDamage"":0,""type"":""MONSTER""},{""basic"":false,""magicDamage"":686,""name"":""Taliyah"",""participantId"":3,""physicalDamage"":0,""sp'"
3015,"b'ellName"":""taliyahq"",""spellSlot"":0,""trueDamage"":0,""type"":""OTHER""},{""basic"":false,""magicDamage"":147,""name"":""Taliyah"",""participantI'"
3016,"b'd"":3,""physicalDamage"":0,""spellName"":"""",""spellSlot"":-1,""trueDamage"":0,""type"":""OTHER""},{""basic"":false,""magicDamage"":437,""name"":""Ta'"
3017,"b'liyah"",""participantId"":3,""physicalDamage"":0,""spellName"":""taliyahe"",""spellSlot"":2,""trueDamage"":0,""type"":""OTHER""},{""basic"":true,""m'"
3018,"b'agicDamage"":0,""name"":""Taliyah"",""participantId"":3,""physicalDamage"":102,""spellName"":""taliyahbasicattack"",""spellSlot"":64,""trueDamag'"
3019,"b'e"":0,""type"":""OTHER""},{""basic"":false,""magicDamage"":57,""name"":""Taliyah"",""participantId"":3,""physicalDamage"":0,""spellName"":"""",""spell'"
3020,"b'Slot"":-1,""trueDamage"":0,""type"":""OTHER""},{""basic"":false,""magicDamage"":104,""name"":""Rumble"",""participantId"":1,""physicalDamage"":0,""s'"
3021,"b'pellName"":"""",""spellSlot"":-1,""trueDamage"":0,""type"":""OTHER""},{""basic"":false,""magicDamage"":401,""name"":""Rumble"",""participantId"":1,""p'"
3022,"b'hysicalDamage"":0,""spellName"":""rumblecarpetbomb"",""spellSlot"":3,""trueDamage"":0,""type"":""OTHER""},{""basic"":false,""magicDamage"":114,""n'"
3023,"b'ame"":""Rumble"",""participantId"":1,""physicalDamage"":0,""spellName"":"""",""spellSlot"":-1,""trueDamage"":0,""type"":""OTHER""},{""basic"":false,""'"
3024,"b'magicDamage"":270,""name"":""Rumble"",""participantId"":1,""physicalDamage"":0,""spellName"":""rumblegrenade"",""spellSlot"":2,""trueDamage"":0,""'"
3025,"b'type"":""OTHER""}],""victimId"":7},{""level"":15,""participantId"":1,""timestamp"":1420244,""type"":""LEVEL_UP""},{""levelUpType"":""NORMAL"",""part'"
3026,"b'icipantId"":2,""skillSlot"":1,""timestamp"":1421309,""type"":""SKILL_LEVEL_UP""},{""levelUpType"":""NORMAL"",""participantId"":1,""skillSlot"":2,'"
3027,"b'""timestamp"":1421675,""type"":""SKILL_LEVEL_UP""},{""itemId"":3108,""participantId"":7,""timestamp"":1422643,""type"":""ITEM_DESTROYED""},{""ite'"
3028,"b'mId"":4632,""participantId"":7,""timestamp"":1422643,""type"":""ITEM_DESTROYED""},{""itemId"":3102,""participantId"":7,""timestamp"":1422643,""t'"
3029,"b'ype"":""ITEM_PURCHASED""},{""killerId"":5,""timestamp"":1427976,""type"":""WARD_KILL"",""wardType"":""CONTROL_WARD""},{""creatorId"":5,""timestamp'"
3030,"b'"":1427976,""type"":""WARD_PLACED"",""wardType"":""UNDEFINED""},{""itemId"":2055,""participantId"":5,""timestamp"":1429943,""type"":""ITEM_DESTROY'"
3031,"b'ED""},{""creatorId"":5,""timestamp"":1429943,""type"":""WARD_PLACED"",""wardType"":""CONTROL_WARD""},{""creatorId"":5,""timestamp"":1431114,""type'"
3032,"b'"":""WARD_PLACED"",""wardType"":""SIGHT_WARD""},{""itemId"":1029,""participantId"":10,""timestamp"":1432082,""type"":""ITEM_PURCHASED""},{""itemId'"
3033,"b'"":2055,""participantId"":10,""timestamp"":1432918,""type"":""ITEM_PURCHASED""},{""itemId"":2055,""participantId"":10,""timestamp"":1433151,""ty'"
3034,"b'pe"":""ITEM_PURCHASED""},{""creatorId"":3,""timestamp"":1439483,""type"":""WARD_PLACED"",""wardType"":""BLUE_TRINKET""}],""participantFrames"":{""'"
3035,"b'1"":{""championStats"":{""abilityHaste"":0,""abilityPower"":342,""armor"":98,""armorPen"":0,""armorPenPercent"":0,""attackDamage"":108,""attackS'"
3036,"b'peed"":124,""bonusArmorPenPercent"":0,""bonusMagicPenPercent"":0,""ccReduction"":6,""cooldownReduction"":0,""health"":2563,""healthMax"":2687'"
3037,"b',""healthRegen"":29,""lifesteal"":0,""magicPen"":11,""magicPenPercent"":0,""magicResist"":56,""movementSpeed"":429,""omnivamp"":0,""physicalVam'"
3038,"b'p"":0,""power"":50,""powerMax"":150,""powerRegen"":0,""spellVamp"":0},""currentGold"":1248,""damageStats"":{""magicDamageDone"":96504,""magicDam'"
3039,"b'ageDoneToChampions"":16553,""magicDamageTaken"":2989,""physicalDamageDone"":11946,""physicalDamageDoneToChampions"":304,""physicalDamage'"
3040,"b'Taken"":5979,""totalDamageDone"":109443,""totalDamageDoneToChampions"":17648,""totalDamageTaken"":9120,""trueDamageDone"":992,""trueDamage'"
3041,"b'DoneToChampions"":790,""trueDamageTaken"":150},""goldPerSecond"":0,""jungleMinionsKilled"":0,""level"":15,""minionsKilled"":196,""participan'"
3042,"b'tId"":1,""position"":{""x"":11677,""y"":2061},""timeEnemySpentControlled"":229970,""totalGold"":10953,""xp"":13435},""2"":{""championStats"":{""ab'"
3043,"b'ilityHaste"":0,""abilityPower"":0,""armor"":84,""armorPen"":0,""armorPenPercent"":0,""attackDamage"":173,""attackSpeed"":230,""bonusArmorPenPe'"
3044,"b'rcent"":0,""bonusMagicPenPercent"":0,""ccReduction"":0,""cooldownReduction"":0,""health"":1693,""healthMax"":1784,""healthRegen"":202,""lifest'"
3045,"b'eal"":0,""magicPen"":0,""magicPenPercent"":0,""magicResist"":52,""movementSpeed"":592,""omnivamp"":0,""physicalVamp"":0,""power"":0,""powerMax"":'"
3046,"b'60,""powerRegen"":0,""spellVamp"":0},""currentGold"":415,""damageStats"":{""magicDamageDone"":19971,""magicDamageDoneToChampions"":1115,""mag'"
3047,"b'icDamageTaken"":4604,""physicalDamageDone"":109255,""physicalDamageDoneToChampions"":3107,""physicalDamageTaken"":16838,""totalDamageDon'"
3048,"b'e"":158039,""totalDamageDoneToChampions"":4708,""totalDamageTaken"":22387,""trueDamageDone"":28813,""trueDamageDoneToChampions"":484,""tru'"
3049,"b'eDamageTaken"":945},""goldPerSecond"":0,""jungleMinionsKilled"":120,""level"":12,""minionsKilled"":21,""participantId"":2,""position"":{""x"":1'"
3050,"b'0008,""y"":7825},""timeEnemySpentControlled"":344959,""totalGold"":7465,""xp"":9051},""3"":{""championStats"":{""abilityHaste"":0,""abilityPowe'"
3051,"b'r"":125,""armor"":75,""armorPen"":0,""armorPenPercent"":0,""attackDamage"":98,""attackSpeed"":124,""bonusArmorPenPercent"":0,""bonusMagicPenPe'"
3052,"b'rcent"":0,""ccReduction"":0,""cooldownReduction"":0,""health"":1733,""healthMax"":2089,""healthRegen"":27,""lifesteal"":0,""magicPen"":24,""magi'"
3053,"b'cPenPercent"":0,""magicResist"":44,""movementSpeed"":375,""omnivamp"":0,""physicalVamp"":0,""power"":1912,""powerMax"":2248,""powerRegen"":308,'"
3054,"b'""spellVamp"":0},""currentGold"":703,""damageStats"":{""magicDamageDone"":95710,""magicDamageDoneToChampions"":12546,""magicDamageTaken"":33'"
3055,"b'25,""physicalDamageDone"":7387,""physicalDamageDoneToChampions"":321,""physicalDamageTaken"":6050,""totalDamageDone"":105005,""totalDamag'"
3056,"b'eDoneToChampions"":12867,""totalDamageTaken"":9757,""trueDamageDone"":1907,""trueDamageDoneToChampions"":0,""trueDamageTaken"":381},""gold'"
3057,"b'PerSecond"":0,""jungleMinionsKilled"":0,""level"":13,""minionsKilled"":185,""participantId"":3,""position"":{""x"":8119,""y"":8539},""timeEnemyS'"
3058,"b'pentControlled"":381016,""totalGold"":7883,""xp"":11159},""4"":{""championStats"":{""abilityHaste"":0,""abilityPower"":0,""armor"":76,""armorPen'"
3059,"b'"":0,""armorPenPercent"":18,""attackDamage"":261,""attackSpeed"":167,""bonusArmorPenPercent"":0,""bonusMagicPenPercent"":0,""ccReduction"":0,'"
3060,"b'""cooldownReduction"":0,""health"":2069,""healthMax"":2069,""healthRegen"":227,""lifesteal"":5,""magicPen"":0,""magicPenPercent"":0,""magicResi'"
3061,"b'st"":42,""movementSpeed"":409,""omnivamp"":2,""physicalVamp"":0,""power"":1910,""powerMax"":2044,""powerRegen"":36,""spellVamp"":0},""currentGol'"
3062,"b'd"":78,""damageStats"":{""magicDamageDone"":8634,""magicDamageDoneToChampions"":3515,""magicDamageTaken"":3748,""physicalDamageDone"":98467'"
3063,"b',""physicalDamageDoneToChampions"":10686,""physicalDamageTaken"":10678,""totalDamageDone"":110810,""totalDamageDoneToChampions"":14201,""'"
3064,"b'totalDamageTaken"":15200,""trueDamageDone"":3708,""trueDamageDoneToChampions"":0,""trueDamageTaken"":772},""goldPerSecond"":0,""jungleMini'"
3065,"b'onsKilled"":8,""level"":12,""minionsKilled"":187,""participantId"":4,""position"":{""x"":8243,""y"":7732},""timeEnemySpentControlled"":2465,""to'"
3066,"b'talGold"":9071,""xp"":9149},""5"":{""championStats"":{""abilityHaste"":0,""abilityPower"":98,""armor"":103,""armorPen"":0,""armorPenPercent"":0,""'"
3067,"b'attackDamage"":97,""attackSpeed"":126,""bonusArmorPenPercent"":0,""bonusMagicPenPercent"":0,""ccReduction"":0,""cooldownReduction"":0,""heal'"
3068,"b'th"":2022,""healthMax"":2228,""healthRegen"":37,""lifesteal"":0,""magicPen"":0,""magicPenPercent"":0,""magicResist"":49,""movementSpeed"":469,""'"
3069,"b'omnivamp"":0,""physicalVamp"":0,""power"":599,""powerMax"":753,""powerRegen"":52,""spellVamp"":0},""currentGold"":441,""damageStats"":{""magicDa'"
3070,"b'mageDone"":5974,""magicDamageDoneToChampions"":3601,""magicDamageTaken"":4487,""physicalDamageDone"":5806,""physicalDamageDoneToChampion'"
3071,"b's"":1309,""physicalDamageTaken"":11879,""totalDamageDone"":19204,""totalDamageDoneToChampions"":5706,""totalDamageTaken"":17104,""trueDama'"
3072,"b'geDone"":7423,""trueDamageDoneToChampions"":796,""trueDamageTaken"":737},""goldPerSecond"":30,""jungleMinionsKilled"":0,""level"":11,""minio'"
3073,"b'nsKilled"":35,""participantId"":5,""position"":{""x"":10055,""y"":7648},""timeEnemySpentControlled"":97885,""totalGold"":6575,""xp"":7803},""6"":'"
3074,"b'{""championStats"":{""abilityHaste"":0,""abilityPower"":93,""armor"":129,""armorPen"":0,""armorPenPercent"":0,""attackDamage"":129,""attackSpee'"
3075,"b'd"":166,""bonusArmorPenPercent"":0,""bonusMagicPenPercent"":0,""ccReduction"":46,""cooldownReduction"":0,""health"":2499,""healthMax"":2774,""'"
3076,"b'healthRegen"":30,""lifesteal"":0,""magicPen"":0,""magicPenPercent"":0,""magicResist"":123,""movementSpeed"":395,""omnivamp"":0,""physicalVamp""'"
3077,"b':0,""power"":710,""powerMax"":875,""powerRegen"":25,""spellVamp"":0},""currentGold"":1325,""damageStats"":{""magicDamageDone"":54268,""magicDam'"
3078,"b'ageDoneToChampions"":3483,""magicDamageTaken"":7721,""physicalDamageDone"":23983,""physicalDamageDoneToChampions"":1420,""physicalDamage'"
3079,"b'Taken"":6703,""totalDamageDone"":78251,""totalDamageDoneToChampions"":4904,""totalDamageTaken"":14995,""trueDamageDone"":0,""trueDamageDon'"
3080,"b'eToChampions"":0,""trueDamageTaken"":570},""goldPerSecond"":0,""jungleMinionsKilled"":4,""level"":14,""minionsKilled"":164,""participantId"":'"
3081,"b'6,""position"":{""x"":12341,""y"":1384},""timeEnemySpentControlled"":1389286,""totalGold"":8150,""xp"":11717},""7"":{""championStats"":{""ability'"
3082,"b'Haste"":0,""abilityPower"":214,""armor"":92,""armorPen"":0,""armorPenPercent"":0,""attackDamage"":101,""attackSpeed"":145,""bonusArmorPenPerce'"
3083,"b'nt"":0,""bonusMagicPenPercent"":0,""ccReduction"":6,""cooldownReduction"":0,""health"":0,""healthMax"":2143,""healthRegen"":25,""lifesteal"":0,'"
3084,"b'""magicPen"":0,""magicPenPercent"":0,""magicResist"":89,""movementSpeed"":420,""omnivamp"":0,""physicalVamp"":0,""power"":624,""powerMax"":788,""'"
3085,"b'powerRegen"":71,""spellVamp"":0},""currentGold"":247,""damageStats"":{""magicDamageDone"":105235,""magicDamageDoneToChampions"":8002,""magic'"
3086,"b'DamageTaken"":13174,""physicalDamageDone"":15248,""physicalDamageDoneToChampions"":341,""physicalDamageTaken"":14699,""totalDamageDone"":'"
3087,"b'153286,""totalDamageDoneToChampions"":9403,""totalDamageTaken"":28114,""trueDamageDone"":32802,""trueDamageDoneToChampions"":1059,""trueD'"
3088,"b'amageTaken"":240},""goldPerSecond"":0,""jungleMinionsKilled"":133,""level"":13,""minionsKilled"":9,""participantId"":7,""position"":{""x"":7962'"
3089,"b',""y"":4329},""timeEnemySpentControlled"":151848,""totalGold"":8372,""xp"":10208},""8"":{""championStats"":{""abilityHaste"":0,""abilityPower"":'"
3090,"b'0,""armor"":94,""armorPen"":0,""armorPenPercent"":0,""attackDamage"":329,""attackSpeed"":143,""bonusArmorPenPercent"":0,""bonusMagicPenPercen'"
3091,"b't"":0,""ccReduction"":6,""cooldownReduction"":0,""health"":1462,""healthMax"":2367,""healthRegen"":31,""lifesteal"":10,""magicPen"":0,""magicPen'"
3092,"b'Percent"":0,""magicResist"":64,""movementSpeed"":410,""omnivamp"":0,""physicalVamp"":0,""power"":128,""powerMax"":200,""powerRegen"":170,""spell'"
3093,"b'Vamp"":0},""currentGold"":1118,""damageStats"":{""magicDamageDone"":9222,""magicDamageDoneToChampions"":914,""magicDamageTaken"":6406,""phys'"
3094,"b'icalDamageDone"":130366,""physicalDamageDoneToChampions"":11868,""physicalDamageTaken"":4842,""totalDamageDone"":140473,""totalDamageDon'"
3095,"b'eToChampions"":13515,""totalDamageTaken"":11558,""trueDamageDone"":883,""trueDamageDoneToChampions"":732,""trueDamageTaken"":310},""goldPe'"
3096,"b'rSecond"":0,""jungleMinionsKilled"":14,""level"":15,""minionsKilled"":202,""participantId"":8,""position"":{""x"":1058,""y"":8750},""timeEnemySp'"
3097,"b'entControlled"":135865,""totalGold"":11667,""xp"":13682},""9"":{""championStats"":{""abilityHaste"":0,""abilityPower"":22,""armor"":79,""armorPe'"
3098,"b'n"":0,""armorPenPercent"":0,""attackDamage"":309,""attackSpeed"":176,""bonusArmorPenPercent"":0,""bonusMagicPenPercent"":0,""ccReduction"":6,'"
3099,"b'""cooldownReduction"":0,""health"":1821,""healthMax"":1821,""healthRegen"":21,""lifesteal"":23,""magicPen"":0,""magicPenPercent"":0,""magicResi'"
3100,"b'st"":44,""movementSpeed"":390,""omnivamp"":0,""physicalVamp"":0,""power"":705,""powerMax"":910,""powerRegen"":31,""spellVamp"":0},""currentGold""'"
3101,"b':754,""damageStats"":{""magicDamageDone"":3200,""magicDamageDoneToChampions"":1984,""magicDamageTaken"":4836,""physicalDamageDone"":120566'"
3102,"b',""physicalDamageDoneToChampions"":20238,""physicalDamageTaken"":7020,""totalDamageDone"":124513,""totalDamageDoneToChampions"":22526,""t'"
3103,"b'otalDamageTaken"":12076,""trueDamageDone"":746,""trueDamageDoneToChampions"":303,""trueDamageTaken"":219},""goldPerSecond"":0,""jungleMini'"
3104,"b'onsKilled"":12,""level"":13,""minionsKilled"":206,""participantId"":9,""position"":{""x"":11934,""y"":3691},""timeEnemySpentControlled"":83422,'"
3105,"b'""totalGold"":11709,""xp"":11438},""10"":{""championStats"":{""abilityHaste"":0,""abilityPower"":21,""armor"":154,""armorPen"":0,""armorPenPercen'"
3106,"b't"":0,""attackDamage"":85,""attackSpeed"":113,""bonusArmorPenPercent"":0,""bonusMagicPenPercent"":0,""ccReduction"":6,""cooldownReduction"":0'"
3107,"b',""health"":2179,""healthMax"":2347,""healthRegen"":59,""lifesteal"":0,""magicPen"":0,""magicPenPercent"":0,""magicResist"":76,""movementSpeed""'"
3108,"b':469,""omnivamp"":0,""physicalVamp"":0,""power"":722,""powerMax"":744,""powerRegen"":18,""spellVamp"":0},""currentGold"":55,""damageStats"":{""ma'"
3109,"b'gicDamageDone"":5833,""magicDamageDoneToChampions"":2941,""magicDamageTaken"":8268,""physicalDamageDone"":4355,""physicalDamageDoneToCha'"
3110,"b'mpions"":930,""physicalDamageTaken"":7370,""totalDamageDone"":16457,""totalDamageDoneToChampions"":4764,""totalDamageTaken"":16370,""trueD'"
3111,"b'amageDone"":6268,""trueDamageDoneToChampions"":891,""trueDamageTaken"":731},""goldPerSecond"":30,""jungleMinionsKilled"":4,""level"":11,""mi'"
3112,"b'nionsKilled"":29,""participantId"":10,""position"":{""x"":11098,""y"":11718},""timeEnemySpentControlled"":149600,""totalGold"":6455,""xp"":7797'"
3113,"b'}},""timestamp"":1440414},{""events"":[{""creatorId"":5,""timestamp"":1440712,""type"":""WARD_PLACED"",""wardType"":""SIGHT_WARD""},{""killerId"":'"
3114,"b'2,""timestamp"":1443051,""type"":""WARD_KILL"",""wardType"":""BLUE_TRINKET""},{""creatorId"":6,""timestamp"":1445148,""type"":""WARD_PLACED"",""war'"
3115,"b'dType"":""BLUE_TRINKET""},{""assistingParticipantIds"":[3],""bounty"":0,""buildingType"":""TOWER_BUILDING"",""killerId"":4,""laneType"":""MID_LA'"
3116,"b'NE"",""position"":{""x"":9767,""y"":10113},""teamId"":200,""timestamp"":1445819,""towerType"":""INNER_TURRET"",""type"":""BUILDING_KILL""},{""assist'"
3117,"b'ingParticipantIds"":[9],""bounty"":300,""killStreakLength"":0,""killerId"":6,""position"":{""x"":13651,""y"":1480},""shutdownBounty"":300,""time'"
3118,"b'stamp"":1449188,""type"":""CHAMPION_KILL"",""victimDamageDealt"":[{""basic"":false,""magicDamage"":95,""name"":""Rumble"",""participantId"":6,""ph'"
3119,"b'ysicalDamage"":0,""spellName"":"""",""spellSlot"":-1,""trueDamage"":0,""type"":""OTHER""},{""basic"":false,""magicDamage"":209,""name"":""Rumble"",""p'"
3120,"b'articipantId"":6,""physicalDamage"":0,""spellName"":""rumblegrenade"",""spellSlot"":2,""trueDamage"":0,""type"":""OTHER""},{""basic"":false,""magi'"
3121,"b'cDamage"":109,""name"":""Rumble"",""participantId"":6,""physicalDamage"":0,""spellName"":"""",""spellSlot"":-1,""trueDamage"":0,""type"":""OTHER""}],'"
3122,"b'""victimDamageReceived"":[{""basic"":false,""magicDamage"":379,""name"":""Udyr"",""participantId"":6,""physicalDamage"":0,""spellName"":""udyrr"",'"
3123,"b'""spellSlot"":3,""trueDamage"":0,""type"":""OTHER""},{""basic"":false,""magicDamage"":62,""name"":""Udyr"",""participantId"":6,""physicalDamage"":0,'"
3124,"b'""spellName"":"""",""spellSlot"":-1,""trueDamage"":0,""type"":""OTHER""},{""basic"":true,""magicDamage"":0,""name"":""Udyr"",""participantId"":6,""phys'"
3125,"b'icalDamage"":65,""spellName"":""udyre"",""spellSlot"":2,""trueDamage"":0,""type"":""OTHER""},{""basic"":false,""magicDamage"":258,""name"":""Udyr"",""'"
3126,"b'participantId"":6,""physicalDamage"":5,""spellName"":"""",""spellSlot"":0,""trueDamage"":0,""type"":""OTHER""},{""basic"":true,""magicDamage"":0,""n'"
3127,"b'ame"":""Udyr"",""participantId"":6,""physicalDamage"":72,""spellName"":"""",""spellSlot"":0,""trueDamage"":0,""type"":""OTHER""},{""basic"":false,""ma'"
3128,"b'gicDamage"":0,""name"":""Udyr"",""participantId"":6,""physicalDamage"":117,""spellName"":""udyrq"",""spellSlot"":-1,""trueDamage"":0,""type"":""OTHE'"
3129,"b'R""},{""basic"":false,""magicDamage"":74,""name"":""Lucian"",""participantId"":9,""physicalDamage"":0,""spellName"":""lucianw"",""spellSlot"":1,""tr'"
3130,"b'ueDamage"":0,""type"":""OTHER""},{""basic"":true,""magicDamage"":0,""name"":""Lucian"",""participantId"":9,""physicalDamage"":298,""spellName"":""lu'"
3131,"b'cianpassive"",""spellSlot"":63,""trueDamage"":0,""type"":""OTHER""},{""basic"":true,""magicDamage"":0,""name"":""Lucian"",""participantId"":9,""phys'"
3132,"b'icalDamage"":188,""spellName"":""lucianbasicattack"",""spellSlot"":64,""trueDamage"":0,""type"":""OTHER""},{""basic"":false,""magicDamage"":43,""n'"
3133,"b'ame"":""Lucian"",""participantId"":9,""physicalDamage"":0,""spellName"":""lucianbasicattack"",""spellSlot"":64,""trueDamage"":0,""type"":""OTHER""}'"
3134,"b',{""basic"":false,""magicDamage"":0,""name"":""Lucian"",""participantId"":9,""physicalDamage"":76,""spellName"":"""",""spellSlot"":-1,""trueDamage""'"
3135,"b':0,""type"":""OTHER""},{""basic"":false,""magicDamage"":48,""name"":""Lucian"",""participantId"":9,""physicalDamage"":340,""spellName"":""lucianpas'"
3136,"b'siveattack"",""spellSlot"":0,""trueDamage"":0,""type"":""OTHER""},{""basic"":false,""magicDamage"":0,""name"":""Lucian"",""participantId"":9,""physi'"
3137,"b'calDamage"":293,""spellName"":""lucianq"",""spellSlot"":0,""trueDamage"":0,""type"":""OTHER""},{""basic"":false,""magicDamage"":0,""name"":""Lucian""'"
3138,"b',""participantId"":9,""physicalDamage"":151,""spellName"":"""",""spellSlot"":-1,""trueDamage"":0,""type"":""OTHER""},{""basic"":true,""magicDamage""'"
3139,"b':0,""name"":""SRU_ChaosMinionMelee"",""participantId"":0,""physicalDamage"":24,""spellName"":""sru_chaosminionmeleebasicattack"",""spellSlot""'"
3140,"b':64,""trueDamage"":0,""type"":""MINION""},{""basic"":true,""magicDamage"":0,""name"":""SRU_ChaosMinionMelee"",""participantId"":0,""physicalDamag'"
3141,"b'e"":128,""spellName"":""rellw_dismount"",""spellSlot"":1,""trueDamage"":0,""type"":""MINION""}],""victimId"":1},{""level"":14,""participantId"":9,""'"
3142,"b'timestamp"":1449188,""type"":""LEVEL_UP""},{""assistingParticipantIds"":[2,4,5],""bounty"":274,""killStreakLength"":1,""killerId"":3,""positio'"
3143,"b'n"":{""x"":11035,""y"":11653},""shutdownBounty"":0,""timestamp"":1454465,""type"":""CHAMPION_KILL"",""victimDamageDealt"":[{""basic"":false,""magi'"
3144,"b'cDamage"":47,""name"":""Rell"",""participantId"":2,""physicalDamage"":0,""spellName"":""rellq"",""spellSlot"":0,""trueDamage"":0,""type"":""OTHER""},'"
3145,"b'{""basic"":false,""magicDamage"":85,""name"":""Rell"",""participantId"":2,""physicalDamage"":0,""spellName"":""relle"",""spellSlot"":2,""trueDamage'"
3146,"b'"":0,""type"":""OTHER""},{""basic"":false,""magicDamage"":35,""name"":""Rell"",""participantId"":2,""physicalDamage"":0,""spellName"":""rellr"",""spel'"
3147,"b'lSlot"":3,""trueDamage"":0,""type"":""OTHER""},{""basic"":false,""magicDamage"":0,""name"":""Rell"",""participantId"":3,""physicalDamage"":0,""spell'"
3148,"b'Name"":""rellw_mountup"",""spellSlot"":1,""trueDamage"":0,""type"":""OTHER""},{""basic"":false,""magicDamage"":0,""name"":""Rell"",""participantId"":'"
3149,"b'3,""physicalDamage"":0,""spellName"":"""",""spellSlot"":1,""trueDamage"":0,""type"":""OTHER""},{""basic"":false,""magicDamage"":0,""name"":""Rell"",""p'"
3150,"b'articipantId"":5,""physicalDamage"":0,""spellName"":""rellw_dismount"",""spellSlot"":1,""trueDamage"":0,""type"":""OTHER""},{""basic"":false,""mag'"
3151,"b'icDamage"":0,""name"":""Rell"",""participantId"":5,""physicalDamage"":0,""spellName"":""relle"",""spellSlot"":2,""trueDamage"":0,""type"":""OTHER""},'"
3152,"b'{""basic"":false,""magicDamage"":49,""name"":""Rell"",""participantId"":5,""physicalDamage"":0,""spellName"":""rellq"",""spellSlot"":0,""trueDamage'"
3153,"b'"":0,""type"":""OTHER""},{""basic"":false,""magicDamage"":154,""name"":""Rell"",""participantId"":5,""physicalDamage"":0,""spellName"":""rellr"",""spe'"
3154,"b'llSlot"":3,""trueDamage"":0,""type"":""OTHER""}],""victimDamageReceived"":[{""basic"":false,""magicDamage"":0,""name"":""Belveth"",""participantId'"
3155,"b'"":2,""physicalDamage"":0,""spellName"":""burning"",""spellSlot"":-1,""trueDamage"":86,""type"":""OTHER""},{""basic"":false,""magicDamage"":0,""name'"
3156,"b'"":""Belveth"",""participantId"":2,""physicalDamage"":0,""spellName"":""belvethw"",""spellSlot"":1,""trueDamage"":0,""type"":""OTHER""},{""basic"":fa'"
3157,"b'lse,""magicDamage"":0,""name"":""Belveth"",""participantId"":2,""physicalDamage"":191,""spellName"":"""",""spellSlot"":-1,""trueDamage"":0,""type"":'"
3158,"b'""OTHER""},{""basic"":false,""magicDamage"":0,""name"":""Belveth"",""participantId"":2,""physicalDamage"":0,""spellName"":""summonersmiteavatarut'"
3159,"b'ility"",""spellSlot"":5,""trueDamage"":110,""type"":""OTHER""},{""basic"":false,""magicDamage"":0,""name"":""Belveth"",""participantId"":2,""physica'"
3160,"b'lDamage"":80,""spellName"":""belvethq"",""spellSlot"":0,""trueDamage"":0,""type"":""OTHER""},{""basic"":true,""magicDamage"":0,""name"":""Belveth"",""'"
3161,"b'participantId"":2,""physicalDamage"":103,""spellName"":""belvethbasicattack2"",""spellSlot"":49,""trueDamage"":0,""type"":""OTHER""},{""basic"":f'"
3162,"b'alse,""magicDamage"":0,""name"":""Belveth"",""participantId"":2,""physicalDamage"":0,""spellName"":"""",""spellSlot"":3,""trueDamage"":131,""type"":'"
3163,"b'""OTHER""},{""basic"":true,""magicDamage"":0,""name"":""Belveth"",""participantId"":2,""physicalDamage"":89,""spellName"":""belvethcritattack"",""s'"
3164,"b'pellSlot"":50,""trueDamage"":0,""type"":""OTHER""},{""basic"":true,""magicDamage"":0,""name"":""Belveth"",""participantId"":2,""physicalDamage"":54'"
3165,"b',""spellName"":""belvethbasicattack"",""spellSlot"":49,""trueDamage"":0,""type"":""OTHER""},{""basic"":false,""magicDamage"":0,""name"":""Belveth"",'"
3166,"b'""participantId"":2,""physicalDamage"":179,""spellName"":""belvethe"",""spellSlot"":2,""trueDamage"":0,""type"":""OTHER""},{""basic"":false,""magic'"
3167,"b'Damage"":0,""name"":""Rakan"",""participantId"":5,""physicalDamage"":0,""spellName"":""rakanw"",""spellSlot"":1,""trueDamage"":0,""type"":""OTHER""},'"
3168,"b'{""basic"":true,""magicDamage"":0,""name"":""Rakan"",""participantId"":5,""physicalDamage"":33,""spellName"":""rakanbasicattackshort2"",""spellSl'"
3169,"b'ot"":49,""trueDamage"":0,""type"":""OTHER""},{""basic"":true,""magicDamage"":0,""name"":""Rakan"",""participantId"":5,""physicalDamage"":33,""spellN'"
3170,"b'ame"":""rakanbasicattackshort"",""spellSlot"":49,""trueDamage"":0,""type"":""OTHER""},{""basic"":true,""magicDamage"":0,""name"":""SRU_OrderMinion'"
3171,"b'Ranged"",""participantId"":0,""physicalDamage"":13,""spellName"":""sru_orderminionrangedbasicattack"",""spellSlot"":64,""trueDamage"":0,""type'"
3172,"b'"":""MINION""},{""basic"":false,""magicDamage"":704,""name"":""Taliyah"",""participantId"":3,""physicalDamage"":0,""spellName"":""taliyahq"",""spell'"
3173,"b'Slot"":0,""trueDamage"":0,""type"":""OTHER""},{""basic"":false,""magicDamage"":66,""name"":""Taliyah"",""participantId"":3,""physicalDamage"":0,""sp'"
3174,"b'ellName"":"""",""spellSlot"":-1,""trueDamage"":0,""type"":""OTHER""},{""basic"":true,""magicDamage"":0,""name"":""Taliyah"",""participantId"":3,""phys'"
3175,"b'icalDamage"":34,""spellName"":""taliyahbasicattack"",""spellSlot"":64,""trueDamage"":0,""type"":""OTHER""},{""basic"":false,""magicDamage"":72,""n'"
3176,"b'ame"":""Taliyah"",""participantId"":3,""physicalDamage"":0,""spellName"":"""",""spellSlot"":-1,""trueDamage"":0,""type"":""OTHER""},{""basic"":false,'"
3177,"b'""magicDamage"":0,""name"":""Ezreal"",""participantId"":4,""physicalDamage"":113,""spellName"":"""",""spellSlot"":-1,""trueDamage"":0,""type"":""OTHE'"
3178,"b'R""},{""basic"":false,""magicDamage"":0,""name"":""Ezreal"",""participantId"":4,""physicalDamage"":183,""spellName"":""ezrealq"",""spellSlot"":0,""t'"
3179,"b'rueDamage"":0,""type"":""OTHER""},{""basic"":true,""magicDamage"":0,""name"":""Ezreal"",""participantId"":4,""physicalDamage"":107,""spellName"":""e'"
3180,"b'zrealbasicattack"",""spellSlot"":64,""trueDamage"":0,""type"":""OTHER""}],""victimId"":10},{""itemId"":1011,""participantId"":6,""timestamp"":145'"
3181,"b'6729,""type"":""ITEM_DESTROYED""},{""itemId"":1052,""participantId"":6,""timestamp"":1456729,""type"":""ITEM_DESTROYED""},{""itemId"":4637,""part'"
3182,"b'icipantId"":6,""timestamp"":1456729,""type"":""ITEM_PURCHASED""},{""levelUpType"":""NORMAL"",""participantId"":9,""skillSlot"":2,""timestamp"":14'"
3183,"b'58864,""type"":""SKILL_LEVEL_UP""},{""assistingParticipantIds"":[2,3,4],""bounty"":0,""buildingType"":""TOWER_BUILDING"",""killerId"":5,""laneT'"
3184,"b'ype"":""MID_LANE"",""position"":{""x"":11134,""y"":11207},""teamId"":200,""timestamp"":1459465,""towerType"":""BASE_TURRET"",""type"":""BUILDING_KIL'"
3185,"b'L""},{""bounty"":0,""buildingType"":""TOWER_BUILDING"",""killerId"":8,""laneType"":""TOP_LANE"",""position"":{""x"":1512,""y"":6699},""teamId"":100,""'"
3186,"b'timestamp"":1459465,""towerType"":""INNER_TURRET"",""type"":""BUILDING_KILL""},{""itemId"":1056,""participantId"":1,""timestamp"":1462201,""type'"
3187,"b'"":""ITEM_SOLD""},{""itemId"":1058,""participantId"":1,""timestamp"":1462799,""type"":""ITEM_PURCHASED""},{""creatorId"":5,""timestamp"":1463567,'"
3188,"b'""type"":""WARD_PLACED"",""wardType"":""SIGHT_WARD""},{""assistingParticipantIds"":[2,4,5],""bounty"":0,""buildingType"":""INHIBITOR_BUILDING"",'"
3189,"b'""killerId"":0,""laneType"":""MID_LANE"",""position"":{""x"":11603,""y"":11667},""teamId"":200,""timestamp"":1464802,""type"":""BUILDING_KILL""},{""c'"
3190,"b'reatorId"":4,""timestamp"":1468308,""type"":""WARD_PLACED"",""wardType"":""BLUE_TRINKET""},{""itemId"":2055,""participantId"":8,""timestamp"":146'"
3191,"b'9444,""type"":""ITEM_DESTROYED""},{""creatorId"":8,""timestamp"":1469444,""type"":""WARD_PLACED"",""wardType"":""CONTROL_WARD""},{""bounty"":300,""'"
3192,"b'killStreakLength"":0,""killerId"":8,""position"":{""x"":8592,""y"":8168},""shutdownBounty"":0,""timestamp"":1475407,""type"":""CHAMPION_KILL"",""v'"
3193,"b'ictimDamageReceived"":[{""basic"":false,""magicDamage"":0,""name"":""Zed"",""participantId"":8,""physicalDamage"":186,""spellName"":""zedq"",""spe'"
3194,"b'llSlot"":0,""trueDamage"":87,""type"":""OTHER""},{""basic"":false,""magicDamage"":0,""name"":""Zed"",""participantId"":8,""physicalDamage"":208,""sp'"
3195,"b'ellName"":"""",""spellSlot"":-1,""trueDamage"":0,""type"":""OTHER""},{""basic"":false,""magicDamage"":142,""name"":""Zed"",""participantId"":8,""physi'"
3196,"b'calDamage"":0,""spellName"":""zedpassive"",""spellSlot"":63,""trueDamage"":0,""type"":""OTHER""},{""basic"":false,""magicDamage"":0,""name"":""Zed"",'"
3197,"b'""participantId"":8,""physicalDamage"":0,""spellName"":""zede"",""spellSlot"":2,""trueDamage"":0,""type"":""OTHER""},{""basic"":true,""magicDamage""'"
3198,"b':0,""name"":""Zed"",""participantId"":8,""physicalDamage"":201,""spellName"":""zedbasicattack"",""spellSlot"":64,""trueDamage"":0,""type"":""OTHER""'"
3199,"b'}],""victimId"":5},{""bounty"":300,""killStreakLength"":1,""killerId"":8,""position"":{""x"":8223,""y"":7673},""shutdownBounty"":0,""timestamp"":1'"
3200,"b'478240,""type"":""CHAMPION_KILL"",""victimDamageDealt"":[{""basic"":false,""magicDamage"":0,""name"":""Ezreal"",""participantId"":6,""physicalDam'"
3201,"b'age"":115,""spellName"":"""",""spellSlot"":-1,""trueDamage"":0,""type"":""OTHER""},{""basic"":false,""magicDamage"":0,""name"":""Ezreal"",""participan'"
3202,"b'tId"":6,""physicalDamage"":218,""spellName"":""ezrealq"",""spellSlot"":0,""trueDamage"":0,""type"":""OTHER""},{""basic"":false,""magicDamage"":0,""n'"
3203,"b'ame"":""Ezreal"",""participantId"":8,""physicalDamage"":120,""spellName"":"""",""spellSlot"":-1,""trueDamage"":0,""type"":""OTHER""},{""basic"":true,'"
3204,"b'""magicDamage"":0,""name"":""Ezreal"",""participantId"":8,""physicalDamage"":150,""spellName"":""ezrealbasicattack"",""spellSlot"":64,""trueDamag'"
3205,"b'e"":0,""type"":""OTHER""}],""victimDamageReceived"":[{""basic"":false,""magicDamage"":0,""name"":""Zed"",""participantId"":8,""physicalDamage"":731'"
3206,"b',""spellName"":""zedq"",""spellSlot"":0,""trueDamage"":42,""type"":""OTHER""},{""basic"":false,""magicDamage"":0,""name"":""Zed"",""participantId"":8,'"
3207,"b'""physicalDamage"":367,""spellName"":"""",""spellSlot"":-1,""trueDamage"":0,""type"":""OTHER""},{""basic"":false,""magicDamage"":0,""name"":""Zed"",""p'"
3208,"b'articipantId"":8,""physicalDamage"":413,""spellName"":""zede"",""spellSlot"":2,""trueDamage"":0,""type"":""OTHER""},{""basic"":false,""magicDamage'"
3209,"b'"":0,""name"":""Zed"",""participantId"":8,""physicalDamage"":719,""spellName"":""zedr"",""spellSlot"":3,""trueDamage"":0,""type"":""OTHER""}],""victim'"
3210,"b'Id"":4},{""killType"":""KILL_MULTI"",""killerId"":8,""multiKillLength"":2,""position"":{""x"":7809,""y"":7907},""timestamp"":1478240,""type"":""CHAM'"
3211,"b'PION_SPECIAL_KILL""},{""assistingParticipantIds"":[7,8],""bounty"":300,""killStreakLength"":1,""killerId"":6,""position"":{""x"":7953,""y"":842'"
3212,"b'8},""shutdownBounty"":50,""timestamp"":1478773,""type"":""CHAMPION_KILL"",""victimDamageDealt"":[{""basic"":false,""magicDamage"":156,""name"":""'"
3213,"b'Taliyah"",""participantId"":6,""physicalDamage"":0,""spellName"":""taliyahe"",""spellSlot"":2,""trueDamage"":0,""type"":""OTHER""},{""basic"":false'"
3214,"b',""magicDamage"":55,""name"":""Taliyah"",""participantId"":6,""physicalDamage"":0,""spellName"":"""",""spellSlot"":-1,""trueDamage"":0,""type"":""OTH'"
3215,"b'ER""},{""basic"":false,""magicDamage"":38,""name"":""Taliyah"",""participantId"":6,""physicalDamage"":0,""spellName"":"""",""spellSlot"":-1,""trueDa'"
3216,"b'mage"":0,""type"":""OTHER""},{""basic"":false,""magicDamage"":253,""name"":""Taliyah"",""participantId"":8,""physicalDamage"":0,""spellName"":""tali'"
3217,"b'yahq"",""spellSlot"":0,""trueDamage"":0,""type"":""OTHER""}],""victimDamageReceived"":[{""basic"":false,""magicDamage"":0,""name"":""Zed"",""partici'"
3218,"b'pantId"":8,""physicalDamage"":492,""spellName"":""zedq"",""spellSlot"":0,""trueDamage"":72,""type"":""OTHER""},{""basic"":false,""magicDamage"":0,""'"
3219,"b'name"":""Zed"",""participantId"":8,""physicalDamage"":319,""spellName"":"""",""spellSlot"":-1,""trueDamage"":0,""type"":""OTHER""},{""basic"":true,""m'"
3220,"b'agicDamage"":0,""name"":""Zed"",""participantId"":8,""physicalDamage"":253,""spellName"":""zedbasicattack"",""spellSlot"":64,""trueDamage"":0,""ty'"
3221,"b'pe"":""OTHER""},{""basic"":false,""magicDamage"":25,""name"":""Zed"",""participantId"":8,""physicalDamage"":0,""spellName"":"""",""spellSlot"":-1,""tr'"
3222,"b'ueDamage"":0,""type"":""OTHER""},{""basic"":false,""magicDamage"":139,""name"":""Zed"",""participantId"":8,""physicalDamage"":0,""spellName"":""zedp'"
3223,"b'assive"",""spellSlot"":63,""trueDamage"":0,""type"":""OTHER""},{""basic"":false,""magicDamage"":0,""name"":""Zed"",""participantId"":8,""physicalDam'"
3224,"b'age"":482,""spellName"":""zede"",""spellSlot"":2,""trueDamage"":0,""type"":""OTHER""},{""basic"":false,""magicDamage"":23,""name"":""Udyr"",""particip'"
3225,"b'antId"":6,""physicalDamage"":0,""spellName"":"""",""spellSlot"":-1,""trueDamage"":0,""type"":""OTHER""},{""basic"":false,""magicDamage"":57,""name"":'"
3226,"b'""Udyr"",""participantId"":6,""physicalDamage"":0,""spellName"":""udyrr"",""spellSlot"":3,""trueDamage"":0,""type"":""OTHER""}],""victimId"":3},{""le'"
3227,"b'vel"":15,""participantId"":6,""timestamp"":1478773,""type"":""LEVEL_UP""},{""itemId"":1036,""participantId"":4,""timestamp"":1483117,""type"":""IT'"
3228,"b'EM_PURCHASED""},{""levelUpType"":""NORMAL"",""participantId"":6,""skillSlot"":3,""timestamp"":1486252,""type"":""SKILL_LEVEL_UP""},{""itemId"":31'"
3229,"b'33,""participantId"":2,""timestamp"":1487285,""type"":""ITEM_DESTROYED""},{""itemId"":3067,""participantId"":2,""timestamp"":1487285,""type"":""I'"
3230,"b'TEM_DESTROYED""},{""itemId"":1036,""participantId"":2,""timestamp"":1487285,""type"":""ITEM_DESTROYED""},{""itemId"":3071,""participantId"":2,""'"
3231,"b'timestamp"":1487285,""type"":""ITEM_PURCHASED""},{""creatorId"":7,""timestamp"":1488882,""type"":""WARD_PLACED"",""wardType"":""UNDEFINED""},{""le'"
3232,"b'vel"":16,""participantId"":8,""timestamp"":1492150,""type"":""LEVEL_UP""},{""levelUpType"":""NORMAL"",""participantId"":8,""skillSlot"":4,""timest'"
3233,"b'amp"":1492885,""type"":""SKILL_LEVEL_UP""},{""itemId"":2055,""participantId"":7,""timestamp"":1497611,""type"":""ITEM_DESTROYED""},{""creatorId""'"
3234,"b':7,""timestamp"":1497611,""type"":""WARD_PLACED"",""wardType"":""CONTROL_WARD""},{""bounty"":0,""buildingType"":""TOWER_BUILDING"",""killerId"":9,'"
3235,"b'""laneType"":""BOT_LANE"",""position"":{""x"":6919,""y"":1483},""teamId"":100,""timestamp"":1499348,""towerType"":""INNER_TURRET"",""type"":""BUILDIN'"
3236,"b'G_KILL""}],""participantFrames"":{""1"":{""championStats"":{""abilityHaste"":0,""abilityPower"":388,""armor"":98,""armorPen"":0,""armorPenPercen'"
3237,"b't"":0,""attackDamage"":108,""attackSpeed"":124,""bonusArmorPenPercent"":0,""bonusMagicPenPercent"":0,""ccReduction"":5,""cooldownReduction"":'"
3238,"b'0,""health"":2617,""healthMax"":2617,""healthRegen"":29,""lifesteal"":0,""magicPen"":11,""magicPenPercent"":0,""magicResist"":56,""movementSpee'"
3239,"b'd"":616,""omnivamp"":0,""physicalVamp"":0,""power"":40,""powerMax"":150,""powerRegen"":0,""spellVamp"":0},""currentGold"":380,""damageStats"":{""m'"
3240,"b'agicDamageDone"":97398,""magicDamageDoneToChampions"":16968,""magicDamageTaken"":3856,""physicalDamageDone"":11946,""physicalDamageDoneT'"
3241,"b'oChampions"":304,""physicalDamageTaken"":7743,""totalDamageDone"":110337,""totalDamageDoneToChampions"":18063,""totalDamageTaken"":11750,'"
3242,"b'""trueDamageDone"":992,""trueDamageDoneToChampions"":790,""trueDamageTaken"":150},""goldPerSecond"":0,""jungleMinionsKilled"":0,""level"":15'"
3243,"b',""minionsKilled"":196,""participantId"":1,""position"":{""x"":2098,""y"":842},""timeEnemySpentControlled"":233203,""totalGold"":11175,""xp"":13'"
3244,"b'435},""2"":{""championStats"":{""abilityHaste"":0,""abilityPower"":0,""armor"":84,""armorPen"":0,""armorPenPercent"":0,""attackDamage"":190,""att'"
3245,"b'ackSpeed"":269,""bonusArmorPenPercent"":0,""bonusMagicPenPercent"":0,""ccReduction"":0,""cooldownReduction"":0,""health"":2242,""healthMax"":'"
3246,"b'2242,""healthRegen"":248,""lifesteal"":0,""magicPen"":0,""magicPenPercent"":0,""magicResist"":52,""movementSpeed"":481,""omnivamp"":0,""physica'"
3247,"b'lVamp"":0,""power"":17,""powerMax"":60,""powerRegen"":0,""spellVamp"":0},""currentGold"":45,""damageStats"":{""magicDamageDone"":19971,""magicDa'"
3248,"b'mageDoneToChampions"":1115,""magicDamageTaken"":4773,""physicalDamageDone"":111024,""physicalDamageDoneToChampions"":3805,""physicalDama'"
3249,"b'geTaken"":18223,""totalDamageDone"":160738,""totalDamageDoneToChampions"":5719,""totalDamageTaken"":23942,""trueDamageDone"":29742,""trueD'"
3250,"b'amageDoneToChampions"":797,""trueDamageTaken"":945},""goldPerSecond"":0,""jungleMinionsKilled"":120,""level"":12,""minionsKilled"":23,""part'"
3251,"b'icipantId"":2,""position"":{""x"":6024,""y"":2126},""timeEnemySpentControlled"":362316,""totalGold"":7945,""xp"":9339},""3"":{""championStats"":{'"
3252,"b'""abilityHaste"":0,""abilityPower"":113,""armor"":75,""armorPen"":0,""armorPenPercent"":0,""attackDamage"":98,""attackSpeed"":124,""bonusArmorP'"
3253,"b'enPercent"":0,""bonusMagicPenPercent"":0,""ccReduction"":0,""cooldownReduction"":0,""health"":0,""healthMax"":2089,""healthRegen"":27,""lifest'"
3254,"b'eal"":0,""magicPen"":24,""magicPenPercent"":0,""magicResist"":44,""movementSpeed"":401,""omnivamp"":0,""physicalVamp"":0,""power"":2134,""powerM'"
3255,"b'ax"":2248,""powerRegen"":33,""spellVamp"":0},""currentGold"":1320,""damageStats"":{""magicDamageDone"":99554,""magicDamageDoneToChampions"":1'"
3256,"b'3925,""magicDamageTaken"":3570,""physicalDamageDone"":7421,""physicalDamageDoneToChampions"":355,""physicalDamageTaken"":7597,""totalDama'"
3257,"b'geDone"":108884,""totalDamageDoneToChampions"":14280,""totalDamageTaken"":11622,""trueDamageDone"":1907,""trueDamageDoneToChampions"":0,""'"
3258,"b'trueDamageTaken"":454},""goldPerSecond"":0,""jungleMinionsKilled"":0,""level"":13,""minionsKilled"":187,""participantId"":3,""position"":{""x""'"
3259,"b':7953,""y"":8428},""timeEnemySpentControlled"":384618,""totalGold"":8500,""xp"":11391},""4"":{""championStats"":{""abilityHaste"":0,""abilityPo'"
3260,"b'wer"":0,""armor"":76,""armorPen"":0,""armorPenPercent"":18,""attackDamage"":272,""attackSpeed"":167,""bonusArmorPenPercent"":0,""bonusMagicPen'"
3261,"b'Percent"":0,""ccReduction"":0,""cooldownReduction"":0,""health"":0,""healthMax"":2069,""healthRegen"":20,""lifesteal"":5,""magicPen"":0,""magicP'"
3262,"b'enPercent"":0,""magicResist"":42,""movementSpeed"":409,""omnivamp"":2,""physicalVamp"":0,""power"":1498,""powerMax"":2044,""powerRegen"":36,""sp'"
3263,"b'ellVamp"":0},""currentGold"":118,""damageStats"":{""magicDamageDone"":9979,""magicDamageDoneToChampions"":3515,""magicDamageTaken"":3748,""p'"
3264,"b'hysicalDamageDone"":103992,""physicalDamageDoneToChampions"":11695,""physicalDamageTaken"":12925,""totalDamageDone"":117859,""totalDamag'"
3265,"b'eDoneToChampions"":15316,""totalDamageTaken"":17489,""trueDamageDone"":3888,""trueDamageDoneToChampions"":105,""trueDamageTaken"":815},""g'"
3266,"b'oldPerSecond"":0,""jungleMinionsKilled"":8,""level"":12,""minionsKilled"":189,""participantId"":4,""position"":{""x"":8223,""y"":7673},""timeEne'"
3267,"b'mySpentControlled"":12314,""totalGold"":9461,""xp"":9425},""5"":{""championStats"":{""abilityHaste"":0,""abilityPower"":98,""armor"":103,""armor'"
3268,"b'Pen"":0,""armorPenPercent"":0,""attackDamage"":97,""attackSpeed"":126,""bonusArmorPenPercent"":0,""bonusMagicPenPercent"":0,""ccReduction"":0'"
3269,"b',""cooldownReduction"":0,""health"":0,""healthMax"":2228,""healthRegen"":37,""lifesteal"":0,""magicPen"":0,""magicPenPercent"":0,""magicResist""'"
3270,"b':49,""movementSpeed"":406,""omnivamp"":0,""physicalVamp"":0,""power"":268,""powerMax"":753,""powerRegen"":52,""spellVamp"":0},""currentGold"":81'"
3271,"b'4,""damageStats"":{""magicDamageDone"":6158,""magicDamageDoneToChampions"":3601,""magicDamageTaken"":4834,""physicalDamageDone"":5874,""phy'"
3272,"b'sicalDamageDoneToChampions"":1376,""physicalDamageTaken"":13654,""totalDamageDone"":19455,""totalDamageDoneToChampions"":5774,""totalDam'"
3273,"b'ageTaken"":19314,""trueDamageDone"":7423,""trueDamageDoneToChampions"":796,""trueDamageTaken"":824},""goldPerSecond"":30,""jungleMinionsKi'"
3274,"b'lled"":0,""level"":11,""minionsKilled"":35,""participantId"":5,""position"":{""x"":8592,""y"":8168},""timeEnemySpentControlled"":100425,""totalG'"
3275,"b'old"":6949,""xp"":8109},""6"":{""championStats"":{""abilityHaste"":0,""abilityPower"":167,""armor"":140,""armorPen"":0,""armorPenPercent"":0,""att'"
3276,"b'ackDamage"":120,""attackSpeed"":189,""bonusArmorPenPercent"":0,""bonusMagicPenPercent"":0,""ccReduction"":47,""cooldownReduction"":0,""healt'"
3277,"b'h"":2496,""healthMax"":2897,""healthRegen"":31,""lifesteal"":0,""magicPen"":0,""magicPenPercent"":0,""magicResist"":131,""movementSpeed"":395,""'"
3278,"b'omnivamp"":0,""physicalVamp"":0,""power"":908,""powerMax"":934,""powerRegen"":170,""spellVamp"":0},""currentGold"":1242,""damageStats"":{""magic'"
3279,"b'DamageDone"":65963,""magicDamageDoneToChampions"":4264,""magicDamageTaken"":8386,""physicalDamageDone"":26311,""physicalDamageDoneToCham'"
3280,"b'pions"":1681,""physicalDamageTaken"":7578,""totalDamageDone"":92275,""totalDamageDoneToChampions"":5945,""totalDamageTaken"":16580,""trueD'"
3281,"b'amageDone"":0,""trueDamageDoneToChampions"":0,""trueDamageTaken"":615},""goldPerSecond"":0,""jungleMinionsKilled"":4,""level"":15,""minionsK'"
3282,"b'illed"":176,""participantId"":6,""position"":{""x"":5923,""y"":6055},""timeEnemySpentControlled"":1530270,""totalGold"":9732,""xp"":13608},""7"":'"
3283,"b'{""championStats"":{""abilityHaste"":0,""abilityPower"":220,""armor"":92,""armorPen"":0,""armorPenPercent"":0,""attackDamage"":101,""attackSpee'"
3284,"b'd"":145,""bonusArmorPenPercent"":0,""bonusMagicPenPercent"":0,""ccReduction"":6,""cooldownReduction"":0,""health"":2143,""healthMax"":2143,""h'"
3285,"b'ealthRegen"":25,""lifesteal"":0,""magicPen"":0,""magicPenPercent"":0,""magicResist"":89,""movementSpeed"":420,""omnivamp"":0,""physicalVamp"":0'"
3286,"b',""power"":578,""powerMax"":788,""powerRegen"":82,""spellVamp"":0},""currentGold"":639,""damageStats"":{""magicDamageDone"":111854,""magicDamag'"
3287,"b'eDoneToChampions"":8002,""magicDamageTaken"":13174,""physicalDamageDone"":15552,""physicalDamageDoneToChampions"":341,""physicalDamageTa'"
3288,"b'ken"":15111,""totalDamageDone"":161364,""totalDamageDoneToChampions"":9403,""totalDamageTaken"":28526,""trueDamageDone"":33958,""trueDamag'"
3289,"b'eDoneToChampions"":1059,""trueDamageTaken"":240},""goldPerSecond"":0,""jungleMinionsKilled"":137,""level"":13,""minionsKilled"":9,""particip'"
3290,"b'antId"":7,""position"":{""x"":6294,""y"":2837},""timeEnemySpentControlled"":151848,""totalGold"":8764,""xp"":10980},""8"":{""championStats"":{""ab'"
3291,"b'ilityHaste"":0,""abilityPower"":0,""armor"":100,""armorPen"":0,""armorPenPercent"":0,""attackDamage"":350,""attackSpeed"":147,""bonusArmorPenP'"
3292,"b'ercent"":0,""bonusMagicPenPercent"":0,""ccReduction"":6,""cooldownReduction"":0,""health"":1998,""healthMax"":2487,""healthRegen"":281,""lifes'"
3293,"b'teal"":10,""magicPen"":0,""magicPenPercent"":0,""magicResist"":66,""movementSpeed"":410,""omnivamp"":0,""physicalVamp"":0,""power"":70,""powerMa'"
3294,"b'x"":200,""powerRegen"":100,""spellVamp"":0},""currentGold"":3092,""damageStats"":{""magicDamageDone"":10442,""magicDamageDoneToChampions"":12'"
3295,"b'21,""magicDamageTaken"":6858,""physicalDamageDone"":150546,""physicalDamageDoneToChampions"":16244,""physicalDamageTaken"":5196,""totalDa'"
3296,"b'mageDone"":162179,""totalDamageDoneToChampions"":18401,""totalDamageTaken"":12410,""trueDamageDone"":1189,""trueDamageDoneToChampions"":9'"
3297,"b'34,""trueDamageTaken"":355},""goldPerSecond"":0,""jungleMinionsKilled"":18,""level"":16,""minionsKilled"":211,""participantId"":8,""position""'"
3298,"b':{""x"":2353,""y"":8329},""timeEnemySpentControlled"":149307,""totalGold"":13641,""xp"":14727},""9"":{""championStats"":{""abilityHaste"":0,""abi'"
3299,"b'lityPower"":0,""armor"":84,""armorPen"":0,""armorPenPercent"":0,""attackDamage"":304,""attackSpeed"":179,""bonusArmorPenPercent"":0,""bonusMag'"
3300,"b'icPenPercent"":0,""ccReduction"":6,""cooldownReduction"":0,""health"":1935,""healthMax"":1935,""healthRegen"":23,""lifesteal"":23,""magicPen"":'"
3301,"b'0,""magicPenPercent"":0,""magicResist"":45,""movementSpeed"":390,""omnivamp"":0,""physicalVamp"":0,""power"":541,""powerMax"":959,""powerRegen""'"
3302,"b':33,""spellVamp"":0},""currentGold"":2011,""damageStats"":{""magicDamageDone"":3774,""magicDamageDoneToChampions"":2151,""magicDamageTaken""'"
3303,"b':4836,""physicalDamageDone"":136698,""physicalDamageDoneToChampions"":21588,""physicalDamageTaken"":7020,""totalDamageDone"":141219,""tot'"
3304,"b'alDamageDoneToChampions"":24043,""totalDamageTaken"":12076,""trueDamageDone"":746,""trueDamageDoneToChampions"":303,""trueDamageTaken"":2'"
3305,"b'19},""goldPerSecond"":0,""jungleMinionsKilled"":12,""level"":14,""minionsKilled"":221,""participantId"":9,""position"":{""x"":6695,""y"":1390},""'"
3306,"b'timeEnemySpentControlled"":83422,""totalGold"":12966,""xp"":12604},""10"":{""championStats"":{""abilityHaste"":0,""abilityPower"":21,""armor"":'"
3307,"b'154,""armorPen"":0,""armorPenPercent"":0,""attackDamage"":85,""attackSpeed"":113,""bonusArmorPenPercent"":0,""bonusMagicPenPercent"":0,""ccRe'"
3308,"b'duction"":6,""cooldownReduction"":0,""health"":2347,""healthMax"":2347,""healthRegen"":59,""lifesteal"":0,""magicPen"":0,""magicPenPercent"":0,'"
3309,"b'""magicResist"":76,""movementSpeed"":440,""omnivamp"":0,""physicalVamp"":0,""power"":744,""powerMax"":744,""powerRegen"":18,""spellVamp"":0},""cu'"
3310,"b'rrentGold"":317,""damageStats"":{""magicDamageDone"":6490,""magicDamageDoneToChampions"":3315,""magicDamageTaken"":9112,""physicalDamageDo'"
3311,"b'ne"":4355,""physicalDamageDoneToChampions"":930,""physicalDamageTaken"":8588,""totalDamageDone"":17115,""totalDamageDoneToChampions"":513'"
3312,"b'8,""totalDamageTaken"":18759,""trueDamageDone"":6268,""trueDamageDoneToChampions"":891,""trueDamageTaken"":1059},""goldPerSecond"":30,""jun'"
3313,"b'gleMinionsKilled"":4,""level"":11,""minionsKilled"":30,""participantId"":10,""position"":{""x"":11493,""y"":10968},""timeEnemySpentControlled""'"
3314,"b':173952,""totalGold"":6717,""xp"":7859}},""timestamp"":1500416},{""events"":[{""actualStartTime"":1518000,""teamId"":100,""timestamp"":1503320'"
3315,"b',""type"":""OBJECTIVE_BOUNTY_PRESTART""},{""itemId"":1082,""participantId"":3,""timestamp"":1504120,""type"":""ITEM_SOLD""},{""itemId"":1058,""pa'"
3316,"b'rticipantId"":3,""timestamp"":1504724,""type"":""ITEM_PURCHASED""},{""creatorId"":7,""timestamp"":1505060,""type"":""WARD_PLACED"",""wardType"":""'"
3317,"b'UNDEFINED""},{""itemId"":3023,""participantId"":5,""timestamp"":1505461,""type"":""ITEM_DESTROYED""},{""itemId"":1028,""participantId"":5,""time'"
3318,"b'stamp"":1505461,""type"":""ITEM_DESTROYED""},{""itemId"":3109,""participantId"":5,""timestamp"":1505461,""type"":""ITEM_PURCHASED""},{""itemId"":'"
3319,"b'2055,""participantId"":5,""timestamp"":1506266,""type"":""ITEM_PURCHASED""},{""itemId"":2055,""participantId"":5,""timestamp"":1520151,""type"":'"
3320,"b'""ITEM_DESTROYED""},{""creatorId"":5,""timestamp"":1520151,""type"":""WARD_PLACED"",""wardType"":""CONTROL_WARD""},{""creatorId"":10,""timestamp""'"
3321,"b':1522817,""type"":""WARD_PLACED"",""wardType"":""SIGHT_WARD""},{""creatorId"":7,""timestamp"":1523581,""type"":""WARD_PLACED"",""wardType"":""UNDEF'"
3322,"b'INED""},{""creatorId"":5,""timestamp"":1525017,""type"":""WARD_PLACED"",""wardType"":""SIGHT_WARD""},{""killerId"":5,""timestamp"":1526051,""type""'"
3323,"b':""WARD_KILL"",""wardType"":""UNDEFINED""},{""level"":14,""participantId"":3,""timestamp"":1529287,""type"":""LEVEL_UP""},{""levelUpType"":""NORMAL'"
3324,"b'"",""participantId"":3,""skillSlot"":2,""timestamp"":1531587,""type"":""SKILL_LEVEL_UP""},{""itemId"":2055,""participantId"":10,""timestamp"":154'"
3325,"b'1576,""type"":""ITEM_DESTROYED""},{""creatorId"":10,""timestamp"":1541576,""type"":""WARD_PLACED"",""wardType"":""CONTROL_WARD""},{""creatorId"":7'"
3326,"b',""timestamp"":1543080,""type"":""WARD_PLACED"",""wardType"":""UNDEFINED""},{""itemId"":2055,""participantId"":5,""timestamp"":1547576,""type"":""I'"
3327,"b'TEM_PURCHASED""},{""creatorId"":8,""timestamp"":1548752,""type"":""WARD_PLACED"",""wardType"":""BLUE_TRINKET""},{""killerId"":2,""timestamp"":155'"
3328,"b'4052,""type"":""WARD_KILL"",""wardType"":""CONTROL_WARD""},{""level"":13,""participantId"":2,""timestamp"":1554052,""type"":""LEVEL_UP""},{""itemId'"
3329,"b'"":3155,""participantId"":9,""timestamp"":1555890,""type"":""ITEM_PURCHASED""},{""creatorId"":7,""timestamp"":1556957,""type"":""WARD_PLACED"",""w'"
3330,"b'ardType"":""UNDEFINED""}],""participantFrames"":{""1"":{""championStats"":{""abilityHaste"":0,""abilityPower"":388,""armor"":98,""armorPen"":0,""a'"
3331,"b'rmorPenPercent"":0,""attackDamage"":108,""attackSpeed"":236,""bonusArmorPenPercent"":0,""bonusMagicPenPercent"":0,""ccReduction"":7,""cooldo'"
3332,"b'wnReduction"":0,""health"":2365,""healthMax"":2617,""healthRegen"":29,""lifesteal"":0,""magicPen"":11,""magicPenPercent"":0,""magicResist"":56,'"
3333,"b'""movementSpeed"":405,""omnivamp"":0,""physicalVamp"":0,""power"":110,""powerMax"":150,""powerRegen"":0,""spellVamp"":0},""currentGold"":657,""da'"
3334,"b'mageStats"":{""magicDamageDone"":106056,""magicDamageDoneToChampions"":17572,""magicDamageTaken"":4197,""physicalDamageDone"":12163,""phys'"
3335,"b'icalDamageDoneToChampions"":304,""physicalDamageTaken"":7781,""totalDamageDone"":119213,""totalDamageDoneToChampions"":18667,""totalDama'"
3336,"b'geTaken"":12138,""trueDamageDone"":992,""trueDamageDoneToChampions"":790,""trueDamageTaken"":159},""goldPerSecond"":0,""jungleMinionsKille'"
3337,"b'd"":0,""level"":15,""minionsKilled"":205,""participantId"":1,""position"":{""x"":1072,""y"":6652},""timeEnemySpentControlled"":238976,""totalGol'"
3338,"b'd"":11451,""xp"":14117},""2"":{""championStats"":{""abilityHaste"":0,""abilityPower"":0,""armor"":89,""armorPen"":0,""armorPenPercent"":0,""attack'"
3339,"b'Damage"":192,""attackSpeed"":197,""bonusArmorPenPercent"":0,""bonusMagicPenPercent"":0,""ccReduction"":0,""cooldownReduction"":0,""health"":1'"
3340,"b'394,""healthMax"":2094,""healthRegen"":25,""lifesteal"":0,""magicPen"":0,""magicPenPercent"":0,""magicResist"":54,""movementSpeed"":443,""omniv'"
3341,"b'amp"":0,""physicalVamp"":0,""power"":0,""powerMax"":60,""powerRegen"":0,""spellVamp"":0},""currentGold"":366,""damageStats"":{""magicDamageDone""'"
3342,"b':21354,""magicDamageDoneToChampions"":1115,""magicDamageTaken"":5197,""physicalDamageDone"":111146,""physicalDamageDoneToChampions"":392'"
3343,"b'3,""physicalDamageTaken"":19037,""totalDamageDone"":163476,""totalDamageDoneToChampions"":5870,""totalDamageTaken"":25286,""trueDamageDon'"
3344,"b'e"":30976,""trueDamageDoneToChampions"":831,""trueDamageTaken"":1052},""goldPerSecond"":0,""jungleMinionsKilled"":124,""level"":13,""minions'"
3345,"b'Killed"":28,""participantId"":2,""position"":{""x"":5356,""y"":2096},""timeEnemySpentControlled"":365154,""totalGold"":8271,""xp"":10000},""3"":{'"
3346,"b'""championStats"":{""abilityHaste"":0,""abilityPower"":156,""armor"":80,""armorPen"":0,""armorPenPercent"":0,""attackDamage"":102,""attackSpeed'"
3347,"b'"":126,""bonusArmorPenPercent"":0,""bonusMagicPenPercent"":0,""ccReduction"":0,""cooldownReduction"":0,""health"":1461,""healthMax"":2176,""he'"
3348,"b'althRegen"":28,""lifesteal"":0,""magicPen"":24,""magicPenPercent"":0,""magicResist"":45,""movementSpeed"":477,""omnivamp"":0,""physicalVamp"":0'"
3349,"b',""power"":1939,""powerMax"":2282,""powerRegen"":35,""spellVamp"":0},""currentGold"":395,""damageStats"":{""magicDamageDone"":103359,""magicDam'"
3350,"b'ageDoneToChampions"":13925,""magicDamageTaken"":4144,""physicalDamageDone"":7421,""physicalDamageDoneToChampions"":355,""physicalDamageT'"
3351,"b'aken"":7737,""totalDamageDone"":112689,""totalDamageDoneToChampions"":14280,""totalDamageTaken"":12401,""trueDamageDone"":1907,""trueDamag'"
3352,"b'eDoneToChampions"":0,""trueDamageTaken"":519},""goldPerSecond"":0,""jungleMinionsKilled"":0,""level"":14,""minionsKilled"":191,""participant'"
3353,"b'Id"":3,""position"":{""x"":5508,""y"":1737},""timeEnemySpentControlled"":392921,""totalGold"":8685,""xp"":11798},""4"":{""championStats"":{""abili'"
3354,"b'tyHaste"":0,""abilityPower"":0,""armor"":76,""armorPen"":0,""armorPenPercent"":18,""attackDamage"":272,""attackSpeed"":217,""bonusArmorPenPerc'"
3355,"b'ent"":0,""bonusMagicPenPercent"":0,""ccReduction"":0,""cooldownReduction"":0,""health"":1444,""healthMax"":2069,""healthRegen"":20,""lifesteal'"
3356,"b'"":5,""magicPen"":0,""magicPenPercent"":0,""magicResist"":42,""movementSpeed"":383,""omnivamp"":2,""physicalVamp"":0,""power"":1644,""powerMax"":'"
3357,"b'2044,""powerRegen"":36,""spellVamp"":0},""currentGold"":346,""damageStats"":{""magicDamageDone"":12599,""magicDamageDoneToChampions"":3736,""'"
3358,"b'magicDamageTaken"":3748,""physicalDamageDone"":109539,""physicalDamageDoneToChampions"":12606,""physicalDamageTaken"":14060,""totalDamag'"
3359,"b'eDone"":126028,""totalDamageDoneToChampions"":16447,""totalDamageTaken"":18624,""trueDamageDone"":3888,""trueDamageDoneToChampions"":105,'"
3360,"b'""trueDamageTaken"":815},""goldPerSecond"":0,""jungleMinionsKilled"":8,""level"":12,""minionsKilled"":195,""participantId"":4,""position"":{""x'"
3361,"b'"":4616,""y"":4704},""timeEnemySpentControlled"":12314,""totalGold"":9689,""xp"":9651},""5"":{""championStats"":{""abilityHaste"":0,""abilityPow'"
3362,"b'er"":98,""armor"":103,""armorPen"":0,""armorPenPercent"":0,""attackDamage"":97,""attackSpeed"":126,""bonusArmorPenPercent"":0,""bonusMagicPenP'"
3363,"b'ercent"":0,""ccReduction"":0,""cooldownReduction"":0,""health"":2042,""healthMax"":2278,""healthRegen"":61,""lifesteal"":0,""magicPen"":0,""magi'"
3364,"b'cPenPercent"":0,""magicResist"":49,""movementSpeed"":406,""omnivamp"":0,""physicalVamp"":0,""power"":753,""powerMax"":753,""powerRegen"":52,""sp'"
3365,"b'ellVamp"":0},""currentGold"":70,""damageStats"":{""magicDamageDone"":6401,""magicDamageDoneToChampions"":3697,""magicDamageTaken"":4834,""ph'"
3366,"b'ysicalDamageDone"":5881,""physicalDamageDoneToChampions"":1376,""physicalDamageTaken"":15762,""totalDamageDone"":19705,""totalDamageDone'"
3367,"b'ToChampions"":5869,""totalDamageTaken"":21421,""trueDamageDone"":7423,""trueDamageDoneToChampions"":796,""trueDamageTaken"":824},""goldPer'"
3368,"b'Second"":30,""jungleMinionsKilled"":0,""level"":11,""minionsKilled"":36,""participantId"":5,""position"":{""x"":2669,""y"":5311},""timeEnemySpen'"
3369,"b'tControlled"":100425,""totalGold"":7104,""xp"":8282},""6"":{""championStats"":{""abilityHaste"":0,""abilityPower"":167,""armor"":140,""armorPen""'"
3370,"b':0,""armorPenPercent"":0,""attackDamage"":120,""attackSpeed"":189,""bonusArmorPenPercent"":0,""bonusMagicPenPercent"":0,""ccReduction"":47,""'"
3371,"b'cooldownReduction"":0,""health"":1939,""healthMax"":2897,""healthRegen"":31,""lifesteal"":0,""magicPen"":0,""magicPenPercent"":0,""magicResist'"
3372,"b'"":131,""movementSpeed"":395,""omnivamp"":0,""physicalVamp"":0,""power"":915,""powerMax"":934,""powerRegen"":170,""spellVamp"":0},""currentGold""'"
3373,"b':1636,""damageStats"":{""magicDamageDone"":79676,""magicDamageDoneToChampions"":4980,""magicDamageTaken"":8386,""physicalDamageDone"":2830'"
3374,"b'3,""physicalDamageDoneToChampions"":1681,""physicalDamageTaken"":8863,""totalDamageDone"":107980,""totalDamageDoneToChampions"":6661,""to'"
3375,"b'talDamageTaken"":17866,""trueDamageDone"":0,""trueDamageDoneToChampions"":0,""trueDamageTaken"":615},""goldPerSecond"":0,""jungleMinionsKi'"
3376,"b'lled"":4,""level"":15,""minionsKilled"":188,""participantId"":6,""position"":{""x"":6267,""y"":6362},""timeEnemySpentControlled"":1657450,""tota'"
3377,"b'lGold"":10126,""xp"":14130},""7"":{""championStats"":{""abilityHaste"":0,""abilityPower"":220,""armor"":92,""armorPen"":0,""armorPenPercent"":0,""'"
3378,"b'attackDamage"":101,""attackSpeed"":205,""bonusArmorPenPercent"":0,""bonusMagicPenPercent"":0,""ccReduction"":6,""cooldownReduction"":0,""hea'"
3379,"b'lth"":2064,""healthMax"":2143,""healthRegen"":25,""lifesteal"":0,""magicPen"":0,""magicPenPercent"":0,""magicResist"":89,""movementSpeed"":421,'"
3380,"b'""omnivamp"":0,""physicalVamp"":0,""power"":270,""powerMax"":787,""powerRegen"":162,""spellVamp"":0},""currentGold"":857,""damageStats"":{""magic'"
3381,"b'DamageDone"":121392,""magicDamageDoneToChampions"":8576,""magicDamageTaken"":13268,""physicalDamageDone"":15956,""physicalDamageDoneToCh'"
3382,"b'ampions"":341,""physicalDamageTaken"":15562,""totalDamageDone"":172759,""totalDamageDoneToChampions"":10042,""totalDamageTaken"":29071,""t'"
3383,"b'rueDamageDone"":35409,""trueDamageDoneToChampions"":1124,""trueDamageTaken"":240},""goldPerSecond"":0,""jungleMinionsKilled"":141,""level""'"
3384,"b':13,""minionsKilled"":9,""participantId"":7,""position"":{""x"":7409,""y"":10070},""timeEnemySpentControlled"":153949,""totalGold"":8981,""xp"":'"
3385,"b'11364},""8"":{""championStats"":{""abilityHaste"":0,""abilityPower"":0,""armor"":100,""armorPen"":0,""armorPenPercent"":0,""attackDamage"":350,""'"
3386,"b'attackSpeed"":147,""bonusArmorPenPercent"":0,""bonusMagicPenPercent"":0,""ccReduction"":6,""cooldownReduction"":0,""health"":2446,""healthMa'"
3387,"b'x"":2487,""healthRegen"":281,""lifesteal"":10,""magicPen"":0,""magicPenPercent"":0,""magicResist"":66,""movementSpeed"":410,""omnivamp"":0,""phy'"
3388,"b'sicalVamp"":0,""power"":110,""powerMax"":200,""powerRegen"":100,""spellVamp"":0},""currentGold"":3928,""damageStats"":{""magicDamageDone"":1365'"
3389,"b'1,""magicDamageDoneToChampions"":1270,""magicDamageTaken"":7536,""physicalDamageDone"":171406,""physicalDamageDoneToChampions"":17058,""p'"
3390,"b'hysicalDamageTaken"":5717,""totalDamageDone"":186579,""totalDamageDoneToChampions"":19379,""totalDamageTaken"":13642,""trueDamageDone"":1'"
3391,"b'522,""trueDamageDoneToChampions"":1050,""trueDamageTaken"":388},""goldPerSecond"":0,""jungleMinionsKilled"":26,""level"":16,""minionsKilled'"
3392,"b'"":226,""participantId"":8,""position"":{""x"":1173,""y"":8817},""timeEnemySpentControlled"":172933,""totalGold"":14477,""xp"":15885},""9"":{""cha'"
3393,"b'mpionStats"":{""abilityHaste"":0,""abilityPower"":0,""armor"":84,""armorPen"":0,""armorPenPercent"":0,""attackDamage"":331,""attackSpeed"":179,'"
3394,"b'""bonusArmorPenPercent"":0,""bonusMagicPenPercent"":0,""ccReduction"":6,""cooldownReduction"":0,""health"":1935,""healthMax"":1935,""healthRe'"
3395,"b'gen"":23,""lifesteal"":23,""magicPen"":0,""magicPenPercent"":0,""magicResist"":80,""movementSpeed"":638,""omnivamp"":0,""physicalVamp"":0,""powe'"
3396,"b'r"":959,""powerMax"":959,""powerRegen"":33,""spellVamp"":0},""currentGold"":1069,""damageStats"":{""magicDamageDone"":3840,""magicDamageDoneTo'"
3397,"b'Champions"":2151,""magicDamageTaken"":5153,""physicalDamageDone"":149223,""physicalDamageDoneToChampions"":24801,""physicalDamageTaken"":'"
3398,"b'8300,""totalDamageDone"":153810,""totalDamageDoneToChampions"":27256,""totalDamageTaken"":13674,""trueDamageDone"":746,""trueDamageDoneTo'"
3399,"b'Champions"":303,""trueDamageTaken"":219},""goldPerSecond"":0,""jungleMinionsKilled"":12,""level"":14,""minionsKilled"":230,""participantId"":'"
3400,"b'9,""position"":{""x"":14508,""y"":14522},""timeEnemySpentControlled"":83422,""totalGold"":13323,""xp"":13007},""10"":{""championStats"":{""abilit'"
3401,"b'yHaste"":0,""abilityPower"":21,""armor"":154,""armorPen"":0,""armorPenPercent"":0,""attackDamage"":85,""attackSpeed"":113,""bonusArmorPenPerce'"
3402,"b'nt"":0,""bonusMagicPenPercent"":0,""ccReduction"":6,""cooldownReduction"":0,""health"":2347,""healthMax"":2347,""healthRegen"":59,""lifesteal""'"
3403,"b':0,""magicPen"":0,""magicPenPercent"":0,""magicResist"":76,""movementSpeed"":415,""omnivamp"":0,""physicalVamp"":0,""power"":727,""powerMax"":74'"
3404,"b'4,""powerRegen"":18,""spellVamp"":0},""currentGold"":457,""damageStats"":{""magicDamageDone"":6490,""magicDamageDoneToChampions"":3315,""magi'"
3405,"b'cDamageTaken"":9112,""physicalDamageDone"":4355,""physicalDamageDoneToChampions"":930,""physicalDamageTaken"":8588,""totalDamageDone"":17'"
3406,"b'115,""totalDamageDoneToChampions"":5138,""totalDamageTaken"":18759,""trueDamageDone"":6268,""trueDamageDoneToChampions"":891,""trueDamage'"
3407,"b'Taken"":1059},""goldPerSecond"":30,""jungleMinionsKilled"":4,""level"":11,""minionsKilled"":30,""participantId"":10,""position"":{""x"":4854,""y'"
3408,"b'"":6986},""timeEnemySpentControlled"":173952,""totalGold"":6857,""xp"":8003}},""timestamp"":1560429},{""events"":[{""levelUpType"":""NORMAL"",""'"
3409,"b'participantId"":2,""skillSlot"":1,""timestamp"":1561194,""type"":""SKILL_LEVEL_UP""},{""creatorId"":5,""timestamp"":1561829,""type"":""WARD_PLAC'"
3410,"b'ED"",""wardType"":""SIGHT_WARD""},{""itemId"":1037,""participantId"":9,""timestamp"":1562596,""type"":""ITEM_PURCHASED""},{""killerId"":5,""timest'"
3411,"b'amp"":1562933,""type"":""WARD_KILL"",""wardType"":""UNDEFINED""},{""killerId"":7,""timestamp"":1562966,""type"":""WARD_KILL"",""wardType"":""BLUE_TR'"
3412,"b'INKET""},{""itemId"":3814,""participantId"":8,""timestamp"":1565269,""type"":""ITEM_PURCHASED""},{""creatorId"":7,""timestamp"":1565302,""type"":'"
3413,"b'""WARD_PLACED"",""wardType"":""UNDEFINED""},{""itemId"":2420,""participantId"":8,""timestamp"":1566068,""type"":""ITEM_PURCHASED""},{""itemId"":10'"
3414,"b'29,""participantId"":2,""timestamp"":1566570,""type"":""ITEM_PURCHASED""},{""creatorId"":10,""timestamp"":1566603,""type"":""WARD_PLACED"",""ward'"
3415,"b'Type"":""SIGHT_WARD""},{""itemId"":2140,""participantId"":8,""timestamp"":1566737,""type"":""ITEM_DESTROYED""},{""itemId"":2140,""participantId""'"
3416,"b':8,""timestamp"":1566737,""type"":""ITEM_PURCHASED""},{""killerId"":5,""timestamp"":1568271,""type"":""WARD_KILL"",""wardType"":""CONTROL_WARD""},'"
3417,"b'{""creatorId"":5,""timestamp"":1568271,""type"":""WARD_PLACED"",""wardType"":""UNDEFINED""},{""itemId"":3105,""participantId"":6,""timestamp"":157'"
3418,"b'1043,""type"":""ITEM_PURCHASED""},{""level"":14,""participantId"":7,""timestamp"":1572817,""type"":""LEVEL_UP""},{""levelUpType"":""NORMAL"",""part'"
3419,"b'icipantId"":7,""skillSlot"":2,""timestamp"":1573887,""type"":""SKILL_LEVEL_UP""},{""itemId"":2055,""participantId"":5,""timestamp"":1574354,""ty'"
3420,"b'pe"":""ITEM_DESTROYED""},{""creatorId"":5,""timestamp"":1574354,""type"":""WARD_PLACED"",""wardType"":""CONTROL_WARD""},{""creatorId"":7,""timesta'"
3421,"b'mp"":1575222,""type"":""WARD_PLACED"",""wardType"":""UNDEFINED""},{""killerId"":9,""timestamp"":1577351,""type"":""WARD_KILL"",""wardType"":""BLUE_T'"
3422,"b'RINKET""},{""level"":15,""participantId"":9,""timestamp"":1577351,""type"":""LEVEL_UP""},{""killerId"":5,""timestamp"":1577584,""type"":""WARD_KIL'"
3423,"b'L"",""wardType"":""UNDEFINED""},{""levelUpType"":""NORMAL"",""participantId"":9,""skillSlot"":2,""timestamp"":1578354,""type"":""SKILL_LEVEL_UP""},'"
3424,"b'{""killerId"":7,""timestamp"":1585588,""type"":""WARD_KILL"",""wardType"":""BLUE_TRINKET""},{""creatorId"":5,""timestamp"":1587085,""type"":""WARD_'"
3425,"b'PLACED"",""wardType"":""SIGHT_WARD""},{""itemId"":3070,""participantId"":3,""timestamp"":1588919,""type"":""ITEM_DESTROYED""},{""itemId"":3067,""p'"
3426,"b'articipantId"":3,""timestamp"":1588919,""type"":""ITEM_DESTROYED""},{""itemId"":1058,""participantId"":3,""timestamp"":1588919,""type"":""ITEM_D'"
3427,"b'ESTROYED""},{""itemId"":3003,""participantId"":3,""timestamp"":1588919,""type"":""ITEM_PURCHASED""},{""itemId"":3003,""participantId"":3,""times'"
3428,"b'tamp"":1589285,""type"":""ITEM_DESTROYED""},{""itemId"":2055,""participantId"":3,""timestamp"":1590122,""type"":""ITEM_PURCHASED""},{""creatorId'"
3429,"b'"":7,""timestamp"":1594830,""type"":""WARD_PLACED"",""wardType"":""UNDEFINED""},{""level"":13,""participantId"":4,""timestamp"":1601962,""type"":""L'"
3430,"b'EVEL_UP""},{""creatorId"":7,""timestamp"":1602229,""type"":""WARD_PLACED"",""wardType"":""UNDEFINED""},{""levelUpType"":""NORMAL"",""participantId'"
3431,"b'"":4,""skillSlot"":3,""timestamp"":1603030,""type"":""SKILL_LEVEL_UP""},{""level"":12,""participantId"":5,""timestamp"":1604494,""type"":""LEVEL_U'"
3432,"b'P""},{""itemId"":2055,""participantId"":3,""timestamp"":1604627,""type"":""ITEM_DESTROYED""},{""creatorId"":3,""timestamp"":1604627,""type"":""WAR'"
3433,"b'D_PLACED"",""wardType"":""CONTROL_WARD""},{""creatorId"":10,""timestamp"":1605064,""type"":""WARD_PLACED"",""wardType"":""SIGHT_WARD""},{""levelUp'"
3434,"b'Type"":""NORMAL"",""participantId"":5,""skillSlot"":3,""timestamp"":1605197,""type"":""SKILL_LEVEL_UP""},{""killerId"":4,""timestamp"":1606660,""t'"
3435,"b'ype"":""WARD_KILL"",""wardType"":""UNDEFINED""},{""creatorId"":7,""timestamp"":1614556,""type"":""WARD_PLACED"",""wardType"":""UNDEFINED""},{""creat'"
3436,"b'orId"":5,""timestamp"":1619430,""type"":""WARD_PLACED"",""wardType"":""SIGHT_WARD""}],""participantFrames"":{""1"":{""championStats"":{""abilityHa'"
3437,"b'ste"":0,""abilityPower"":388,""armor"":98,""armorPen"":0,""armorPenPercent"":0,""attackDamage"":108,""attackSpeed"":124,""bonusArmorPenPercent'"
3438,"b'"":0,""bonusMagicPenPercent"":0,""ccReduction"":5,""cooldownReduction"":0,""health"":2617,""healthMax"":2617,""healthRegen"":29,""lifesteal"":0'"
3439,"b',""magicPen"":11,""magicPenPercent"":0,""magicResist"":56,""movementSpeed"":405,""omnivamp"":0,""physicalVamp"":0,""power"":90,""powerMax"":150,'"
3440,"b'""powerRegen"":0,""spellVamp"":0},""currentGold"":1036,""damageStats"":{""magicDamageDone"":109612,""magicDamageDoneToChampions"":17856,""mag'"
3441,"b'icDamageTaken"":4197,""physicalDamageDone"":12489,""physicalDamageDoneToChampions"":304,""physicalDamageTaken"":7840,""totalDamageDone"":'"
3442,"b'123094,""totalDamageDoneToChampions"":18951,""totalDamageTaken"":12197,""trueDamageDone"":992,""trueDamageDoneToChampions"":790,""trueDam'"
3443,"b'ageTaken"":159},""goldPerSecond"":0,""jungleMinionsKilled"":0,""level"":15,""minionsKilled"":212,""participantId"":1,""position"":{""x"":6137,""'"
3444,"b'y"":5850},""timeEnemySpentControlled"":246375,""totalGold"":11831,""xp"":14502},""2"":{""championStats"":{""abilityHaste"":0,""abilityPower"":0'"
3445,"b',""armor"":99,""armorPen"":0,""armorPenPercent"":0,""attackDamage"":192,""attackSpeed"":240,""bonusArmorPenPercent"":0,""bonusMagicPenPercent'"
3446,"b'"":0,""ccReduction"":0,""cooldownReduction"":0,""health"":1176,""healthMax"":2094,""healthRegen"":25,""lifesteal"":0,""magicPen"":0,""magicPenPe'"
3447,"b'rcent"":0,""magicResist"":54,""movementSpeed"":400,""omnivamp"":0,""physicalVamp"":0,""power"":0,""powerMax"":60,""powerRegen"":0,""spellVamp"":0'"
3448,"b'},""currentGold"":383,""damageStats"":{""magicDamageDone"":23084,""magicDamageDoneToChampions"":1115,""magicDamageTaken"":5879,""physicalDa'"
3449,"b'mageDone"":115340,""physicalDamageDoneToChampions"":3923,""physicalDamageTaken"":19491,""totalDamageDone"":169433,""totalDamageDoneToCha'"
3450,"b'mpions"":5870,""totalDamageTaken"":26514,""trueDamageDone"":31008,""trueDamageDoneToChampions"":831,""trueDamageTaken"":1143},""goldPerSec'"
3451,"b'ond"":0,""jungleMinionsKilled"":124,""level"":13,""minionsKilled"":35,""participantId"":2,""position"":{""x"":6319,""y"":5972},""timeEnemySpentC'"
3452,"b'ontrolled"":372616,""totalGold"":8588,""xp"":10449},""3"":{""championStats"":{""abilityHaste"":0,""abilityPower"":211,""armor"":80,""armorPen"":0'"
3453,"b',""armorPenPercent"":0,""attackDamage"":102,""attackSpeed"":126,""bonusArmorPenPercent"":0,""bonusMagicPenPercent"":0,""ccReduction"":0,""coo'"
3454,"b'ldownReduction"":0,""health"":1552,""healthMax"":2180,""healthRegen"":28,""lifesteal"":0,""magicPen"":29,""magicPenPercent"":0,""magicResist"":'"
3455,"b'45,""movementSpeed"":401,""omnivamp"":0,""physicalVamp"":0,""power"":2471,""powerMax"":2542,""powerRegen"":35,""spellVamp"":0},""currentGold"":1'"
3456,"b'09,""damageStats"":{""magicDamageDone"":111232,""magicDamageDoneToChampions"":13925,""magicDamageTaken"":4647,""physicalDamageDone"":7949,'"
3457,"b'""physicalDamageDoneToChampions"":355,""physicalDamageTaken"":7755,""totalDamageDone"":121089,""totalDamageDoneToChampions"":14280,""tota'"
3458,"b'lDamageTaken"":12987,""trueDamageDone"":1907,""trueDamageDoneToChampions"":0,""trueDamageTaken"":584},""goldPerSecond"":0,""jungleMinionsK'"
3459,"b'illed"":0,""level"":14,""minionsKilled"":200,""participantId"":3,""position"":{""x"":5610,""y"":5904},""timeEnemySpentControlled"":415212,""tota'"
3460,"b'lGold"":9024,""xp"":12319},""4"":{""championStats"":{""abilityHaste"":0,""abilityPower"":0,""armor"":81,""armorPen"":0,""armorPenPercent"":18,""at'"
3461,"b'tackDamage"":282,""attackSpeed"":220,""bonusArmorPenPercent"":0,""bonusMagicPenPercent"":0,""ccReduction"":0,""cooldownReduction"":0,""healt'"
3462,"b'h"":2181,""healthMax"":2181,""healthRegen"":22,""lifesteal"":5,""magicPen"":0,""magicPenPercent"":0,""magicResist"":44,""movementSpeed"":403,""o'"
3463,"b'mnivamp"":2,""physicalVamp"":0,""power"":1977,""powerMax"":2121,""powerRegen"":353,""spellVamp"":0},""currentGold"":743,""damageStats"":{""magic'"
3464,"b'DamageDone"":12671,""magicDamageDoneToChampions"":3808,""magicDamageTaken"":3748,""physicalDamageDone"":120666,""physicalDamageDoneToCha'"
3465,"b'mpions"":13905,""physicalDamageTaken"":14205,""totalDamageDone"":137226,""totalDamageDoneToChampions"":17819,""totalDamageTaken"":18770,""'"
3466,"b'trueDamageDone"":3888,""trueDamageDoneToChampions"":105,""trueDamageTaken"":815},""goldPerSecond"":0,""jungleMinionsKilled"":8,""level"":13'"
3467,"b',""minionsKilled"":207,""participantId"":4,""position"":{""x"":5876,""y"":6192},""timeEnemySpentControlled"":12314,""totalGold"":10086,""xp"":10'"
3468,"b'067},""5"":{""championStats"":{""abilityHaste"":0,""abilityPower"":98,""armor"":109,""armorPen"":0,""armorPenPercent"":0,""attackDamage"":101,""a'"
3469,"b'ttackSpeed"":129,""bonusArmorPenPercent"":0,""bonusMagicPenPercent"":0,""ccReduction"":0,""cooldownReduction"":0,""health"":2384,""healthMax'"
3470,"b'"":2384,""healthRegen"":64,""lifesteal"":0,""magicPen"":0,""magicPenPercent"":0,""magicResist"":52,""movementSpeed"":406,""omnivamp"":0,""physic'"
3471,"b'alVamp"":0,""power"":770,""powerMax"":807,""powerRegen"":54,""spellVamp"":0},""currentGold"":260,""damageStats"":{""magicDamageDone"":6605,""mag'"
3472,"b'icDamageDoneToChampions"":3750,""magicDamageTaken"":4856,""physicalDamageDone"":6218,""physicalDamageDoneToChampions"":1376,""physicalDa'"
3473,"b'mageTaken"":15908,""totalDamageDone"":20247,""totalDamageDoneToChampions"":5922,""totalDamageTaken"":21618,""trueDamageDone"":7423,""trueD'"
3474,"b'amageDoneToChampions"":796,""trueDamageTaken"":852},""goldPerSecond"":30,""jungleMinionsKilled"":0,""level"":12,""minionsKilled"":39,""parti'"
3475,"b'cipantId"":5,""position"":{""x"":6114,""y"":5734},""timeEnemySpentControlled"":100425,""totalGold"":7300,""xp"":8637},""6"":{""championStats"":{""'"
3476,"b'abilityHaste"":0,""abilityPower"":167,""armor"":173,""armorPen"":0,""armorPenPercent"":0,""attackDamage"":120,""attackSpeed"":169,""bonusArmor'"
3477,"b'PenPercent"":0,""bonusMagicPenPercent"":0,""ccReduction"":47,""cooldownReduction"":0,""health"":2488,""healthMax"":2897,""healthRegen"":31,""l'"
3478,"b'ifesteal"":20,""magicPen"":0,""magicPenPercent"":0,""magicResist"":163,""movementSpeed"":395,""omnivamp"":0,""physicalVamp"":0,""power"":807,""p'"
3479,"b'owerMax"":934,""powerRegen"":26,""spellVamp"":0},""currentGold"":648,""damageStats"":{""magicDamageDone"":81488,""magicDamageDoneToChampions'"
3480,"b'"":4980,""magicDamageTaken"":8795,""physicalDamageDone"":28707,""physicalDamageDoneToChampions"":1681,""physicalDamageTaken"":9418,""total'"
3481,"b'DamageDone"":110196,""totalDamageDoneToChampions"":6661,""totalDamageTaken"":18830,""trueDamageDone"":0,""trueDamageDoneToChampions"":0,""'"
3482,"b'trueDamageTaken"":615},""goldPerSecond"":0,""jungleMinionsKilled"":4,""level"":15,""minionsKilled"":189,""participantId"":6,""position"":{""x""'"
3483,"b':6852,""y"":6884},""timeEnemySpentControlled"":1676747,""totalGold"":10338,""xp"":14402},""7"":{""championStats"":{""abilityHaste"":0,""ability'"
3484,"b'Power"":220,""armor"":98,""armorPen"":0,""armorPenPercent"":0,""attackDamage"":105,""attackSpeed"":148,""bonusArmorPenPercent"":0,""bonusMagic'"
3485,"b'PenPercent"":0,""ccReduction"":6,""cooldownReduction"":0,""health"":2267,""healthMax"":2267,""healthRegen"":253,""lifesteal"":0,""magicPen"":0,'"
3486,"b'""magicPenPercent"":0,""magicResist"":90,""movementSpeed"":420,""omnivamp"":0,""physicalVamp"":0,""power"":284,""powerMax"":839,""powerRegen"":3'"
3487,"b'1,""spellVamp"":0},""currentGold"":1208,""damageStats"":{""magicDamageDone"":130703,""magicDamageDoneToChampions"":9758,""magicDamageTaken""'"
3488,"b':13268,""physicalDamageDone"":17142,""physicalDamageDoneToChampions"":392,""physicalDamageTaken"":16842,""totalDamageDone"":184594,""tota'"
3489,"b'lDamageDoneToChampions"":11425,""totalDamageTaken"":30351,""trueDamageDone"":36747,""trueDamageDoneToChampions"":1273,""trueDamageTaken""'"
3490,"b':240},""goldPerSecond"":0,""jungleMinionsKilled"":149,""level"":14,""minionsKilled"":11,""participantId"":7,""position"":{""x"":6063,""y"":7136}'"
3491,"b',""timeEnemySpentControlled"":166899,""totalGold"":9333,""xp"":12015},""8"":{""championStats"":{""abilityHaste"":0,""abilityPower"":0,""armor"":'"
3492,"b'100,""armorPen"":0,""armorPenPercent"":0,""attackDamage"":434,""attackSpeed"":147,""bonusArmorPenPercent"":0,""bonusMagicPenPercent"":0,""ccR'"
3493,"b'eduction"":6,""cooldownReduction"":0,""health"":2812,""healthMax"":2812,""healthRegen"":32,""lifesteal"":10,""magicPen"":0,""magicPenPercent"":'"
3494,"b'0,""magicResist"":66,""movementSpeed"":417,""omnivamp"":0,""physicalVamp"":0,""power"":95,""powerMax"":200,""powerRegen"":100,""spellVamp"":0},""'"
3495,"b'currentGold"":-145,""damageStats"":{""magicDamageDone"":13675,""magicDamageDoneToChampions"":1294,""magicDamageTaken"":7536,""physicalDama'"
3496,"b'geDone"":171746,""physicalDamageDoneToChampions"":17398,""physicalDamageTaken"":5717,""totalDamageDone"":186981,""totalDamageDoneToChamp'"
3497,"b'ions"":19781,""totalDamageTaken"":13642,""trueDamageDone"":1559,""trueDamageDoneToChampions"":1087,""trueDamageTaken"":388},""goldPerSecon'"
3498,"b'd"":0,""jungleMinionsKilled"":26,""level"":16,""minionsKilled"":226,""participantId"":8,""position"":{""x"":7331,""y"":5173},""timeEnemySpentCon'"
3499,"b'trolled"":172933,""totalGold"":14605,""xp"":15885},""9"":{""championStats"":{""abilityHaste"":0,""abilityPower"":0,""armor"":89,""armorPen"":0,""a'"
3500,"b'rmorPenPercent"":0,""attackDamage"":366,""attackSpeed"":183,""bonusArmorPenPercent"":0,""bonusMagicPenPercent"":0,""ccReduction"":6,""cooldo'"
3501,"b'wnReduction"":0,""health"":1717,""healthMax"":2052,""healthRegen"":24,""lifesteal"":23,""magicPen"":0,""magicPenPercent"":0,""magicResist"":82,'"
3502,"b'""movementSpeed"":390,""omnivamp"":0,""physicalVamp"":0,""power"":716,""powerMax"":1010,""powerRegen"":35,""spellVamp"":0},""currentGold"":631,""'"
3503,"b'damageStats"":{""magicDamageDone"":3840,""magicDamageDoneToChampions"":2151,""magicDamageTaken"":5153,""physicalDamageDone"":162869,""phys'"
3504,"b'icalDamageDoneToChampions"":24801,""physicalDamageTaken"":8758,""totalDamageDone"":167836,""totalDamageDoneToChampions"":27256,""totalDa'"
3505,"b'mageTaken"":14132,""trueDamageDone"":1126,""trueDamageDoneToChampions"":303,""trueDamageTaken"":219},""goldPerSecond"":0,""jungleMinionsKi'"
3506,"b'lled"":12,""level"":15,""minionsKilled"":244,""participantId"":9,""position"":{""x"":6685,""y"":6863},""timeEnemySpentControlled"":94958,""total'"
3507,"b'Gold"":13761,""xp"":13373},""10"":{""championStats"":{""abilityHaste"":0,""abilityPower"":21,""armor"":154,""armorPen"":0,""armorPenPercent"":0,""'"
3508,"b'attackDamage"":85,""attackSpeed"":113,""bonusArmorPenPercent"":0,""bonusMagicPenPercent"":0,""ccReduction"":6,""cooldownReduction"":0,""heal'"
3509,"b'th"":2084,""healthMax"":2347,""healthRegen"":73,""lifesteal"":0,""magicPen"":0,""magicPenPercent"":0,""magicResist"":76,""movementSpeed"":415,""'"
3510,"b'omnivamp"":0,""physicalVamp"":0,""power"":676,""powerMax"":744,""powerRegen"":18,""spellVamp"":0},""currentGold"":607,""damageStats"":{""magicDa'"
3511,"b'mageDone"":6490,""magicDamageDoneToChampions"":3315,""magicDamageTaken"":9112,""physicalDamageDone"":4355,""physicalDamageDoneToChampion'"
3512,"b's"":930,""physicalDamageTaken"":8910,""totalDamageDone"":17115,""totalDamageDoneToChampions"":5138,""totalDamageTaken"":19082,""trueDamage'"
3513,"b'Done"":6268,""trueDamageDoneToChampions"":891,""trueDamageTaken"":1059},""goldPerSecond"":30,""jungleMinionsKilled"":4,""level"":11,""minion'"
3514,"b'sKilled"":30,""participantId"":10,""position"":{""x"":4806,""y"":6729},""timeEnemySpentControlled"":173952,""totalGold"":7007,""xp"":8179}},""ti'"
3515,"b'mestamp"":1620457},{""events"":[{""killerId"":10,""timestamp"":1623792,""type"":""WARD_KILL"",""wardType"":""UNDEFINED""},{""killerId"":8,""timest'"
3516,"b'amp"":1625828,""type"":""WARD_KILL"",""wardType"":""CONTROL_WARD""},{""creatorId"":7,""timestamp"":1628203,""type"":""WARD_PLACED"",""wardType"":""U'"
3517,"b'NDEFINED""},{""killerId"":10,""timestamp"":1628834,""type"":""WARD_KILL"",""wardType"":""CONTROL_WARD""},{""itemId"":1028,""participantId"":2,""ti'"
3518,"b'mestamp"":1636372,""type"":""ITEM_PURCHASED""},{""creatorId"":5,""timestamp"":1636773,""type"":""WARD_PLACED"",""wardType"":""SIGHT_WARD""},{""cre'"
3519,"b'atorId"":7,""timestamp"":1638839,""type"":""WARD_PLACED"",""wardType"":""UNDEFINED""},{""killerId"":1,""timestamp"":1643138,""type"":""WARD_KILL"",'"
3520,"b'""wardType"":""SIGHT_WARD""},{""creatorId"":3,""timestamp"":1643238,""type"":""WARD_PLACED"",""wardType"":""BLUE_TRINKET""},{""killerId"":9,""times'"
3521,"b'tamp"":1646107,""type"":""WARD_KILL"",""wardType"":""BLUE_TRINKET""},{""assistingParticipantIds"":[9],""bounty"":0,""killerId"":7,""killerTeamId'"
3522,"b'"":200,""monsterType"":""BARON_NASHOR"",""position"":{""x"":5007,""y"":10471},""timestamp"":1650406,""type"":""ELITE_MONSTER_KILL""},{""level"":16,'"
3523,"b'""participantId"":6,""timestamp"":1650406,""type"":""LEVEL_UP""},{""level"":15,""participantId"":7,""timestamp"":1650406,""type"":""LEVEL_UP""},{""'"
3524,"b'level"":17,""participantId"":8,""timestamp"":1650406,""type"":""LEVEL_UP""},{""level"":12,""participantId"":10,""timestamp"":1650406,""type"":""LE'"
3525,"b'VEL_UP""},{""levelUpType"":""NORMAL"",""participantId"":7,""skillSlot"":2,""timestamp"":1651216,""type"":""SKILL_LEVEL_UP""},{""levelUpType"":""NO'"
3526,"b'RMAL"",""participantId"":8,""skillSlot"":2,""timestamp"":1651447,""type"":""SKILL_LEVEL_UP""},{""levelUpType"":""NORMAL"",""participantId"":10,""s'"
3527,"b'killSlot"":2,""timestamp"":1654191,""type"":""SKILL_LEVEL_UP""},{""levelUpType"":""NORMAL"",""participantId"":6,""skillSlot"":3,""timestamp"":165'"
3528,"b'5628,""type"":""SKILL_LEVEL_UP""},{""assistingParticipantIds"":[1,2,3,5],""bounty"":219,""killStreakLength"":0,""killerId"":4,""position"":{""x'"
3529,"b'"":3572,""y"":8038},""shutdownBounty"":0,""timestamp"":1657435,""type"":""CHAMPION_KILL"",""victimDamageDealt"":[{""basic"":false,""magicDamage""'"
3530,"b':107,""name"":""Rell"",""participantId"":1,""physicalDamage"":0,""spellName"":""rellr"",""spellSlot"":3,""trueDamage"":0,""type"":""OTHER""},{""basic'"
3531,"b'"":false,""magicDamage"":119,""name"":""Rell"",""participantId"":1,""physicalDamage"":0,""spellName"":""rellw_dismount"",""spellSlot"":1,""trueDam'"
3532,"b'age"":0,""type"":""OTHER""},{""basic"":false,""magicDamage"":61,""name"":""Rell"",""participantId"":2,""physicalDamage"":0,""spellName"":""rellq"",""s'"
3533,"b'pellSlot"":0,""trueDamage"":0,""type"":""OTHER""},{""basic"":false,""magicDamage"":105,""name"":""Rell"",""participantId"":2,""physicalDamage"":0,""'"
3534,"b'spellName"":""relle"",""spellSlot"":2,""trueDamage"":0,""type"":""OTHER""},{""basic"":false,""magicDamage"":44,""name"":""Rell"",""participantId"":2,'"
3535,"b'""physicalDamage"":0,""spellName"":""rellr"",""spellSlot"":3,""trueDamage"":0,""type"":""OTHER""},{""basic"":false,""magicDamage"":123,""name"":""Rel'"
3536,"b'l"",""participantId"":2,""physicalDamage"":0,""spellName"":""rellw_dismount"",""spellSlot"":1,""trueDamage"":0,""type"":""OTHER""},{""basic"":false'"
3537,"b',""magicDamage"":92,""name"":""Rell"",""participantId"":3,""physicalDamage"":0,""spellName"":""rellr"",""spellSlot"":3,""trueDamage"":0,""type"":""OT'"
3538,"b'HER""},{""basic"":false,""magicDamage"":128,""name"":""Rell"",""participantId"":3,""physicalDamage"":0,""spellName"":""rellw_dismount"",""spellSlo'"
3539,"b't"":1,""trueDamage"":0,""type"":""OTHER""}],""victimDamageReceived"":[{""basic"":false,""magicDamage"":359,""name"":""Taliyah"",""participantId"":3'"
3540,"b',""physicalDamage"":0,""spellName"":""taliyahq"",""spellSlot"":0,""trueDamage"":0,""type"":""OTHER""},{""basic"":false,""magicDamage"":81,""name"":""'"
3541,"b'Taliyah"",""participantId"":3,""physicalDamage"":0,""spellName"":"""",""spellSlot"":-1,""trueDamage"":0,""type"":""OTHER""},{""basic"":false,""magic'"
3542,"b'Damage"":106,""name"":""Taliyah"",""participantId"":3,""physicalDamage"":0,""spellName"":"""",""spellSlot"":-1,""trueDamage"":0,""type"":""OTHER""},{'"
3543,"b'""basic"":false,""magicDamage"":310,""name"":""Taliyah"",""participantId"":3,""physicalDamage"":0,""spellName"":""taliyahe"",""spellSlot"":2,""true'"
3544,"b'Damage"":0,""type"":""OTHER""},{""basic"":false,""magicDamage"":0,""name"":""Belveth"",""participantId"":2,""physicalDamage"":98,""spellName"":""bel'"
3545,"b'vethq"",""spellSlot"":0,""trueDamage"":0,""type"":""OTHER""},{""basic"":false,""magicDamage"":0,""name"":""Belveth"",""participantId"":2,""physicalD'"
3546,"b'amage"":0,""spellName"":""summonersmiteavatarutility"",""spellSlot"":5,""trueDamage"":118,""type"":""OTHER""},{""basic"":false,""magicDamage"":19'"
3547,"b'3,""name"":""Belveth"",""participantId"":2,""physicalDamage"":0,""spellName"":""belvethw"",""spellSlot"":1,""trueDamage"":0,""type"":""OTHER""},{""ba'"
3548,"b'sic"":true,""magicDamage"":0,""name"":""Belveth"",""participantId"":2,""physicalDamage"":62,""spellName"":""belvethbasicattack2"",""spellSlot"":4'"
3549,"b'9,""trueDamage"":0,""type"":""OTHER""},{""basic"":false,""magicDamage"":0,""name"":""Belveth"",""participantId"":2,""physicalDamage"":55,""spellNam'"
3550,"b'e"":"""",""spellSlot"":-1,""trueDamage"":0,""type"":""OTHER""},{""basic"":false,""magicDamage"":0,""name"":""Belveth"",""participantId"":2,""physicalD'"
3551,"b'amage"":0,""spellName"":"""",""spellSlot"":3,""trueDamage"":18,""type"":""OTHER""},{""basic"":true,""magicDamage"":0,""name"":""Belveth"",""participan'"
3552,"b'tId"":2,""physicalDamage"":61,""spellName"":""belvethbasicattack"",""spellSlot"":49,""trueDamage"":0,""type"":""OTHER""},{""basic"":false,""magicD'"
3553,"b'amage"":0,""name"":""Rumble"",""participantId"":1,""physicalDamage"":0,""spellName"":""summonerdot"",""spellSlot"":4,""trueDamage"":140,""type"":""O'"
3554,"b'THER""},{""basic"":false,""magicDamage"":55,""name"":""Rumble"",""participantId"":1,""physicalDamage"":0,""spellName"":"""",""spellSlot"":-1,""trueD'"
3555,"b'amage"":0,""type"":""OTHER""},{""basic"":false,""magicDamage"":277,""name"":""Rumble"",""participantId"":1,""physicalDamage"":0,""spellName"":""rumb'"
3556,"b'legrenade"",""spellSlot"":2,""trueDamage"":0,""type"":""OTHER""},{""basic"":false,""magicDamage"":107,""name"":""Rumble"",""participantId"":1,""phys'"
3557,"b'icalDamage"":0,""spellName"":""3152active"",""spellSlot"":7,""trueDamage"":0,""type"":""OTHER""},{""basic"":false,""magicDamage"":463,""name"":""Rum'"
3558,"b'ble"",""participantId"":1,""physicalDamage"":0,""spellName"":""rumbleflamethrower"",""spellSlot"":0,""trueDamage"":0,""type"":""OTHER""},{""basic""'"
3559,"b':false,""magicDamage"":0,""name"":""Ezreal"",""participantId"":4,""physicalDamage"":81,""spellName"":"""",""spellSlot"":-1,""trueDamage"":0,""type""'"
3560,"b':""OTHER""},{""basic"":false,""magicDamage"":0,""name"":""Ezreal"",""participantId"":4,""physicalDamage"":219,""spellName"":""ezrealq"",""spellSlot'"
3561,"b'"":0,""trueDamage"":0,""type"":""OTHER""}],""victimId"":10},{""assistingParticipantIds"":[6,10],""bounty"":274,""killStreakLength"":0,""killerId'"
3562,"b'"":9,""position"":{""x"":3408,""y"":8578},""shutdownBounty"":0,""timestamp"":1657771,""type"":""CHAMPION_KILL"",""victimDamageReceived"":[{""basic'"
3563,"b'"":false,""magicDamage"":61,""name"":""Rell"",""participantId"":10,""physicalDamage"":0,""spellName"":""rellq"",""spellSlot"":0,""trueDamage"":0,""t'"
3564,"b'ype"":""OTHER""},{""basic"":false,""magicDamage"":105,""name"":""Rell"",""participantId"":10,""physicalDamage"":0,""spellName"":""relle"",""spellSlo'"
3565,"b't"":2,""trueDamage"":0,""type"":""OTHER""},{""basic"":false,""magicDamage"":44,""name"":""Rell"",""participantId"":10,""physicalDamage"":0,""spellNa'"
3566,"b'me"":""rellr"",""spellSlot"":3,""trueDamage"":0,""type"":""OTHER""},{""basic"":false,""magicDamage"":123,""name"":""Rell"",""participantId"":10,""phys'"
3567,"b'icalDamage"":0,""spellName"":""rellw_dismount"",""spellSlot"":1,""trueDamage"":0,""type"":""OTHER""},{""basic"":false,""magicDamage"":150,""name"":'"
3568,"b'""Udyr"",""participantId"":6,""physicalDamage"":0,""spellName"":"""",""spellSlot"":-1,""trueDamage"":0,""type"":""OTHER""},{""basic"":false,""magicDa'"
3569,"b'mage"":244,""name"":""Udyr"",""participantId"":6,""physicalDamage"":0,""spellName"":""udyrr"",""spellSlot"":3,""trueDamage"":0,""type"":""OTHER""},{""'"
3570,"b'basic"":false,""magicDamage"":71,""name"":""Udyr"",""participantId"":6,""physicalDamage"":0,""spellName"":"""",""spellSlot"":-1,""trueDamage"":0,""t'"
3571,"b'ype"":""OTHER""},{""basic"":true,""magicDamage"":0,""name"":""Udyr"",""participantId"":6,""physicalDamage"":75,""spellName"":""udyre"",""spellSlot"":'"
3572,"b'2,""trueDamage"":0,""type"":""OTHER""},{""basic"":false,""magicDamage"":135,""name"":""Lucian"",""participantId"":9,""physicalDamage"":0,""spellNam'"
3573,"b'e"":""lucianw"",""spellSlot"":1,""trueDamage"":0,""type"":""OTHER""},{""basic"":true,""magicDamage"":0,""name"":""Lucian"",""participantId"":9,""physi'"
3574,"b'calDamage"":347,""spellName"":""lucianpassive"",""spellSlot"":63,""trueDamage"":0,""type"":""OTHER""},{""basic"":false,""magicDamage"":103,""name""'"
3575,"b':""Lucian"",""participantId"":9,""physicalDamage"":0,""spellName"":""lucianpassive"",""spellSlot"":63,""trueDamage"":0,""type"":""OTHER""},{""basic'"
3576,"b'"":false,""magicDamage"":51,""name"":""Lucian"",""participantId"":9,""physicalDamage"":118,""spellName"":""lucianpassiveattack"",""spellSlot"":0,'"
3577,"b'""trueDamage"":0,""type"":""OTHER""},{""basic"":false,""magicDamage"":0,""name"":""Lucian"",""participantId"":9,""physicalDamage"":321,""spellName""'"
3578,"b':""lucianq"",""spellSlot"":0,""trueDamage"":0,""type"":""OTHER""},{""basic"":false,""magicDamage"":0,""name"":""Lucian"",""participantId"":9,""physic'"
3579,"b'alDamage"":176,""spellName"":"""",""spellSlot"":-1,""trueDamage"":0,""type"":""OTHER""},{""basic"":false,""magicDamage"":0,""name"":""Lucian"",""parti'"
3580,"b'cipantId"":7,""physicalDamage"":0,""spellName"":""burning"",""spellSlot"":-1,""trueDamage"":20,""type"":""OTHER""}],""victimId"":2},{""assistingPa'"
3581,"b'rticipantIds"":[6,7,8],""bounty"":300,""killStreakLength"":1,""killerId"":9,""position"":{""x"":2434,""y"":8728},""shutdownBounty"":0,""timestam'"
3582,"b'p"":1666151,""type"":""CHAMPION_KILL"",""victimDamageDealt"":[{""basic"":false,""magicDamage"":152,""name"":""Ezreal"",""participantId"":6,""physi'"
3583,"b'calDamage"":0,""spellName"":""ezrealr"",""spellSlot"":3,""trueDamage"":0,""type"":""OTHER""},{""basic"":false,""magicDamage"":0,""name"":""Ezreal"",""'"
3584,"b'participantId"":6,""physicalDamage"":191,""spellName"":"""",""spellSlot"":-1,""trueDamage"":0,""type"":""OTHER""},{""basic"":false,""magicDamage"":'"
3585,"b'122,""name"":""Ezreal"",""participantId"":6,""physicalDamage"":0,""spellName"":""ezreale"",""spellSlot"":2,""trueDamage"":0,""type"":""OTHER""},{""ba'"
3586,"b'sic"":false,""magicDamage"":0,""name"":""Ezreal"",""participantId"":6,""physicalDamage"":50,""spellName"":"""",""spellSlot"":-1,""trueDamage"":0,""t'"
3587,"b'ype"":""OTHER""},{""basic"":true,""magicDamage"":0,""name"":""Ezreal"",""participantId"":6,""physicalDamage"":103,""spellName"":""ezrealbasicattac'"
3588,"b'k"",""spellSlot"":64,""trueDamage"":0,""type"":""OTHER""},{""basic"":false,""magicDamage"":0,""name"":""Ezreal"",""participantId"":6,""physicalDamag'"
3589,"b'e"":364,""spellName"":""ezrealq"",""spellSlot"":0,""trueDamage"":0,""type"":""OTHER""},{""basic"":false,""magicDamage"":0,""name"":""Ezreal"",""partic'"
3590,"b'ipantId"":8,""physicalDamage"":146,""spellName"":"""",""spellSlot"":-1,""trueDamage"":0,""type"":""OTHER""},{""basic"":true,""magicDamage"":0,""name'"
3591,"b'"":""Ezreal"",""participantId"":8,""physicalDamage"":314,""spellName"":""ezrealbasicattack"",""spellSlot"":64,""trueDamage"":0,""type"":""OTHER""}]'"
3592,"b',""victimDamageReceived"":[{""basic"":false,""magicDamage"":106,""name"":""Nidalee"",""participantId"":7,""physicalDamage"":0,""spellName"":"""",""'"
3593,"b'spellSlot"":-1,""trueDamage"":0,""type"":""OTHER""},{""basic"":false,""magicDamage"":84,""name"":""Nidalee"",""participantId"":7,""physicalDamage""'"
3594,"b':0,""spellName"":""bushwhack"",""spellSlot"":1,""trueDamage"":0,""type"":""OTHER""},{""basic"":false,""magicDamage"":0,""name"":""Nidalee"",""partici'"
3595,"b'pantId"":7,""physicalDamage"":0,""spellName"":""burning"",""spellSlot"":-1,""trueDamage"":20,""type"":""OTHER""},{""basic"":false,""magicDamage"":0'"
3596,"b',""name"":""Zed"",""participantId"":8,""physicalDamage"":552,""spellName"":""zedq"",""spellSlot"":0,""trueDamage"":75,""type"":""OTHER""},{""basic"":f'"
3597,"b'alse,""magicDamage"":23,""name"":""Zed"",""participantId"":8,""physicalDamage"":0,""spellName"":"""",""spellSlot"":-1,""trueDamage"":0,""type"":""OTH'"
3598,"b'ER""},{""basic"":false,""magicDamage"":0,""name"":""Zed"",""participantId"":8,""physicalDamage"":222,""spellName"":"""",""spellSlot"":-1,""trueDamag'"
3599,"b'e"":0,""type"":""OTHER""},{""basic"":false,""magicDamage"":87,""name"":""Udyr"",""participantId"":6,""physicalDamage"":0,""spellName"":"""",""spellSlo'"
3600,"b't"":-1,""trueDamage"":0,""type"":""OTHER""},{""basic"":false,""magicDamage"":91,""name"":""Udyr"",""participantId"":6,""physicalDamage"":0,""spellNa'"
3601,"b'me"":""udyrr"",""spellSlot"":3,""trueDamage"":0,""type"":""OTHER""},{""basic"":true,""magicDamage"":173,""name"":""SRU_Gromp"",""participantId"":0,""p'"
3602,"b'hysicalDamage"":0,""spellName"":""sru_grompbasicattack"",""spellSlot"":64,""trueDamage"":0,""type"":""MONSTER""},{""basic"":false,""magicDamage""'"
3603,"b':138,""name"":""Lucian"",""participantId"":9,""physicalDamage"":0,""spellName"":""lucianw"",""spellSlot"":1,""trueDamage"":0,""type"":""OTHER""},{""b'"
3604,"b'asic"":true,""magicDamage"":0,""name"":""Lucian"",""participantId"":9,""physicalDamage"":402,""spellName"":""lucianpassive"",""spellSlot"":63,""tr'"
3605,"b'ueDamage"":0,""type"":""OTHER""},{""basic"":false,""magicDamage"":53,""name"":""Lucian"",""participantId"":9,""physicalDamage"":0,""spellName"":""lu'"
3606,"b'cianpassive"",""spellSlot"":63,""trueDamage"":0,""type"":""OTHER""},{""basic"":false,""magicDamage"":53,""name"":""Lucian"",""participantId"":9,""ph'"
3607,"b'ysicalDamage"":241,""spellName"":""lucianpassiveattack"",""spellSlot"":0,""trueDamage"":0,""type"":""OTHER""},{""basic"":false,""magicDamage"":0,'"
3608,"b'""name"":""Lucian"",""participantId"":9,""physicalDamage"":372,""spellName"":""lucianq"",""spellSlot"":0,""trueDamage"":0,""type"":""OTHER""}],""vict'"
3609,"b'imId"":4},{""killType"":""KILL_MULTI"",""killerId"":9,""multiKillLength"":2,""position"":{""x"":2920,""y"":8302},""timestamp"":1666151,""type"":""CH'"
3610,"b'AMPION_SPECIAL_KILL""},{""assistingParticipantIds"":[6,7,8],""bounty"":300,""killStreakLength"":2,""killerId"":9,""position"":{""x"":2331,""y""'"
3611,"b':8225},""shutdownBounty"":0,""timestamp"":1667018,""type"":""CHAMPION_KILL"",""victimDamageDealt"":[{""basic"":false,""magicDamage"":81,""name""'"
3612,"b':""Rakan"",""participantId"":6,""physicalDamage"":0,""spellName"":""rakanr"",""spellSlot"":3,""trueDamage"":0,""type"":""OTHER""},{""basic"":false,""'"
3613,"b'magicDamage"":45,""name"":""Rakan"",""participantId"":6,""physicalDamage"":0,""spellName"":""rakanq"",""spellSlot"":0,""trueDamage"":0,""type"":""OT'"
3614,"b'HER""},{""basic"":false,""magicDamage"":206,""name"":""Rakan"",""participantId"":8,""physicalDamage"":0,""spellName"":""rakanw"",""spellSlot"":1,""t'"
3615,"b'rueDamage"":0,""type"":""OTHER""},{""basic"":true,""magicDamage"":0,""name"":""Rakan"",""participantId"":8,""physicalDamage"":49,""spellName"":""rak'"
3616,"b'anbasicattackshort"",""spellSlot"":49,""trueDamage"":0,""type"":""OTHER""},{""basic"":true,""magicDamage"":0,""name"":""Rakan"",""participantId"":9'"
3617,"b',""physicalDamage"":53,""spellName"":""rakanbasicattackshort2"",""spellSlot"":49,""trueDamage"":0,""type"":""OTHER""},{""basic"":false,""magicDam'"
3618,"b'age"":136,""name"":""Rakan"",""participantId"":9,""physicalDamage"":0,""spellName"":""rakanr"",""spellSlot"":3,""trueDamage"":0,""type"":""OTHER""},{'"
3619,"b'""basic"":false,""magicDamage"":0,""name"":""Rakan"",""participantId"":9,""physicalDamage"":0,""spellName"":""summonerdot"",""spellSlot"":4,""trueD'"
3620,"b'amage"":290,""type"":""OTHER""},{""basic"":false,""magicDamage"":191,""name"":""Rakan"",""participantId"":9,""physicalDamage"":0,""spellName"":""rak'"
3621,"b'anw"",""spellSlot"":1,""trueDamage"":0,""type"":""OTHER""}],""victimDamageReceived"":[{""basic"":false,""magicDamage"":0,""name"":""Nidalee"",""part'"
3622,"b'icipantId"":7,""physicalDamage"":0,""spellName"":""itemknightsvow"",""spellSlot"":9,""trueDamage"":0,""type"":""OTHER""},{""basic"":false,""magicD'"
3623,"b'amage"":0,""name"":""Zed"",""participantId"":8,""physicalDamage"":0,""spellName"":""itemknightsvow"",""spellSlot"":9,""trueDamage"":74,""type"":""OT'"
3624,"b'HER""},{""basic"":false,""magicDamage"":0,""name"":""Zed"",""participantId"":8,""physicalDamage"":355,""spellName"":""zedq"",""spellSlot"":0,""trueD'"
3625,"b'amage"":143,""type"":""OTHER""},{""basic"":false,""magicDamage"":0,""name"":""Zed"",""participantId"":8,""physicalDamage"":210,""spellName"":"""",""sp'"
3626,"b'ellSlot"":-1,""trueDamage"":0,""type"":""OTHER""},{""basic"":false,""magicDamage"":188,""name"":""Zed"",""participantId"":8,""physicalDamage"":0,""s'"
3627,"b'pellName"":""zedpassive"",""spellSlot"":63,""trueDamage"":0,""type"":""OTHER""},{""basic"":false,""magicDamage"":0,""name"":""Zed"",""participantId""'"
3628,"b':8,""physicalDamage"":250,""spellName"":""zede"",""spellSlot"":2,""trueDamage"":0,""type"":""OTHER""},{""basic"":true,""magicDamage"":0,""name"":""Ze'"
3629,"b'd"",""participantId"":8,""physicalDamage"":270,""spellName"":""zedbasicattack"",""spellSlot"":64,""trueDamage"":0,""type"":""OTHER""},{""basic"":fa'"
3630,"b'lse,""magicDamage"":300,""name"":""Udyr"",""participantId"":6,""physicalDamage"":0,""spellName"":"""",""spellSlot"":-1,""trueDamage"":0,""type"":""OT'"
3631,"b'HER""},{""basic"":false,""magicDamage"":787,""name"":""Udyr"",""participantId"":6,""physicalDamage"":0,""spellName"":""udyrr"",""spellSlot"":3,""tru'"
3632,"b'eDamage"":0,""type"":""OTHER""},{""basic"":false,""magicDamage"":0,""name"":""Udyr"",""participantId"":6,""physicalDamage"":0,""spellName"":""itemkn'"
3633,"b'ightsvow"",""spellSlot"":9,""trueDamage"":10,""type"":""OTHER""},{""basic"":true,""magicDamage"":0,""name"":""Udyr"",""participantId"":6,""physicalD'"
3634,"b'amage"":70,""spellName"":""udyre"",""spellSlot"":2,""trueDamage"":0,""type"":""OTHER""},{""basic"":false,""magicDamage"":139,""name"":""Lucian"",""par'"
3635,"b'ticipantId"":9,""physicalDamage"":0,""spellName"":""lucianw"",""spellSlot"":1,""trueDamage"":0,""type"":""OTHER""},{""basic"":false,""magicDamage""'"
3636,"b':53,""name"":""Lucian"",""participantId"":9,""physicalDamage"":0,""spellName"":""lucianpassive"",""spellSlot"":63,""trueDamage"":0,""type"":""OTHER'"
3637,"b'""},{""basic"":false,""magicDamage"":0,""name"":""Lucian"",""participantId"":9,""physicalDamage"":194,""spellName"":"""",""spellSlot"":-1,""trueDama'"
3638,"b'ge"":0,""type"":""OTHER""}],""victimId"":5},{""killType"":""KILL_MULTI"",""killerId"":9,""multiKillLength"":3,""position"":{""x"":2709,""y"":8401},""t'"
3639,"b'imestamp"":1667018,""type"":""CHAMPION_SPECIAL_KILL""},{""level"":16,""participantId"":9,""timestamp"":1667018,""type"":""LEVEL_UP""},{""itemId""'"
3640,"b':1036,""participantId"":4,""timestamp"":1670222,""type"":""ITEM_DESTROYED""},{""itemId"":3133,""participantId"":4,""timestamp"":1670222,""type""'"
3641,"b':""ITEM_PURCHASED""},{""itemId"":3023,""participantId"":10,""timestamp"":1670657,""type"":""ITEM_DESTROYED""},{""itemId"":1029,""participantId""'"
3642,"b':10,""timestamp"":1670657,""type"":""ITEM_DESTROYED""},{""itemId"":3050,""participantId"":10,""timestamp"":1670657,""type"":""ITEM_PURCHASED""},'"
3643,"b'{""levelUpType"":""NORMAL"",""participantId"":9,""skillSlot"":4,""timestamp"":1670958,""type"":""SKILL_LEVEL_UP""},{""itemId"":2055,""participant'"
3644,"b'Id"":10,""timestamp"":1671325,""type"":""ITEM_PURCHASED""},{""creatorId"":6,""timestamp"":1675593,""type"":""WARD_PLACED"",""wardType"":""BLUE_TRI'"
3645,"b'NKET""}],""participantFrames"":{""1"":{""championStats"":{""abilityHaste"":0,""abilityPower"":362,""armor"":98,""armorPen"":0,""armorPenPercent""'"
3646,"b':0,""attackDamage"":108,""attackSpeed"":124,""bonusArmorPenPercent"":0,""bonusMagicPenPercent"":0,""ccReduction"":25,""cooldownReduction"":0'"
3647,"b',""health"":296,""healthMax"":2617,""healthRegen"":29,""lifesteal"":0,""magicPen"":11,""magicPenPercent"":0,""magicResist"":56,""movementSpeed""'"
3648,"b':429,""omnivamp"":0,""physicalVamp"":0,""power"":120,""powerMax"":150,""powerRegen"":0,""spellVamp"":0},""currentGold"":1216,""damageStats"":{""m'"
3649,"b'agicDamageDone"":114001,""magicDamageDoneToChampions"":20446,""magicDamageTaken"":5866,""physicalDamageDone"":12601,""physicalDamageDone'"
3650,"b'ToChampions"":304,""physicalDamageTaken"":8688,""totalDamageDone"":127735,""totalDamageDoneToChampions"":21681,""totalDamageTaken"":14904'"
3651,"b',""trueDamageDone"":1132,""trueDamageDoneToChampions"":930,""trueDamageTaken"":348},""goldPerSecond"":0,""jungleMinionsKilled"":0,""level"":'"
3652,"b'15,""minionsKilled"":213,""participantId"":1,""position"":{""x"":705,""y"":1332},""timeEnemySpentControlled"":253344,""totalGold"":12015,""xp"":'"
3653,"b'14648},""2"":{""championStats"":{""abilityHaste"":0,""abilityPower"":0,""armor"":104,""armorPen"":0,""armorPenPercent"":0,""attackDamage"":193,""'"
3654,"b'attackSpeed"":200,""bonusArmorPenPercent"":0,""bonusMagicPenPercent"":0,""ccReduction"":0,""cooldownReduction"":0,""health"":160,""healthMax'"
3655,"b'"":2244,""healthRegen"":25,""lifesteal"":0,""magicPen"":0,""magicPenPercent"":0,""magicResist"":54,""movementSpeed"":443,""omnivamp"":0,""physic'"
3656,"b'alVamp"":0,""power"":0,""powerMax"":60,""powerRegen"":0,""spellVamp"":0},""currentGold"":153,""damageStats"":{""magicDamageDone"":23278,""magicD'"
3657,"b'amageDoneToChampions"":1309,""magicDamageTaken"":6970,""physicalDamageDone"":115620,""physicalDamageDoneToChampions"":4202,""physicalDam'"
3658,"b'ageTaken"":21766,""totalDamageDone"":170043,""totalDamageDoneToChampions"":6480,""totalDamageTaken"":29900,""trueDamageDone"":31145,""true'"
3659,"b'DamageDoneToChampions"":968,""trueDamageTaken"":1163},""goldPerSecond"":0,""jungleMinionsKilled"":124,""level"":13,""minionsKilled"":35,""pa'"
3660,"b'rticipantId"":2,""position"":{""x"":3408,""y"":8578},""timeEnemySpentControlled"":377829,""totalGold"":8758,""xp"":10613},""3"":{""championStats'"
3661,"b'"":{""abilityHaste"":0,""abilityPower"":211,""armor"":80,""armorPen"":0,""armorPenPercent"":0,""attackDamage"":102,""attackSpeed"":126,""bonusAr'"
3662,"b'morPenPercent"":0,""bonusMagicPenPercent"":0,""ccReduction"":0,""cooldownReduction"":0,""health"":1205,""healthMax"":2183,""healthRegen"":28,'"
3663,"b'""lifesteal"":0,""magicPen"":29,""magicPenPercent"":0,""magicResist"":45,""movementSpeed"":477,""omnivamp"":0,""physicalVamp"":0,""power"":1773,'"
3664,"b'""powerMax"":2542,""powerRegen"":35,""spellVamp"":0},""currentGold"":259,""damageStats"":{""magicDamageDone"":114259,""magicDamageDoneToChamp'"
3665,"b'ions"":16408,""magicDamageTaken"":5046,""physicalDamageDone"":7949,""physicalDamageDoneToChampions"":355,""physicalDamageTaken"":7875,""to'"
3666,"b'talDamageDone"":124116,""totalDamageDoneToChampions"":16763,""totalDamageTaken"":13509,""trueDamageDone"":1907,""trueDamageDoneToChampio'"
3667,"b'ns"":0,""trueDamageTaken"":587},""goldPerSecond"":0,""jungleMinionsKilled"":0,""level"":14,""minionsKilled"":200,""participantId"":3,""positio'"
3668,"b'n"":{""x"":532,""y"":1508},""timeEnemySpentControlled"":429967,""totalGold"":9173,""xp"":12520},""4"":{""championStats"":{""abilityHaste"":0,""abi'"
3669,"b'lityPower"":0,""armor"":81,""armorPen"":0,""armorPenPercent"":18,""attackDamage"":292,""attackSpeed"":170,""bonusArmorPenPercent"":0,""bonusMa'"
3670,"b'gicPenPercent"":0,""ccReduction"":0,""cooldownReduction"":0,""health"":0,""healthMax"":2181,""healthRegen"":22,""lifesteal"":5,""magicPen"":0,""'"
3671,"b'magicPenPercent"":0,""magicResist"":44,""movementSpeed"":409,""omnivamp"":2,""physicalVamp"":0,""power"":1953,""powerMax"":2121,""powerRegen"":'"
3672,"b'38,""spellVamp"":0},""currentGold"":516,""damageStats"":{""magicDamageDone"":12947,""magicDamageDoneToChampions"":4084,""magicDamageTaken"":'"
3673,"b'4560,""physicalDamageDone"":128227,""physicalDamageDoneToChampions"":15701,""physicalDamageTaken"":16102,""totalDamageDone"":145063,""tot'"
3674,"b'alDamageDoneToChampions"":19891,""totalDamageTaken"":21573,""trueDamageDone"":3888,""trueDamageDoneToChampions"":105,""trueDamageTaken"":'"
3675,"b'910},""goldPerSecond"":0,""jungleMinionsKilled"":8,""level"":13,""minionsKilled"":213,""participantId"":4,""position"":{""x"":2434,""y"":8728},""'"
3676,"b'timeEnemySpentControlled"":12314,""totalGold"":10609,""xp"":10383},""5"":{""championStats"":{""abilityHaste"":0,""abilityPower"":98,""armor"":1'"
3677,"b'09,""armorPen"":0,""armorPenPercent"":0,""attackDamage"":101,""attackSpeed"":129,""bonusArmorPenPercent"":0,""bonusMagicPenPercent"":0,""ccRe'"
3678,"b'duction"":0,""cooldownReduction"":0,""health"":0,""healthMax"":2384,""healthRegen"":64,""lifesteal"":0,""magicPen"":0,""magicPenPercent"":0,""ma'"
3679,"b'gicResist"":52,""movementSpeed"":406,""omnivamp"":0,""physicalVamp"":0,""power"":484,""powerMax"":807,""powerRegen"":54,""spellVamp"":0},""curre'"
3680,"b'ntGold"":447,""damageStats"":{""magicDamageDone"":7558,""magicDamageDoneToChampions"":4412,""magicDamageTaken"":6325,""physicalDamageDone""'"
3681,"b':6508,""physicalDamageDoneToChampions"":1479,""physicalDamageTaken"":17468,""totalDamageDone"":21780,""totalDamageDoneToChampions"":6977'"
3682,"b',""totalDamageTaken"":24875,""trueDamageDone"":7713,""trueDamageDoneToChampions"":1086,""trueDamageTaken"":1081},""goldPerSecond"":30,""jun'"
3683,"b'gleMinionsKilled"":0,""level"":12,""minionsKilled"":40,""participantId"":5,""position"":{""x"":2331,""y"":8225},""timeEnemySpentControlled"":11'"
3684,"b'6057,""totalGold"":7487,""xp"":9001},""6"":{""championStats"":{""abilityHaste"":0,""abilityPower"":217,""armor"":177,""armorPen"":0,""armorPenPer'"
3685,"b'cent"":0,""attackDamage"":148,""attackSpeed"":173,""bonusArmorPenPercent"":0,""bonusMagicPenPercent"":0,""ccReduction"":47,""cooldownReducti'"
3686,"b'on"":0,""health"":1777,""healthMax"":3022,""healthRegen"":33,""lifesteal"":40,""magicPen"":0,""magicPenPercent"":0,""magicResist"":164,""movemen'"
3687,"b'tSpeed"":395,""omnivamp"":0,""physicalVamp"":0,""power"":749,""powerMax"":994,""powerRegen"":28,""spellVamp"":0},""currentGold"":1299,""damageSt'"
3688,"b'ats"":{""magicDamageDone"":84299,""magicDamageDoneToChampions"":7791,""magicDamageTaken"":10535,""physicalDamageDone"":28854,""physicalDam'"
3689,"b'ageDoneToChampions"":1827,""physicalDamageTaken"":10128,""totalDamageDone"":113165,""totalDamageDoneToChampions"":9630,""totalDamageTake'"
3690,"b'n"":21279,""trueDamageDone"":10,""trueDamageDoneToChampions"":10,""trueDamageTaken"":615},""goldPerSecond"":0,""jungleMinionsKilled"":4,""le'"
3691,"b'vel"":16,""minionsKilled"":189,""participantId"":6,""position"":{""x"":2129,""y"":4704},""timeEnemySpentControlled"":1706557,""totalGold"":1098'"
3692,"b'9,""xp"":15319},""7"":{""championStats"":{""abilityHaste"":0,""abilityPower"":270,""armor"":104,""armorPen"":0,""armorPenPercent"":0,""attackDama'"
3693,"b'ge"":132,""attackSpeed"":212,""bonusArmorPenPercent"":0,""bonusMagicPenPercent"":0,""ccReduction"":6,""cooldownReduction"":0,""health"":1947,'"
3694,"b'""healthMax"":2395,""healthRegen"":267,""lifesteal"":0,""magicPen"":0,""magicPenPercent"":0,""magicResist"":92,""movementSpeed"":420,""omnivamp'"
3695,"b'"":0,""physicalVamp"":0,""power"":419,""powerMax"":891,""powerRegen"":33,""spellVamp"":0},""currentGold"":1874,""damageStats"":{""magicDamageDon'"
3696,"b'e"":135029,""magicDamageDoneToChampions"":10079,""magicDamageTaken"":13889,""physicalDamageDone"":17292,""physicalDamageDoneToChampions""'"
3697,"b':392,""physicalDamageTaken"":18788,""totalDamageDone"":191256,""totalDamageDoneToChampions"":11798,""totalDamageTaken"":32918,""trueDamag'"
3698,"b'eDone"":38934,""trueDamageDoneToChampions"":1326,""trueDamageTaken"":240},""goldPerSecond"":0,""jungleMinionsKilled"":157,""level"":15,""min'"
3699,"b'ionsKilled"":11,""participantId"":7,""position"":{""x"":4897,""y"":5515},""timeEnemySpentControlled"":173002,""totalGold"":9999,""xp"":13583},""'"
3700,"b'8"":{""championStats"":{""abilityHaste"":0,""abilityPower"":37,""armor"":105,""armorPen"":0,""armorPenPercent"":0,""attackDamage"":444,""attackS'"
3701,"b'peed"":151,""bonusArmorPenPercent"":0,""bonusMagicPenPercent"":0,""ccReduction"":6,""cooldownReduction"":0,""health"":1551,""healthMax"":2935'"
3702,"b',""healthRegen"":34,""lifesteal"":10,""magicPen"":0,""magicPenPercent"":0,""magicResist"":69,""movementSpeed"":415,""omnivamp"":0,""physicalVam'"
3703,"b'p"":0,""power"":145,""powerMax"":200,""powerRegen"":100,""spellVamp"":0},""currentGold"":1040,""damageStats"":{""magicDamageDone"":14845,""magic'"
3704,"b'DamageDoneToChampions"":1733,""magicDamageTaken"":8759,""physicalDamageDone"":187984,""physicalDamageDoneToChampions"":20039,""physicalD'"
3705,"b'amageTaken"":6450,""totalDamageDone"":204781,""totalDamageDoneToChampions"":23252,""totalDamageTaken"":15598,""trueDamageDone"":1951,""tru'"
3706,"b'eDamageDoneToChampions"":1480,""trueDamageTaken"":388},""goldPerSecond"":0,""jungleMinionsKilled"":26,""level"":17,""minionsKilled"":239,""p'"
3707,"b'articipantId"":8,""position"":{""x"":1578,""y"":5221},""timeEnemySpentControlled"":174435,""totalGold"":15795,""xp"":17238},""9"":{""championSta'"
3708,"b'ts"":{""abilityHaste"":0,""abilityPower"":37,""armor"":94,""armorPen"":0,""armorPenPercent"":0,""attackDamage"":397,""attackSpeed"":187,""bonusA'"
3709,"b'rmorPenPercent"":0,""bonusMagicPenPercent"":0,""ccReduction"":6,""cooldownReduction"":0,""health"":2134,""healthMax"":2173,""healthRegen"":24'"
3710,"b'3,""lifesteal"":23,""magicPen"":0,""magicPenPercent"":0,""magicResist"":83,""movementSpeed"":390,""omnivamp"":0,""physicalVamp"":0,""power"":106'"
3711,"b'2,""powerMax"":1062,""powerRegen"":193,""spellVamp"":0},""currentGold"":2134,""damageStats"":{""magicDamageDone"":5149,""magicDamageDoneToCha'"
3712,"b'mpions"":3063,""magicDamageTaken"":6712,""physicalDamageDone"":181899,""physicalDamageDoneToChampions"":28610,""physicalDamageTaken"":958'"
3713,"b'0,""totalDamageDone"":188599,""totalDamageDoneToChampions"":32057,""totalDamageTaken"":16803,""trueDamageDone"":1549,""trueDamageDoneToCh'"
3714,"b'ampions"":383,""trueDamageTaken"":509},""goldPerSecond"":0,""jungleMinionsKilled"":16,""level"":16,""minionsKilled"":247,""participantId"":9,'"
3715,"b'""position"":{""x"":1481,""y"":5369},""timeEnemySpentControlled"":107771,""totalGold"":15263,""xp"":15139},""10"":{""championStats"":{""abilityHa'"
3716,"b'ste"":0,""abilityPower"":21,""armor"":164,""armorPen"":0,""armorPenPercent"":0,""attackDamage"":88,""attackSpeed"":114,""bonusArmorPenPercent""'"
3717,"b':0,""bonusMagicPenPercent"":0,""ccReduction"":6,""cooldownReduction"":0,""health"":0,""healthMax"":2583,""healthRegen"":63,""lifesteal"":0,""ma'"
3718,"b'gicPen"":0,""magicPenPercent"":0,""magicResist"":78,""movementSpeed"":375,""omnivamp"":0,""physicalVamp"":0,""power"":732,""powerMax"":1043,""po'"
3719,"b'werRegen"":18,""spellVamp"":0},""currentGold"":217,""damageStats"":{""magicDamageDone"":7274,""magicDamageDoneToChampions"":4098,""magicDama'"
3720,"b'geTaken"":11068,""physicalDamageDone"":4359,""physicalDamageDoneToChampions"":930,""physicalDamageTaken"":9491,""totalDamageDone"":17902,'"
3721,"b'""totalDamageDoneToChampions"":5921,""totalDamageTaken"":21895,""trueDamageDone"":6268,""trueDamageDoneToChampions"":891,""trueDamageTake'"
3722,"b'n"":1336},""goldPerSecond"":30,""jungleMinionsKilled"":4,""level"":12,""minionsKilled"":32,""participantId"":10,""position"":{""x"":3572,""y"":80'"
3723,"b'38},""timeEnemySpentControlled"":182503,""totalGold"":7547,""xp"":9337}},""timestamp"":1680463},{""events"":[{""itemId"":1058,""participantId'"
3724,"b'"":1,""timestamp"":1681630,""type"":""ITEM_DESTROYED""},{""itemId"":1058,""participantId"":1,""timestamp"":1681630,""type"":""ITEM_DESTROYED""},{'"
3725,"b'""itemId"":3089,""participantId"":1,""timestamp"":1681630,""type"":""ITEM_PURCHASED""},{""itemId"":2055,""participantId"":3,""timestamp"":168179'"
3726,"b'7,""type"":""ITEM_PURCHASED""},{""assistingParticipantIds"":[6,8],""bounty"":0,""buildingType"":""TOWER_BUILDING"",""killerId"":0,""laneType"":""'"
3727,"b'TOP_LANE"",""position"":{""x"":1169,""y"":4287},""teamId"":100,""timestamp"":1684702,""towerType"":""BASE_TURRET"",""type"":""BUILDING_KILL""},{""it'"
3728,"b'emId"":1055,""participantId"":4,""timestamp"":1687671,""type"":""ITEM_SOLD""},{""itemId"":3133,""participantId"":4,""timestamp"":1688002,""type""'"
3729,"b':""ITEM_DESTROYED""},{""itemId"":3035,""participantId"":4,""timestamp"":1688002,""type"":""ITEM_DESTROYED""},{""itemId"":6694,""participantId"":'"
3730,"b'4,""timestamp"":1688002,""type"":""ITEM_PURCHASED""},{""assistingParticipantIds"":[6,9],""bounty"":0,""buildingType"":""INHIBITOR_BUILDING"",""'"
3731,"b'killerId"":8,""laneType"":""TOP_LANE"",""position"":{""x"":1169,""y"":3573},""teamId"":100,""timestamp"":1688404,""type"":""BUILDING_KILL""},{""item'"
3732,"b'Id"":1028,""participantId"":5,""timestamp"":1688802,""type"":""ITEM_PURCHASED""},{""assistingParticipantIds"":[3],""bounty"":300,""killStreakL'"
3733,"b'ength"":0,""killerId"":1,""position"":{""x"":2120,""y"":2610},""shutdownBounty"":700,""timestamp"":1699370,""type"":""CHAMPION_KILL"",""victimDama'"
3734,"b'geDealt"":[{""basic"":false,""magicDamage"":0,""name"":""Lucian"",""participantId"":3,""physicalDamage"":201,""spellName"":"""",""spellSlot"":-1,""t'"
3735,"b'rueDamage"":0,""type"":""OTHER""},{""basic"":true,""magicDamage"":0,""name"":""Lucian"",""participantId"":3,""physicalDamage"":393,""spellName"":""l'"
3736,"b'ucianpassive"",""spellSlot"":63,""trueDamage"":0,""type"":""OTHER""},{""basic"":false,""magicDamage"":0,""name"":""Lucian"",""participantId"":3,""ph'"
3737,"b'ysicalDamage"":236,""spellName"":""lucianpassiveattack"",""spellSlot"":0,""trueDamage"":0,""type"":""OTHER""},{""basic"":false,""magicDamage"":13'"
3738,"b'7,""name"":""Lucian"",""participantId"":3,""physicalDamage"":0,""spellName"":""lucianw"",""spellSlot"":1,""trueDamage"":0,""type"":""OTHER""}],""vict'"
3739,"b'imDamageReceived"":[{""basic"":false,""magicDamage"":559,""name"":""Taliyah"",""participantId"":3,""physicalDamage"":0,""spellName"":""taliyahq""'"
3740,"b',""spellSlot"":0,""trueDamage"":0,""type"":""OTHER""},{""basic"":false,""magicDamage"":35,""name"":""Taliyah"",""participantId"":3,""physicalDamage'"
3741,"b'"":0,""spellName"":"""",""spellSlot"":-1,""trueDamage"":0,""type"":""OTHER""},{""basic"":false,""magicDamage"":509,""name"":""Taliyah"",""participantI'"
3742,"b'd"":3,""physicalDamage"":0,""spellName"":""taliyahe"",""spellSlot"":2,""trueDamage"":0,""type"":""OTHER""},{""basic"":false,""magicDamage"":78,""nam'"
3743,"b'e"":""Taliyah"",""participantId"":3,""physicalDamage"":0,""spellName"":"""",""spellSlot"":-1,""trueDamage"":0,""type"":""OTHER""},{""basic"":true,""ma'"
3744,"b'gicDamage"":0,""name"":""SRU_OrderMinionMelee"",""participantId"":0,""physicalDamage"":47,""spellName"":""sru_orderminionrangedbasicattack"",'"
3745,"b'""spellSlot"":64,""trueDamage"":0,""type"":""MINION""},{""basic"":true,""magicDamage"":0,""name"":""SRU_OrderMinionMelee"",""participantId"":0,""ph'"
3746,"b'ysicalDamage"":106,""spellName"":""sru_orderminionmeleebasicattack"",""spellSlot"":64,""trueDamage"":0,""type"":""MINION""},{""basic"":true,""ma'"
3747,"b'gicDamage"":0,""name"":""SRU_OrderMinionMelee"",""participantId"":0,""physicalDamage"":23,""spellName"":""sru_orderminionrangedbasicattack2""'"
3748,"b',""spellSlot"":65,""trueDamage"":0,""type"":""MINION""},{""basic"":true,""magicDamage"":0,""name"":""Turret"",""participantId"":0,""physicalDamage""'"
3749,"b':1071,""spellName"":""turretbasicattack"",""spellSlot"":64,""trueDamage"":0,""type"":""TOWER""},{""basic"":false,""magicDamage"":0,""name"":""Rumbl'"
3750,"b'e"",""participantId"":1,""physicalDamage"":0,""spellName"":"""",""spellSlot"":-1,""trueDamage"":0,""type"":""OTHER""},{""basic"":false,""magicDamage'"
3751,"b'"":115,""name"":""Rumble"",""participantId"":1,""physicalDamage"":0,""spellName"":""rumbleflamethrower"",""spellSlot"":0,""trueDamage"":0,""type"":'"
3752,"b'""OTHER""}],""victimId"":9},{""level"":16,""participantId"":1,""timestamp"":1699370,""type"":""LEVEL_UP""},{""level"":15,""participantId"":3,""time'"
3753,"b'stamp"":1699370,""type"":""LEVEL_UP""},{""levelUpType"":""NORMAL"",""participantId"":3,""skillSlot"":2,""timestamp"":1700336,""type"":""SKILL_LEVE'"
3754,"b'L_UP""},{""levelUpType"":""NORMAL"",""participantId"":1,""skillSlot"":4,""timestamp"":1700568,""type"":""SKILL_LEVEL_UP""},{""itemId"":2055,""part'"
3755,"b'icipantId"":5,""timestamp"":1701671,""type"":""ITEM_PURCHASED""},{""assistingParticipantIds"":[1],""bounty"":300,""killStreakLength"":0,""kill'"
3756,"b'erId"":3,""position"":{""x"":1751,""y"":3330},""shutdownBounty"":150,""timestamp"":1703434,""type"":""CHAMPION_KILL"",""victimDamageDealt"":[{""ba'"
3757,"b'sic"":false,""magicDamage"":110,""name"":""Udyr"",""participantId"":1,""physicalDamage"":0,""spellName"":"""",""spellSlot"":-1,""trueDamage"":0,""ty'"
3758,"b'pe"":""OTHER""},{""basic"":false,""magicDamage"":63,""name"":""Udyr"",""participantId"":1,""physicalDamage"":0,""spellName"":""udyrr"",""spellSlot"":'"
3759,"b'3,""trueDamage"":0,""type"":""OTHER""},{""basic"":false,""magicDamage"":66,""name"":""Udyr"",""participantId"":1,""physicalDamage"":0,""spellName"":'"
3760,"b'"""",""spellSlot"":-1,""trueDamage"":0,""type"":""OTHER""},{""basic"":true,""magicDamage"":0,""name"":""Udyr"",""participantId"":1,""physicalDamage"":'"
3761,"b'16,""spellName"":""udyre"",""spellSlot"":2,""trueDamage"":0,""type"":""OTHER""}],""victimDamageReceived"":[{""basic"":false,""magicDamage"":56,""na'"
3762,"b'me"":""Taliyah"",""participantId"":3,""physicalDamage"":0,""spellName"":"""",""spellSlot"":-1,""trueDamage"":0,""type"":""OTHER""},{""basic"":false,""'"
3763,"b'magicDamage"":370,""name"":""Taliyah"",""participantId"":3,""physicalDamage"":0,""spellName"":""taliyahq"",""spellSlot"":0,""trueDamage"":0,""type'"
3764,"b'"":""OTHER""},{""basic"":false,""magicDamage"":61,""name"":""Taliyah"",""participantId"":3,""physicalDamage"":0,""spellName"":""taliyahe"",""spellSl'"
3765,"b'ot"":2,""trueDamage"":0,""type"":""OTHER""},{""basic"":false,""magicDamage"":59,""name"":""Taliyah"",""participantId"":3,""physicalDamage"":0,""spel'"
3766,"b'lName"":"""",""spellSlot"":-1,""trueDamage"":0,""type"":""OTHER""},{""basic"":false,""magicDamage"":88,""name"":""Rumble"",""participantId"":1,""physi'"
3767,"b'calDamage"":0,""spellName"":"""",""spellSlot"":-1,""trueDamage"":0,""type"":""OTHER""},{""basic"":false,""magicDamage"":195,""name"":""Rumble"",""part'"
3768,"b'icipantId"":1,""physicalDamage"":0,""spellName"":""rumblegrenade"",""spellSlot"":2,""trueDamage"":0,""type"":""OTHER""},{""basic"":false,""magicDa'"
3769,"b'mage"":69,""name"":""Rumble"",""participantId"":1,""physicalDamage"":0,""spellName"":"""",""spellSlot"":-1,""trueDamage"":0,""type"":""OTHER""},{""bas'"
3770,"b'ic"":false,""magicDamage"":565,""name"":""Rumble"",""participantId"":1,""physicalDamage"":0,""spellName"":""rumbleflamethrower"",""spellSlot"":0,'"
3771,"b'""trueDamage"":0,""type"":""OTHER""},{""basic"":true,""magicDamage"":0,""name"":""Turret"",""participantId"":0,""physicalDamage"":938,""spellName"":'"
3772,"b'""turretbasicattack"",""spellSlot"":64,""trueDamage"":0,""type"":""TOWER""}],""victimId"":6},{""itemId"":1037,""participantId"":9,""timestamp"":17'"
3773,"b'05070,""type"":""ITEM_DESTROYED""},{""itemId"":3155,""participantId"":9,""timestamp"":1705070,""type"":""ITEM_DESTROYED""},{""itemId"":3156,""par'"
3774,"b'ticipantId"":9,""timestamp"":1705070,""type"":""ITEM_PURCHASED""},{""itemId"":2055,""participantId"":4,""timestamp"":1707732,""type"":""ITEM_PUR'"
3775,"b'CHASED""},{""bounty"":0,""buildingType"":""TOWER_BUILDING"",""killerId"":0,""laneType"":""MID_LANE"",""position"":{""x"":3651,""y"":3696},""teamId"":'"
3776,"b'100,""timestamp"":1709398,""towerType"":""BASE_TURRET"",""type"":""BUILDING_KILL""},{""killerId"":2,""timestamp"":1713871,""type"":""WARD_KILL"",""'"
3777,"b'wardType"":""BLUE_TRINKET""},{""itemId"":3035,""participantId"":9,""timestamp"":1714336,""type"":""ITEM_PURCHASED""},{""itemId"":2420,""particip'"
3778,"b'antId"":8,""timestamp"":1715804,""type"":""ITEM_SOLD""},{""itemId"":1038,""participantId"":8,""timestamp"":1716399,""type"":""ITEM_PURCHASED""},{'"
3779,"b'""afterId"":0,""beforeId"":1038,""goldGain"":1300,""participantId"":8,""timestamp"":1716997,""type"":""ITEM_UNDO""},{""itemId"":3035,""participan'"
3780,"b'tId"":8,""timestamp"":1717333,""type"":""ITEM_PURCHASED""},{""creatorId"":7,""timestamp"":1720373,""type"":""WARD_PLACED"",""wardType"":""UNDEFINE'"
3781,"b'D""},{""itemId"":3108,""participantId"":3,""timestamp"":1721070,""type"":""ITEM_PURCHASED""},{""itemId"":2055,""participantId"":5,""timestamp"":1'"
3782,"b'723075,""type"":""ITEM_DESTROYED""},{""creatorId"":5,""timestamp"":1723075,""type"":""WARD_PLACED"",""wardType"":""CONTROL_WARD""},{""killerId"":1'"
3783,"b',""timestamp"":1724173,""type"":""WARD_KILL"",""wardType"":""UNDEFINED""},{""creatorId"":10,""timestamp"":1724774,""type"":""WARD_PLACED"",""wardTy'"
3784,"b'pe"":""SIGHT_WARD""},{""creatorId"":10,""timestamp"":1730644,""type"":""WARD_PLACED"",""wardType"":""SIGHT_WARD""},{""creatorId"":5,""timestamp"":1'"
3785,"b'730909,""type"":""WARD_PLACED"",""wardType"":""SIGHT_WARD""},{""creatorId"":7,""timestamp"":1732408,""type"":""WARD_PLACED"",""wardType"":""UNDEFIN'"
3786,"b'ED""},{""creatorId"":5,""timestamp"":1738848,""type"":""WARD_PLACED"",""wardType"":""SIGHT_WARD""}],""participantFrames"":{""1"":{""championStats""'"
3787,"b':{""abilityHaste"":0,""abilityPower"":539,""armor"":104,""armorPen"":0,""armorPenPercent"":0,""attackDamage"":112,""attackSpeed"":126,""bonusAr'"
3788,"b'morPenPercent"":0,""bonusMagicPenPercent"":0,""ccReduction"":12,""cooldownReduction"":0,""health"":2009,""healthMax"":2744,""healthRegen"":31'"
3789,"b',""lifesteal"":0,""magicPen"":16,""magicPenPercent"":0,""magicResist"":58,""movementSpeed"":405,""omnivamp"":0,""physicalVamp"":0,""power"":120,'"
3790,"b'""powerMax"":150,""powerRegen"":0,""spellVamp"":0},""currentGold"":1760,""damageStats"":{""magicDamageDone"":125453,""magicDamageDoneToChampi'"
3791,"b'ons"":21481,""magicDamageTaken"":6160,""physicalDamageDone"":13583,""physicalDamageDoneToChampions"":304,""physicalDamageTaken"":9258,""to'"
3792,"b'talDamageDone"":140169,""totalDamageDoneToChampions"":22716,""totalDamageTaken"":15767,""trueDamageDone"":1132,""trueDamageDoneToChampio'"
3793,"b'ns"":930,""trueDamageTaken"":348},""goldPerSecond"":0,""jungleMinionsKilled"":0,""level"":16,""minionsKilled"":227,""participantId"":1,""posit'"
3794,"b'ion"":{""x"":9220,""y"":5790},""timeEnemySpentControlled"":260170,""totalGold"":13660,""xp"":16122},""2"":{""championStats"":{""abilityHaste"":0,'"
3795,"b'""abilityPower"":0,""armor"":104,""armorPen"":0,""armorPenPercent"":0,""attackDamage"":193,""attackSpeed"":245,""bonusArmorPenPercent"":0,""bon'"
3796,"b'usMagicPenPercent"":0,""ccReduction"":0,""cooldownReduction"":0,""health"":1799,""healthMax"":2244,""healthRegen"":25,""lifesteal"":0,""magicP'"
3797,"b'en"":0,""magicPenPercent"":0,""magicResist"":54,""movementSpeed"":400,""omnivamp"":0,""physicalVamp"":0,""power"":0,""powerMax"":60,""powerRegen'"
3798,"b'"":0,""spellVamp"":0},""currentGold"":408,""damageStats"":{""magicDamageDone"":23882,""magicDamageDoneToChampions"":1309,""magicDamageTaken""'"
3799,"b':7414,""physicalDamageDone"":119090,""physicalDamageDoneToChampions"":4202,""physicalDamageTaken"":21872,""totalDamageDone"":174179,""tot'"
3800,"b'alDamageDoneToChampions"":6480,""totalDamageTaken"":30451,""trueDamageDone"":31207,""trueDamageDoneToChampions"":968,""trueDamageTaken"":'"
3801,"b'1163},""goldPerSecond"":0,""jungleMinionsKilled"":124,""level"":13,""minionsKilled"":39,""participantId"":2,""position"":{""x"":10233,""y"":5870'"
3802,"b'},""timeEnemySpentControlled"":386436,""totalGold"":9013,""xp"":11196},""3"":{""championStats"":{""abilityHaste"":0,""abilityPower"":248,""armo'"
3803,"b'r"":86,""armorPen"":0,""armorPenPercent"":0,""attackDamage"":106,""attackSpeed"":128,""bonusArmorPenPercent"":0,""bonusMagicPenPercent"":0,""c'"
3804,"b'cReduction"":0,""cooldownReduction"":0,""health"":2199,""healthMax"":2312,""healthRegen"":30,""lifesteal"":0,""magicPen"":29,""magicPenPercent'"
3805,"b'"":0,""magicResist"":47,""movementSpeed"":505,""omnivamp"":0,""physicalVamp"":0,""power"":2577,""powerMax"":2577,""powerRegen"":37,""spellVamp"":'"
3806,"b'0},""currentGold"":96,""damageStats"":{""magicDamageDone"":118397,""magicDamageDoneToChampions"":18677,""magicDamageTaken"":5183,""physical'"
3807,"b'DamageDone"":7949,""physicalDamageDoneToChampions"":355,""physicalDamageTaken"":8940,""totalDamageDone"":128254,""totalDamageDoneToChamp'"
3808,"b'ions"":19032,""totalDamageTaken"":14777,""trueDamageDone"":1907,""trueDamageDoneToChampions"":0,""trueDamageTaken"":652},""goldPerSecond"":'"
3809,"b'0,""jungleMinionsKilled"":0,""level"":15,""minionsKilled"":201,""participantId"":3,""position"":{""x"":8458,""y"":4037},""timeEnemySpentControl'"
3810,"b'led"":441767,""totalGold"":9986,""xp"":13732},""4"":{""championStats"":{""abilityHaste"":0,""abilityPower"":0,""armor"":81,""armorPen"":0,""armorP'"
3811,"b'enPercent"":30,""attackDamage"":287,""attackSpeed"":220,""bonusArmorPenPercent"":0,""bonusMagicPenPercent"":0,""ccReduction"":0,""cooldownRe'"
3812,"b'duction"":0,""health"":1818,""healthMax"":2101,""healthRegen"":22,""lifesteal"":5,""magicPen"":0,""magicPenPercent"":0,""magicResist"":44,""move'"
3813,"b'mentSpeed"":406,""omnivamp"":0,""physicalVamp"":0,""power"":1709,""powerMax"":2121,""powerRegen"":38,""spellVamp"":0},""currentGold"":135,""dama'"
3814,"b'geStats"":{""magicDamageDone"":13791,""magicDamageDoneToChampions"":4084,""magicDamageTaken"":4560,""physicalDamageDone"":132516,""physica'"
3815,"b'lDamageDoneToChampions"":15701,""physicalDamageTaken"":16408,""totalDamageDone"":150196,""totalDamageDoneToChampions"":19891,""totalDama'"
3816,"b'geTaken"":21879,""trueDamageDone"":3888,""trueDamageDoneToChampions"":105,""trueDamageTaken"":910},""goldPerSecond"":0,""jungleMinionsKill'"
3817,"b'ed"":8,""level"":13,""minionsKilled"":215,""participantId"":4,""position"":{""x"":9681,""y"":5153},""timeEnemySpentControlled"":14545,""totalGol'"
3818,"b'd"":10773,""xp"":10472},""5"":{""championStats"":{""abilityHaste"":0,""abilityPower"":98,""armor"":102,""armorPen"":0,""armorPenPercent"":0,""atta'"
3819,"b'ckDamage"":101,""attackSpeed"":129,""bonusArmorPenPercent"":0,""bonusMagicPenPercent"":0,""ccReduction"":0,""cooldownReduction"":0,""health""'"
3820,"b':1915,""healthMax"":2534,""healthRegen"":64,""lifesteal"":0,""magicPen"":0,""magicPenPercent"":0,""magicResist"":47,""movementSpeed"":646,""omn'"
3821,"b'ivamp"":0,""physicalVamp"":0,""power"":398,""powerMax"":807,""powerRegen"":54,""spellVamp"":0},""currentGold"":133,""damageStats"":{""magicDamag'"
3822,"b'eDone"":8760,""magicDamageDoneToChampions"":4412,""magicDamageTaken"":6698,""physicalDamageDone"":6793,""physicalDamageDoneToChampions"":'"
3823,"b'1479,""physicalDamageTaken"":17894,""totalDamageDone"":23267,""totalDamageDoneToChampions"":6977,""totalDamageTaken"":25725,""trueDamageD'"
3824,"b'one"":7713,""trueDamageDoneToChampions"":1086,""trueDamageTaken"":1132},""goldPerSecond"":30,""jungleMinionsKilled"":0,""level"":12,""minion'"
3825,"b'sKilled"":41,""participantId"":5,""position"":{""x"":9986,""y"":6460},""timeEnemySpentControlled"":117757,""totalGold"":7648,""xp"":9264},""6"":{'"
3826,"b'""championStats"":{""abilityHaste"":0,""abilityPower"":159,""armor"":177,""armorPen"":0,""armorPenPercent"":0,""attackDamage"":125,""attackSpee'"
3827,"b'd"":143,""bonusArmorPenPercent"":0,""bonusMagicPenPercent"":0,""ccReduction"":47,""cooldownReduction"":0,""health"":0,""healthMax"":3029,""hea'"
3828,"b'lthRegen"":33,""lifesteal"":0,""magicPen"":0,""magicPenPercent"":0,""magicResist"":164,""movementSpeed"":395,""omnivamp"":0,""physicalVamp"":0,'"
3829,"b'""power"":661,""powerMax"":994,""powerRegen"":28,""spellVamp"":0},""currentGold"":1574,""damageStats"":{""magicDamageDone"":85207,""magicDamage'"
3830,"b'DoneToChampions"":8060,""magicDamageTaken"":12002,""physicalDamageDone"":29473,""physicalDamageDoneToChampions"":1844,""physicalDamageTa'"
3831,"b'ken"":11066,""totalDamageDone"":114692,""totalDamageDoneToChampions"":9915,""totalDamageTaken"":23684,""trueDamageDone"":10,""trueDamageDo'"
3832,"b'neToChampions"":10,""trueDamageTaken"":615},""goldPerSecond"":0,""jungleMinionsKilled"":4,""level"":16,""minionsKilled"":191,""participantId'"
3833,"b'"":6,""position"":{""x"":1751,""y"":3330},""timeEnemySpentControlled"":1714098,""totalGold"":11263,""xp"":15582},""7"":{""championStats"":{""abili'"
3834,"b'tyHaste"":0,""abilityPower"":270,""armor"":104,""armorPen"":0,""armorPenPercent"":0,""attackDamage"":132,""attackSpeed"":152,""bonusArmorPenPe'"
3835,"b'rcent"":0,""bonusMagicPenPercent"":0,""ccReduction"":6,""cooldownReduction"":0,""health"":2395,""healthMax"":2395,""healthRegen"":27,""lifeste'"
3836,"b'al"":0,""magicPen"":7,""magicPenPercent"":0,""magicResist"":92,""movementSpeed"":494,""omnivamp"":0,""physicalVamp"":0,""power"":287,""powerMax""'"
3837,"b':892,""powerRegen"":179,""spellVamp"":0},""currentGold"":2478,""damageStats"":{""magicDamageDone"":151269,""magicDamageDoneToChampions"":106'"
3838,"b'39,""magicDamageTaken"":13889,""physicalDamageDone"":18044,""physicalDamageDoneToChampions"":457,""physicalDamageTaken"":19307,""totalDam'"
3839,"b'ageDone"":211033,""totalDamageDoneToChampions"":12473,""totalDamageTaken"":33437,""trueDamageDone"":41719,""trueDamageDoneToChampions"":1'"
3840,"b'376,""trueDamageTaken"":240},""goldPerSecond"":0,""jungleMinionsKilled"":161,""level"":15,""minionsKilled"":16,""participantId"":7,""position'"
3841,"b'"":{""x"":10421,""y"":6563},""timeEnemySpentControlled"":178307,""totalGold"":10602,""xp"":14226},""8"":{""championStats"":{""abilityHaste"":0,""a'"
3842,"b'bilityPower"":37,""armor"":105,""armorPen"":0,""armorPenPercent"":18,""attackDamage"":483,""attackSpeed"":151,""bonusArmorPenPercent"":0,""bon'"
3843,"b'usMagicPenPercent"":0,""ccReduction"":6,""cooldownReduction"":0,""health"":2927,""healthMax"":2935,""healthRegen"":34,""lifesteal"":10,""magic'"
3844,"b'Pen"":0,""magicPenPercent"":0,""magicResist"":69,""movementSpeed"":489,""omnivamp"":0,""physicalVamp"":0,""power"":135,""powerMax"":200,""powerR'"
3845,"b'egen"":170,""spellVamp"":0},""currentGold"":385,""damageStats"":{""magicDamageDone"":16640,""magicDamageDoneToChampions"":1758,""magicDamage'"
3846,"b'Taken"":9299,""physicalDamageDone"":197183,""physicalDamageDoneToChampions"":20734,""physicalDamageTaken"":6748,""totalDamageDone"":21577'"
3847,"b'6,""totalDamageDoneToChampions"":23972,""totalDamageTaken"":16436,""trueDamageDone"":1951,""trueDamageDoneToChampions"":1480,""trueDamage'"
3848,"b'Taken"":388},""goldPerSecond"":0,""jungleMinionsKilled"":30,""level"":17,""minionsKilled"":241,""participantId"":8,""position"":{""x"":9998,""y""'"
3849,"b':6811},""timeEnemySpentControlled"":178977,""totalGold"":16290,""xp"":17639},""9"":{""championStats"":{""abilityHaste"":0,""abilityPower"":0,""'"
3850,"b'armor"":94,""armorPen"":0,""armorPenPercent"":18,""attackDamage"":385,""attackSpeed"":187,""bonusArmorPenPercent"":0,""bonusMagicPenPercent""'"
3851,"b':0,""ccReduction"":6,""cooldownReduction"":0,""health"":0,""healthMax"":2173,""healthRegen"":26,""lifesteal"":23,""magicPen"":0,""magicPenPerce'"
3852,"b'nt"":0,""magicResist"":98,""movementSpeed"":390,""omnivamp"":0,""physicalVamp"":0,""power"":1040,""powerMax"":1062,""powerRegen"":37,""spellVamp'"
3853,"b'"":0},""currentGold"":403,""damageStats"":{""magicDamageDone"":5487,""magicDamageDoneToChampions"":3201,""magicDamageTaken"":8010,""physical'"
3854,"b'DamageDone"":190288,""physicalDamageDoneToChampions"":29442,""physicalDamageTaken"":10829,""totalDamageDone"":197477,""totalDamageDoneTo'"
3855,"b'Champions"":33091,""totalDamageTaken"":19349,""trueDamageDone"":1701,""trueDamageDoneToChampions"":448,""trueDamageTaken"":509},""goldPerS'"
3856,"b'econd"":0,""jungleMinionsKilled"":16,""level"":16,""minionsKilled"":253,""participantId"":9,""position"":{""x"":2120,""y"":2610},""timeEnemySpen'"
3857,"b'tControlled"":115270,""totalGold"":15607,""xp"":15402},""10"":{""championStats"":{""abilityHaste"":0,""abilityPower"":21,""armor"":191,""armorPe'"
3858,"b'n"":0,""armorPenPercent"":0,""attackDamage"":88,""attackSpeed"":204,""bonusArmorPenPercent"":0,""bonusMagicPenPercent"":0,""ccReduction"":6,""'"
3859,"b'cooldownReduction"":0,""health"":2583,""healthMax"":2583,""healthRegen"":63,""lifesteal"":0,""magicPen"":0,""magicPenPercent"":0,""magicResist'"
3860,"b'"":92,""movementSpeed"":175,""omnivamp"":0,""physicalVamp"":0,""power"":761,""powerMax"":1043,""powerRegen"":18,""spellVamp"":0},""currentGold"":'"
3861,"b'458,""damageStats"":{""magicDamageDone"":7532,""magicDamageDoneToChampions"":4356,""magicDamageTaken"":11068,""physicalDamageDone"":4403,""'"
3862,"b'physicalDamageDoneToChampions"":974,""physicalDamageTaken"":9491,""totalDamageDone"":18204,""totalDamageDoneToChampions"":6222,""totalDa'"
3863,"b'mageTaken"":21895,""trueDamageDone"":6268,""trueDamageDoneToChampions"":891,""trueDamageTaken"":1336},""goldPerSecond"":30,""jungleMinions'"
3864,"b'Killed"":4,""level"":12,""minionsKilled"":32,""participantId"":10,""position"":{""x"":9809,""y"":6242},""timeEnemySpentControlled"":187738,""tot'"
3865,"b'alGold"":7788,""xp"":9337}},""timestamp"":1740477},{""events"":[{""assistingParticipantIds"":[7,10],""bounty"":274,""killStreakLength"":2,""ki'"
3866,"b'llerId"":8,""position"":{""x"":9824,""y"":6926},""shutdownBounty"":0,""timestamp"":1742774,""type"":""CHAMPION_KILL"",""victimDamageDealt"":[{""ba'"
3867,"b'sic"":false,""magicDamage"":0,""name"":""Rakan"",""participantId"":10,""physicalDamage"":0,""spellName"":""rakanr"",""spellSlot"":3,""trueDamage"":'"
3868,"b'0,""type"":""OTHER""},{""basic"":false,""magicDamage"":0,""name"":""Rakan"",""participantId"":10,""physicalDamage"":0,""spellName"":""rakanw"",""spel'"
3869,"b'lSlot"":1,""trueDamage"":0,""type"":""OTHER""}],""victimDamageReceived"":[{""basic"":true,""magicDamage"":0,""name"":""SRU_Dragon_Fire"",""partici'"
3870,"b'pantId"":0,""physicalDamage"":62,""spellName"":""sru_dragon_infernal_attack"",""spellSlot"":64,""trueDamage"":0,""type"":""MONSTER""},{""basic"":'"
3871,"b'true,""magicDamage"":0,""name"":""Rell"",""participantId"":10,""physicalDamage"":43,""spellName"":""rellbasicattack2"",""spellSlot"":65,""trueDam'"
3872,"b'age"":0,""type"":""OTHER""},{""basic"":false,""magicDamage"":150,""name"":""Rell"",""participantId"":10,""physicalDamage"":0,""spellName"":""rellr"",'"
3873,"b'""spellSlot"":3,""trueDamage"":0,""type"":""OTHER""},{""basic"":false,""magicDamage"":107,""name"":""Rell"",""participantId"":10,""physicalDamage"":'"
3874,"b'0,""spellName"":""rellw_dismount"",""spellSlot"":1,""trueDamage"":0,""type"":""OTHER""},{""basic"":false,""magicDamage"":195,""name"":""Rell"",""part'"
3875,"b'icipantId"":10,""physicalDamage"":0,""spellName"":""3050active"",""spellSlot"":9,""trueDamage"":0,""type"":""OTHER""},{""basic"":false,""magicDama'"
3876,"b'ge"":115,""name"":""Nidalee"",""participantId"":7,""physicalDamage"":0,""spellName"":"""",""spellSlot"":-1,""trueDamage"":101,""type"":""OTHER""},{""b'"
3877,"b'asic"":true,""magicDamage"":0,""name"":""Nidalee"",""participantId"":7,""physicalDamage"":65,""spellName"":""nidaleebasicattack"",""spellSlot"":6'"
3878,"b'4,""trueDamage"":0,""type"":""OTHER""},{""basic"":false,""magicDamage"":0,""name"":""Zed"",""participantId"":8,""physicalDamage"":254,""spellName"":'"
3879,"b'""zedw"",""spellSlot"":1,""trueDamage"":143,""type"":""OTHER""},{""basic"":false,""magicDamage"":0,""name"":""Zed"",""participantId"":8,""physicalDam'"
3880,"b'age"":891,""spellName"":""zedq"",""spellSlot"":0,""trueDamage"":0,""type"":""OTHER""},{""basic"":true,""magicDamage"":0,""name"":""Zed"",""participant'"
3881,"b'Id"":8,""physicalDamage"":335,""spellName"":""zedbasicattack"",""spellSlot"":64,""trueDamage"":0,""type"":""OTHER""},{""basic"":false,""magicDamag'"
3882,"b'e"":26,""name"":""Zed"",""participantId"":8,""physicalDamage"":0,""spellName"":"""",""spellSlot"":-1,""trueDamage"":0,""type"":""OTHER""},{""basic"":fa'"
3883,"b'lse,""magicDamage"":206,""name"":""Zed"",""participantId"":8,""physicalDamage"":0,""spellName"":""zedpassive"",""spellSlot"":63,""trueDamage"":0,""'"
3884,"b'type"":""OTHER""},{""basic"":false,""magicDamage"":0,""name"":""Zed"",""participantId"":8,""physicalDamage"":319,""spellName"":""zede"",""spellSlot""'"
3885,"b':2,""trueDamage"":0,""type"":""OTHER""}],""victimId"":5},{""assistingParticipantIds"":[1,2,5],""bounty"":274,""killStreakLength"":0,""killerId""'"
3886,"b':4,""position"":{""x"":9798,""y"":6258},""shutdownBounty"":0,""timestamp"":1742941,""type"":""CHAMPION_KILL"",""victimDamageReceived"":[{""basic""'"
3887,"b':false,""magicDamage"":0,""name"":""Rakan"",""participantId"":5,""physicalDamage"":0,""spellName"":""rakanr"",""spellSlot"":3,""trueDamage"":0,""ty'"
3888,"b'pe"":""OTHER""},{""basic"":false,""magicDamage"":0,""name"":""Rakan"",""participantId"":5,""physicalDamage"":0,""spellName"":""rakanw"",""spellSlot""'"
3889,"b':1,""trueDamage"":0,""type"":""OTHER""},{""basic"":false,""magicDamage"":23,""name"":""Rumble"",""participantId"":1,""physicalDamage"":0,""spellNam'"
3890,"b'e"":"""",""spellSlot"":-1,""trueDamage"":0,""type"":""OTHER""},{""basic"":false,""magicDamage"":88,""name"":""Rumble"",""participantId"":1,""physicalD'"
3891,"b'amage"":0,""spellName"":""rumbleflamethrower"",""spellSlot"":0,""trueDamage"":0,""type"":""OTHER""},{""basic"":false,""magicDamage"":328,""name"":""'"
3892,"b'Rumble"",""participantId"":1,""physicalDamage"":0,""spellName"":""rumblecarpetbomb"",""spellSlot"":3,""trueDamage"":0,""type"":""OTHER""},{""basic'"
3893,"b'"":false,""magicDamage"":135,""name"":""Rumble"",""participantId"":1,""physicalDamage"":0,""spellName"":"""",""spellSlot"":-1,""trueDamage"":0,""typ'"
3894,"b'e"":""OTHER""},{""basic"":false,""magicDamage"":318,""name"":""Rumble"",""participantId"":1,""physicalDamage"":0,""spellName"":""rumblegrenade"",""s'"
3895,"b'pellSlot"":2,""trueDamage"":0,""type"":""OTHER""},{""basic"":false,""magicDamage"":196,""name"":""Ezreal"",""participantId"":4,""physicalDamage"":0'"
3896,"b',""spellName"":""ezreale"",""spellSlot"":2,""trueDamage"":0,""type"":""OTHER""},{""basic"":false,""magicDamage"":0,""name"":""Ezreal"",""participantI'"
3897,"b'd"":4,""physicalDamage"":190,""spellName"":"""",""spellSlot"":-1,""trueDamage"":0,""type"":""OTHER""},{""basic"":false,""magicDamage"":0,""name"":""Ez'"
3898,"b'real"",""participantId"":4,""physicalDamage"":217,""spellName"":""ezrealq"",""spellSlot"":0,""trueDamage"":0,""type"":""OTHER""},{""basic"":false,""'"
3899,"b'magicDamage"":103,""name"":""Ezreal"",""participantId"":4,""physicalDamage"":0,""spellName"":""ezrealw"",""spellSlot"":1,""trueDamage"":0,""type"":'"
3900,"b'""OTHER""},{""basic"":false,""magicDamage"":0,""name"":""Ezreal"",""participantId"":4,""physicalDamage"":71,""spellName"":"""",""spellSlot"":-1,""tru'"
3901,"b'eDamage"":0,""type"":""OTHER""},{""basic"":true,""magicDamage"":0,""name"":""Ezreal"",""participantId"":4,""physicalDamage"":282,""spellName"":""ezr'"
3902,"b'ealbasicattack"",""spellSlot"":64,""trueDamage"":0,""type"":""OTHER""},{""basic"":false,""magicDamage"":180,""name"":""Belveth"",""participantId"":'"
3903,"b'2,""physicalDamage"":0,""spellName"":""belvethw"",""spellSlot"":1,""trueDamage"":0,""type"":""OTHER""},{""basic"":false,""magicDamage"":0,""name"":""'"
3904,"b'Belveth"",""participantId"":2,""physicalDamage"":326,""spellName"":""belvethq"",""spellSlot"":0,""trueDamage"":0,""type"":""OTHER""},{""basic"":tru'"
3905,"b'e,""magicDamage"":0,""name"":""Belveth"",""participantId"":2,""physicalDamage"":97,""spellName"":""belvethcritattack2"",""spellSlot"":50,""trueDa'"
3906,"b'mage"":0,""type"":""OTHER""},{""basic"":false,""magicDamage"":0,""name"":""Belveth"",""participantId"":2,""physicalDamage"":53,""spellName"":"""",""sp'"
3907,"b'ellSlot"":-1,""trueDamage"":0,""type"":""OTHER""},{""basic"":false,""magicDamage"":0,""name"":""Belveth"",""participantId"":2,""physicalDamage"":0,'"
3908,"b'""spellName"":"""",""spellSlot"":3,""trueDamage"":17,""type"":""OTHER""}],""victimId"":10},{""creatorId"":7,""timestamp"":1743175,""type"":""WARD_PLA'"
3909,"b'CED"",""wardType"":""UNDEFINED""},{""itemId"":2055,""participantId"":3,""timestamp"":1744045,""type"":""ITEM_DESTROYED""},{""creatorId"":3,""times'"
3910,"b'tamp"":1744045,""type"":""WARD_PLACED"",""wardType"":""CONTROL_WARD""},{""assistingParticipantIds"":[7,10],""bounty"":274,""killStreakLength"":'"
3911,"b'3,""killerId"":8,""position"":{""x"":9798,""y"":6258},""shutdownBounty"":0,""timestamp"":1744913,""type"":""CHAMPION_KILL"",""victimDamageReceive'"
3912,"b'd"":[{""basic"":false,""magicDamage"":112,""name"":""Nidalee"",""participantId"":7,""physicalDamage"":0,""spellName"":"""",""spellSlot"":-1,""trueDa'"
3913,"b'mage"":0,""type"":""OTHER""},{""basic"":false,""magicDamage"":332,""name"":""Nidalee"",""participantId"":7,""physicalDamage"":0,""spellName"":""jave'"
3914,"b'lintoss"",""spellSlot"":0,""trueDamage"":0,""type"":""OTHER""},{""basic"":false,""magicDamage"":0,""name"":""Zed"",""participantId"":8,""physicalDam'"
3915,"b'age"":0,""spellName"":""zedw"",""spellSlot"":1,""trueDamage"":50,""type"":""OTHER""},{""basic"":false,""magicDamage"":0,""name"":""Zed"",""participant'"
3916,"b'Id"":8,""physicalDamage"":1706,""spellName"":""zedq"",""spellSlot"":0,""trueDamage"":0,""type"":""OTHER""},{""basic"":false,""magicDamage"":0,""name'"
3917,"b'"":""Zed"",""participantId"":8,""physicalDamage"":576,""spellName"":""zede"",""spellSlot"":2,""trueDamage"":0,""type"":""OTHER""}],""victimId"":2},{""'"
3918,"b'killType"":""KILL_MULTI"",""killerId"":8,""multiKillLength"":2,""position"":{""x"":9410,""y"":7079},""timestamp"":1744913,""type"":""CHAMPION_SPEC'"
3919,"b'IAL_KILL""},{""itemId"":2055,""participantId"":4,""timestamp"":1746264,""type"":""ITEM_DESTROYED""},{""creatorId"":4,""timestamp"":1746264,""typ'"
3920,"b'e"":""WARD_PLACED"",""wardType"":""CONTROL_WARD""},{""creatorId"":8,""timestamp"":1748934,""type"":""WARD_PLACED"",""wardType"":""BLUE_TRINKET""},{'"
3921,"b'""creatorId"":7,""timestamp"":1749500,""type"":""WARD_PLACED"",""wardType"":""UNDEFINED""},{""level"":16,""participantId"":7,""timestamp"":1752708'"
3922,"b',""type"":""LEVEL_UP""},{""assistingParticipantIds"":[1,3,4],""bounty"":0,""killerId"":7,""killerTeamId"":200,""monsterSubType"":""FIRE_DRAGON""'"
3923,"b',""monsterType"":""DRAGON"",""position"":{""x"":9816,""y"":5194},""timestamp"":1752708,""type"":""ELITE_MONSTER_KILL""},{""levelUpType"":""NORMAL"",'"
3924,"b'""participantId"":7,""skillSlot"":4,""timestamp"":1753508,""type"":""SKILL_LEVEL_UP""},{""assistingParticipantIds"":[7],""bounty"":300,""killSt'"
3925,"b'reakLength"":4,""killerId"":8,""position"":{""x"":9538,""y"":6179},""shutdownBounty"":0,""timestamp"":1756247,""type"":""CHAMPION_KILL"",""victimD'"
3926,"b'amageDealt"":[{""basic"":false,""magicDamage"":168,""name"":""Rumble"",""participantId"":7,""physicalDamage"":0,""spellName"":"""",""spellSlot"":-1'"
3927,"b',""trueDamage"":0,""type"":""OTHER""},{""basic"":false,""magicDamage"":842,""name"":""Rumble"",""participantId"":7,""physicalDamage"":0,""spellName'"
3928,"b'"":""rumbleflamethrower"",""spellSlot"":0,""trueDamage"":0,""type"":""OTHER""},{""basic"":false,""magicDamage"":306,""name"":""Rumble"",""participan'"
3929,"b'tId"":7,""physicalDamage"":0,""spellName"":""rumblegrenade"",""spellSlot"":2,""trueDamage"":0,""type"":""OTHER""},{""basic"":false,""magicDamage"":'"
3930,"b'91,""name"":""Rumble"",""participantId"":8,""physicalDamage"":0,""spellName"":"""",""spellSlot"":-1,""trueDamage"":0,""type"":""OTHER""},{""basic"":fa'"
3931,"b'lse,""magicDamage"":338,""name"":""Rumble"",""participantId"":8,""physicalDamage"":0,""spellName"":""rumbleflamethrower"",""spellSlot"":0,""trueD'"
3932,"b'amage"":0,""type"":""OTHER""}],""victimDamageReceived"":[{""basic"":false,""magicDamage"":0,""name"":""Zed"",""participantId"":8,""physicalDamage""'"
3933,"b':372,""spellName"":"""",""spellSlot"":-1,""trueDamage"":0,""type"":""OTHER""},{""basic"":false,""magicDamage"":0,""name"":""Zed"",""participantId"":8,'"
3934,"b'""physicalDamage"":574,""spellName"":""zede"",""spellSlot"":2,""trueDamage"":0,""type"":""OTHER""},{""basic"":false,""magicDamage"":0,""name"":""Zed""'"
3935,"b',""participantId"":8,""physicalDamage"":442,""spellName"":""zedq"",""spellSlot"":0,""trueDamage"":0,""type"":""OTHER""},{""basic"":true,""magicDama'"
3936,"b'ge"":0,""name"":""SRU_Dragon_Fire"",""participantId"":0,""physicalDamage"":137,""spellName"":""sru_dragon_infernal_attack"",""spellSlot"":64,""t'"
3937,"b'rueDamage"":0,""type"":""MONSTER""},{""basic"":false,""magicDamage"":113,""name"":""Nidalee"",""participantId"":7,""physicalDamage"":0,""spellName'"
3938,"b'"":"""",""spellSlot"":-1,""trueDamage"":27,""type"":""OTHER""},{""basic"":false,""magicDamage"":95,""name"":""Nidalee"",""participantId"":7,""physical'"
3939,"b'Damage"":0,""spellName"":"""",""spellSlot"":-1,""trueDamage"":0,""type"":""OTHER""},{""basic"":false,""magicDamage"":348,""name"":""Nidalee"",""partic'"
3940,"b'ipantId"":7,""physicalDamage"":0,""spellName"":""javelintoss"",""spellSlot"":0,""trueDamage"":0,""type"":""OTHER""}],""victimId"":1},{""level"":18,'"
3941,"b'""participantId"":8,""timestamp"":1756247,""type"":""LEVEL_UP""},{""levelUpType"":""NORMAL"",""participantId"":8,""skillSlot"":2,""timestamp"":175'"
3942,"b'7080,""type"":""SKILL_LEVEL_UP""},{""assistingParticipantIds"":[8],""bounty"":300,""killStreakLength"":0,""killerId"":7,""position"":{""x"":1020'"
3943,"b'3,""y"":4997},""shutdownBounty"":0,""timestamp"":1762290,""type"":""CHAMPION_KILL"",""victimDamageDealt"":[{""basic"":false,""magicDamage"":553,'"
3944,"b'""name"":""Taliyah"",""participantId"":7,""physicalDamage"":0,""spellName"":""taliyahq"",""spellSlot"":0,""trueDamage"":0,""type"":""OTHER""},{""basi'"
3945,"b'c"":false,""magicDamage"":107,""name"":""Taliyah"",""participantId"":7,""physicalDamage"":0,""spellName"":"""",""spellSlot"":-1,""trueDamage"":0,""t'"
3946,"b'ype"":""OTHER""},{""basic"":false,""magicDamage"":75,""name"":""Taliyah"",""participantId"":7,""physicalDamage"":0,""spellName"":"""",""spellSlot"":-'"
3947,"b'1,""trueDamage"":0,""type"":""OTHER""},{""basic"":false,""magicDamage"":236,""name"":""Taliyah"",""participantId"":7,""physicalDamage"":0,""spellNa'"
3948,"b'me"":""taliyahe"",""spellSlot"":2,""trueDamage"":0,""type"":""OTHER""},{""basic"":false,""magicDamage"":326,""name"":""Taliyah"",""participantId"":8,'"
3949,"b'""physicalDamage"":0,""spellName"":""taliyahq"",""spellSlot"":0,""trueDamage"":0,""type"":""OTHER""}],""victimDamageReceived"":[{""basic"":false,""'"
3950,"b'magicDamage"":0,""name"":""Zed"",""participantId"":8,""physicalDamage"":1185,""spellName"":""zedq"",""spellSlot"":0,""trueDamage"":0,""type"":""OTHE'"
3951,"b'R""},{""basic"":true,""magicDamage"":0,""name"":""Zed"",""participantId"":8,""physicalDamage"":0,""spellName"":""zedbasicattack"",""spellSlot"":64,'"
3952,"b'""trueDamage"":0,""type"":""OTHER""},{""basic"":false,""magicDamage"":0,""name"":""Zed"",""participantId"":8,""physicalDamage"":0,""spellName"":"""",""'"
3953,"b'spellSlot"":-1,""trueDamage"":0,""type"":""OTHER""},{""basic"":false,""magicDamage"":0,""name"":""Zed"",""participantId"":8,""physicalDamage"":135,'"
3954,"b'""spellName"":"""",""spellSlot"":-1,""trueDamage"":0,""type"":""OTHER""},{""basic"":false,""magicDamage"":87,""name"":""Zed"",""participantId"":8,""phy'"
3955,"b'sicalDamage"":0,""spellName"":""zedpassive"",""spellSlot"":63,""trueDamage"":0,""type"":""OTHER""},{""basic"":true,""magicDamage"":0,""name"":""SRU_'"
3956,"b'Dragon_Fire"",""participantId"":0,""physicalDamage"":143,""spellName"":""sru_dragon_infernal_attack"",""spellSlot"":64,""trueDamage"":0,""type'"
3957,"b'"":""MONSTER""},{""basic"":false,""magicDamage"":125,""name"":""Nidalee"",""participantId"":7,""physicalDamage"":0,""spellName"":"""",""spellSlot"":-'"
3958,"b'1,""trueDamage"":0,""type"":""OTHER""},{""basic"":false,""magicDamage"":33,""name"":""Nidalee"",""participantId"":7,""physicalDamage"":0,""spellNam'"
3959,"b'e"":""bushwhack"",""spellSlot"":1,""trueDamage"":0,""type"":""OTHER""},{""basic"":false,""magicDamage"":110,""name"":""Nidalee"",""participantId"":7,'"
3960,"b'""physicalDamage"":0,""spellName"":"""",""spellSlot"":-1,""trueDamage"":0,""type"":""OTHER""},{""basic"":false,""magicDamage"":452,""name"":""Nidalee'"
3961,"b'"",""participantId"":7,""physicalDamage"":0,""spellName"":""javelintoss"",""spellSlot"":0,""trueDamage"":0,""type"":""OTHER""}],""victimId"":3},{""b'"
3962,"b'ounty"":300,""killStreakLength"":5,""killerId"":8,""position"":{""x"":7302,""y"":5033},""shutdownBounty"":0,""timestamp"":1762957,""type"":""CHAMP'"
3963,"b'ION_KILL"",""victimDamageDealt"":[{""basic"":false,""magicDamage"":0,""name"":""Ezreal"",""participantId"":8,""physicalDamage"":564,""spellName""'"
3964,"b':"""",""spellSlot"":-1,""trueDamage"":0,""type"":""OTHER""},{""basic"":false,""magicDamage"":0,""name"":""Ezreal"",""participantId"":8,""physicalDama'"
3965,"b'ge"":77,""spellName"":"""",""spellSlot"":-1,""trueDamage"":0,""type"":""OTHER""},{""basic"":true,""magicDamage"":0,""name"":""Ezreal"",""participantId'"
3966,"b'"":8,""physicalDamage"":734,""spellName"":""ezrealbasicattack"",""spellSlot"":64,""trueDamage"":0,""type"":""OTHER""},{""basic"":false,""magicDama'"
3967,"b'ge"":220,""name"":""Ezreal"",""participantId"":8,""physicalDamage"":0,""spellName"":""ezreale"",""spellSlot"":2,""trueDamage"":0,""type"":""OTHER""},'"
3968,"b'{""basic"":false,""magicDamage"":0,""name"":""Ezreal"",""participantId"":8,""physicalDamage"":631,""spellName"":""ezrealq"",""spellSlot"":0,""trueD'"
3969,"b'amage"":0,""type"":""OTHER""}],""victimDamageReceived"":[{""basic"":false,""magicDamage"":0,""name"":""Zed"",""participantId"":8,""physicalDamage""'"
3970,"b':135,""spellName"":"""",""spellSlot"":-1,""trueDamage"":0,""type"":""OTHER""},{""basic"":true,""magicDamage"":0,""name"":""Zed"",""participantId"":8,""'"
3971,"b'physicalDamage"":711,""spellName"":""zedbasicattack"",""spellSlot"":64,""trueDamage"":0,""type"":""OTHER""},{""basic"":false,""magicDamage"":174,'"
3972,"b'""name"":""Zed"",""participantId"":8,""physicalDamage"":0,""spellName"":""zedpassive"",""spellSlot"":63,""trueDamage"":0,""type"":""OTHER""},{""basic'"
3973,"b'"":false,""magicDamage"":0,""name"":""Zed"",""participantId"":8,""physicalDamage"":321,""spellName"":""zede"",""spellSlot"":2,""trueDamage"":0,""typ'"
3974,"b'e"":""OTHER""},{""basic"":false,""magicDamage"":0,""name"":""Zed"",""participantId"":8,""physicalDamage"":557,""spellName"":""zedq"",""spellSlot"":0,'"
3975,"b'""trueDamage"":0,""type"":""OTHER""}],""victimId"":4},{""killType"":""KILL_MULTI"",""killerId"":8,""multiKillLength"":2,""position"":{""x"":7883,""y""'"
3976,"b':5139},""timestamp"":1762957,""type"":""CHAMPION_SPECIAL_KILL""},{""killType"":""KILL_ACE"",""killerId"":8,""position"":{""x"":7883,""y"":5139},""t'"
3977,"b'imestamp"":1762957,""type"":""CHAMPION_SPECIAL_KILL""},{""itemId"":1036,""participantId"":4,""timestamp"":1767533,""type"":""ITEM_PURCHASED""},'"
3978,"b'{""gameId"":6632482113,""realTimestamp"":1691145246151,""timestamp"":1779211,""type"":""GAME_END"",""winningTeam"":200}],""participantFrames""'"
3979,"b':{""1"":{""championStats"":{""abilityHaste"":0,""abilityPower"":500,""armor"":104,""armorPen"":0,""armorPenPercent"":0,""attackDamage"":112,""att'"
3980,"b'ackSpeed"":126,""bonusArmorPenPercent"":0,""bonusMagicPenPercent"":0,""ccReduction"":25,""cooldownReduction"":0,""health"":0,""healthMax"":27'"
3981,"b'44,""healthRegen"":31,""lifesteal"":0,""magicPen"":16,""magicPenPercent"":0,""magicResist"":58,""movementSpeed"":429,""omnivamp"":0,""physicalV'"
3982,"b'amp"":0,""power"":0,""powerMax"":150,""powerRegen"":0,""spellVamp"":0},""currentGold"":1885,""damageStats"":{""magicDamageDone"":131265,""magicD'"
3983,"b'amageDoneToChampions"":24236,""magicDamageTaken"":6717,""physicalDamageDone"":13903,""physicalDamageDoneToChampions"":304,""physicalDama'"
3984,"b'geTaken"":10785,""totalDamageDone"":146302,""totalDamageDoneToChampions"":25471,""totalDamageTaken"":17878,""trueDamageDone"":1132,""trueD'"
3985,"b'amageDoneToChampions"":930,""trueDamageTaken"":376},""goldPerSecond"":0,""jungleMinionsKilled"":0,""level"":16,""minionsKilled"":227,""parti'"
3986,"b'cipantId"":1,""position"":{""x"":9538,""y"":6179},""timeEnemySpentControlled"":264735,""totalGold"":13785,""xp"":16177},""2"":{""championStats"":'"
3987,"b'{""abilityHaste"":0,""abilityPower"":0,""armor"":104,""armorPen"":0,""armorPenPercent"":0,""attackDamage"":194,""attackSpeed"":206,""bonusArmor'"
3988,"b'PenPercent"":0,""bonusMagicPenPercent"":0,""ccReduction"":0,""cooldownReduction"":0,""health"":0,""healthMax"":2244,""healthRegen"":25,""lifes'"
3989,"b'teal"":0,""magicPen"":0,""magicPenPercent"":0,""magicResist"":54,""movementSpeed"":443,""omnivamp"":0,""physicalVamp"":0,""power"":59,""powerMax'"
3990,"b'"":60,""powerRegen"":0,""spellVamp"":0},""currentGold"":554,""damageStats"":{""magicDamageDone"":24062,""magicDamageDoneToChampions"":1489,""m'"
3991,"b'agicDamageTaken"":7414,""physicalDamageDone"":119568,""physicalDamageDoneToChampions"":4680,""physicalDamageTaken"":24155,""totalDamageD'"
3992,"b'one"":174855,""totalDamageDoneToChampions"":7156,""totalDamageTaken"":32785,""trueDamageDone"":31225,""trueDamageDoneToChampions"":986,""t'"
3993,"b'rueDamageTaken"":1214},""goldPerSecond"":0,""jungleMinionsKilled"":124,""level"":13,""minionsKilled"":39,""participantId"":2,""position"":{""x'"
3994,"b'"":9798,""y"":6258},""timeEnemySpentControlled"":388534,""totalGold"":9159,""xp"":11330},""3"":{""championStats"":{""abilityHaste"":0,""abilityP'"
3995,"b'ower"":248,""armor"":86,""armorPen"":0,""armorPenPercent"":0,""attackDamage"":106,""attackSpeed"":128,""bonusArmorPenPercent"":0,""bonusMagicP'"
3996,"b'enPercent"":0,""ccReduction"":0,""cooldownReduction"":0,""health"":0,""healthMax"":2312,""healthRegen"":30,""lifesteal"":0,""magicPen"":29,""mag'"
3997,"b'icPenPercent"":0,""magicResist"":47,""movementSpeed"":401,""omnivamp"":0,""physicalVamp"":0,""power"":1977,""powerMax"":2577,""powerRegen"":37,'"
3998,"b'""spellVamp"":0},""currentGold"":181,""damageStats"":{""magicDamageDone"":121070,""magicDamageDoneToChampions"":19976,""magicDamageTaken"":5'"
3999,"b'993,""physicalDamageDone"":8026,""physicalDamageDoneToChampions"":355,""physicalDamageTaken"":10405,""totalDamageDone"":131004,""totalDam'"
4000,"b'ageDoneToChampions"":20332,""totalDamageTaken"":17051,""trueDamageDone"":1907,""trueDamageDoneToChampions"":0,""trueDamageTaken"":652},""g'"
4001,"b'oldPerSecond"":0,""jungleMinionsKilled"":0,""level"":15,""minionsKilled"":201,""participantId"":3,""position"":{""x"":10203,""y"":4997},""timeEn'"
4002,"b'emySpentControlled"":445920,""totalGold"":10070,""xp"":13823},""4"":{""championStats"":{""abilityHaste"":0,""abilityPower"":0,""armor"":81,""arm'"
4003,"b'orPen"":0,""armorPenPercent"":30,""attackDamage"":298,""attackSpeed"":170,""bonusArmorPenPercent"":0,""bonusMagicPenPercent"":0,""ccReductio'"
4004,"b'n"":0,""cooldownReduction"":0,""health"":0,""healthMax"":2101,""healthRegen"":22,""lifesteal"":5,""magicPen"":0,""magicPenPercent"":0,""magicRes'"
4005,"b'ist"":44,""movementSpeed"":413,""omnivamp"":0,""physicalVamp"":0,""power"":1447,""powerMax"":2121,""powerRegen"":38,""spellVamp"":0},""currentGo'"
4006,"b'ld"":139,""damageStats"":{""magicDamageDone"":14443,""magicDamageDoneToChampions"":4604,""magicDamageTaken"":4735,""physicalDamageDone"":13'"
4007,"b'8958,""physicalDamageDoneToChampions"":18471,""physicalDamageTaken"":18830,""totalDamageDone"":157290,""totalDamageDoneToChampions"":231'"
4008,"b'81,""totalDamageTaken"":24476,""trueDamageDone"":3888,""trueDamageDoneToChampions"":105,""trueDamageTaken"":910},""goldPerSecond"":0,""jung'"
4009,"b'leMinionsKilled"":8,""level"":13,""minionsKilled"":215,""participantId"":4,""position"":{""x"":7302,""y"":5033},""timeEnemySpentControlled"":19'"
4010,"b'121,""totalGold"":11127,""xp"":10610},""5"":{""championStats"":{""abilityHaste"":0,""abilityPower"":98,""armor"":109,""armorPen"":0,""armorPenPer'"
4011,"b'cent"":0,""attackDamage"":101,""attackSpeed"":129,""bonusArmorPenPercent"":0,""bonusMagicPenPercent"":0,""ccReduction"":0,""cooldownReductio'"
4012,"b'n"":0,""health"":0,""healthMax"":2534,""healthRegen"":64,""lifesteal"":0,""magicPen"":0,""magicPenPercent"":0,""magicResist"":52,""movementSpeed'"
4013,"b'"":406,""omnivamp"":0,""physicalVamp"":0,""power"":412,""powerMax"":807,""powerRegen"":54,""spellVamp"":0},""currentGold"":270,""damageStats"":{""'"
4014,"b'magicDamageDone"":8760,""magicDamageDoneToChampions"":4412,""magicDamageTaken"":7127,""physicalDamageDone"":6793,""physicalDamageDoneToC'"
4015,"b'hampions"":1479,""physicalDamageTaken"":19440,""totalDamageDone"":23267,""totalDamageDoneToChampions"":6977,""totalDamageTaken"":27893,""t'"
4016,"b'rueDamageDone"":7713,""trueDamageDoneToChampions"":1086,""trueDamageTaken"":1326},""goldPerSecond"":30,""jungleMinionsKilled"":0,""level"":'"
4017,"b'12,""minionsKilled"":41,""participantId"":5,""position"":{""x"":9824,""y"":6926},""timeEnemySpentControlled"":124535,""totalGold"":7785,""xp"":9'"
4018,"b'402},""6"":{""championStats"":{""abilityHaste"":0,""abilityPower"":166,""armor"":177,""armorPen"":0,""armorPenPercent"":0,""attackDamage"":131,""'"
4019,"b'attackSpeed"":143,""bonusArmorPenPercent"":0,""bonusMagicPenPercent"":0,""ccReduction"":47,""cooldownReduction"":0,""health"":3029,""healthM'"
4020,"b'ax"":3029,""healthRegen"":33,""lifesteal"":0,""magicPen"":0,""magicPenPercent"":0,""magicResist"":164,""movementSpeed"":395,""omnivamp"":0,""phy'"
4021,"b'sicalVamp"":0,""power"":985,""powerMax"":994,""powerRegen"":28,""spellVamp"":0},""currentGold"":1653,""damageStats"":{""magicDamageDone"":85207'"
4022,"b',""magicDamageDoneToChampions"":8060,""magicDamageTaken"":12002,""physicalDamageDone"":29473,""physicalDamageDoneToChampions"":1844,""phy'"
4023,"b'sicalDamageTaken"":11083,""totalDamageDone"":114692,""totalDamageDoneToChampions"":9915,""totalDamageTaken"":23701,""trueDamageDone"":10,'"
4024,"b'""trueDamageDoneToChampions"":10,""trueDamageTaken"":615},""goldPerSecond"":0,""jungleMinionsKilled"":4,""level"":16,""minionsKilled"":191,""'"
4025,"b'participantId"":6,""position"":{""x"":4623,""y"":4768},""timeEnemySpentControlled"":1718140,""totalGold"":11343,""xp"":15953},""7"":{""championS'"
4026,"b'tats"":{""abilityHaste"":0,""abilityPower"":321,""armor"":110,""armorPen"":0,""armorPenPercent"":0,""attackDamage"":143,""attackSpeed"":156,""bo'"
4027,"b'nusArmorPenPercent"":0,""bonusMagicPenPercent"":0,""ccReduction"":6,""cooldownReduction"":0,""health"":1446,""healthMax"":2527,""healthRegen'"
4028,"b'"":282,""lifesteal"":0,""magicPen"":0,""magicPenPercent"":0,""magicResist"":93,""movementSpeed"":461,""omnivamp"":0,""physicalVamp"":0,""power"":'"
4029,"b'879,""powerMax"":946,""powerRegen"":197,""spellVamp"":0},""currentGold"":3259,""damageStats"":{""magicDamageDone"":153212,""magicDamageDoneTo'"
4030,"b'Champions"":11918,""magicDamageTaken"":16229,""physicalDamageDone"":18044,""physicalDamageDoneToChampions"":457,""physicalDamageTaken"":1'"
4031,"b'9307,""totalDamageDone"":214254,""totalDamageDoneToChampions"":13831,""totalDamageTaken"":35777,""trueDamageDone"":42997,""trueDamageDone'"
4032,"b'ToChampions"":1454,""trueDamageTaken"":240},""goldPerSecond"":0,""jungleMinionsKilled"":169,""level"":16,""minionsKilled"":16,""participantI'"
4033,"b'd"":7,""position"":{""x"":6776,""y"":3120},""timeEnemySpentControlled"":181572,""totalGold"":11384,""xp"":15740},""8"":{""championStats"":{""abili'"
4034,"b'tyHaste"":0,""abilityPower"":39,""armor"":111,""armorPen"":0,""armorPenPercent"":18,""attackDamage"":459,""attackSpeed"":156,""bonusArmorPenPe'"
4035,"b'rcent"":0,""bonusMagicPenPercent"":0,""ccReduction"":6,""cooldownReduction"":0,""health"":768,""healthMax"":3062,""healthRegen"":342,""lifeste'"
4036,"b'al"":10,""magicPen"":0,""magicPenPercent"":0,""magicResist"":71,""movementSpeed"":541,""omnivamp"":0,""physicalVamp"":0,""power"":200,""powerMax'"
4037,"b'"":200,""powerRegen"":170,""spellVamp"":0},""currentGold"":1954,""damageStats"":{""magicDamageDone"":18098,""magicDamageDoneToChampions"":244'"
4038,"b'8,""magicDamageTaken"":10340,""physicalDamageDone"":209255,""physicalDamageDoneToChampions"":29282,""physicalDamageTaken"":8841,""totalDa'"
4039,"b'mageDone"":229500,""totalDamageDoneToChampions"":33406,""totalDamageTaken"":19570,""trueDamageDone"":2146,""trueDamageDoneToChampions"":1'"
4040,"b'674,""trueDamageTaken"":388},""goldPerSecond"":0,""jungleMinionsKilled"":30,""level"":18,""minionsKilled"":241,""participantId"":8,""position'"
4041,"b'"":{""x"":1312,""y"":4771},""timeEnemySpentControlled"":189459,""totalGold"":17858,""xp"":18938},""9"":{""championStats"":{""abilityHaste"":0,""ab'"
4042,"b'ilityPower"":0,""armor"":94,""armorPen"":0,""armorPenPercent"":18,""attackDamage"":437,""attackSpeed"":187,""bonusArmorPenPercent"":0,""bonusM'"
4043,"b'agicPenPercent"":0,""ccReduction"":6,""cooldownReduction"":0,""health"":2173,""healthMax"":2173,""healthRegen"":26,""lifesteal"":23,""magicPen'"
4044,"b'"":0,""magicPenPercent"":0,""magicResist"":98,""movementSpeed"":390,""omnivamp"":0,""physicalVamp"":0,""power"":1030,""powerMax"":1062,""powerRe'"
4045,"b'gen"":37,""spellVamp"":0},""currentGold"":504,""damageStats"":{""magicDamageDone"":5650,""magicDamageDoneToChampions"":3201,""magicDamageTak'"
4046,"b'en"":8010,""physicalDamageDone"":192523,""physicalDamageDoneToChampions"":29442,""physicalDamageTaken"":10829,""totalDamageDone"":199874,'"
4047,"b'""totalDamageDoneToChampions"":33091,""totalDamageTaken"":19349,""trueDamageDone"":1701,""trueDamageDoneToChampions"":448,""trueDamageTak'"
4048,"b'en"":509},""goldPerSecond"":0,""jungleMinionsKilled"":16,""level"":16,""minionsKilled"":254,""participantId"":9,""position"":{""x"":8370,""y"":81'"
4049,"b'03},""timeEnemySpentControlled"":115270,""totalGold"":15708,""xp"":15525},""10"":{""championStats"":{""abilityHaste"":0,""abilityPower"":22,""a'"
4050,"b'rmor"":164,""armorPen"":0,""armorPenPercent"":0,""attackDamage"":92,""attackSpeed"":114,""bonusArmorPenPercent"":0,""bonusMagicPenPercent"":0'"
4051,"b',""ccReduction"":6,""cooldownReduction"":0,""health"":0,""healthMax"":2583,""healthRegen"":63,""lifesteal"":0,""magicPen"":0,""magicPenPercent""'"
4052,"b':0,""magicResist"":78,""movementSpeed"":375,""omnivamp"":0,""physicalVamp"":0,""power"":766,""powerMax"":1043,""powerRegen"":18,""spellVamp"":0}'"
4053,"b',""currentGold"":686,""damageStats"":{""magicDamageDone"":7532,""magicDamageDoneToChampions"":4356,""magicDamageTaken"":12441,""physicalDam'"
4054,"b'ageDone"":4403,""physicalDamageDoneToChampions"":974,""physicalDamageTaken"":10730,""totalDamageDone"":18204,""totalDamageDoneToChampion'"
4055,"b's"":6222,""totalDamageTaken"":24526,""trueDamageDone"":6268,""trueDamageDoneToChampions"":891,""trueDamageTaken"":1353},""goldPerSecond"":3'"
4056,"b'0,""jungleMinionsKilled"":4,""level"":12,""minionsKilled"":32,""participantId"":10,""position"":{""x"":9798,""y"":6258},""timeEnemySpentControl'"
4057,"b'led"":187738,""totalGold"":8016,""xp"":9824}},""timestamp"":1779211}],""gameId"":6632482113,""participants"":[{""participantId"":1,""puuid"":""-'"
4058,"b'MNv4a8lMHKEk5BftYZb_P8q4XNabx_tRbKnrq7QWylj9xGfzZfwLdpE1y2coHOH-0aXnBlLKhsu9A""},{""participantId"":2,""puuid"":""qSu3azoL2wiIT2JhfHtb'"
4059,"b'0VB8h1be7rrOjoSvsEobYMpyNoXcKeM7mvC7fGi1hw3Prq3WwviW4HSILQ""},{""participantId"":3,""puuid"":""u_v6cR64A5h4HVkTL3YEzP4mV9aJWkkk9fVUNQV'"
4060,"b'3BrTUns3TgBToRFinCP4ylUnMKkAE7rZxyaYqzw""},{""participantId"":4,""puuid"":""hTGF2Im2zW4X0m2DgbHbYtXQRsR1smDO2XzhlSmaDAPcPHFIUv2UyP6qUI'"
4061,"b'zXfYcyxiEMG331g6OXRQ""},{""participantId"":5,""puuid"":""h-8rCAXyRfGOKo1GEw8sG3qdox5PlT63z6dFh9bP5S8WTPGYhiym7wkhPejpQ4mLjioD1lPMOPT3p'"
4062,"b'Q""},{""participantId"":6,""puuid"":""7UurfBBid66wUQdpO7Fu2neLPKuFUZ1VMdBqcRh9vzgHwRBuaeJahGKKTtqNsaoj9ymKfIwS_vxZnQ""},{""participantId'"
4063,"b'"":7,""puuid"":""L0FXh-OsMs8ZhSFLmW74G7PZ5wjliW-_GW7Gvt68j2hA-EpaAvHtC_Vl2qkA6G9PBDub6I5f1i5TDA""},{""participantId"":8,""puuid"":""Fn7o9W'"
4064,"b'-mnQKP6s71lu46aOx0aJbNPvpSWWMDXj3WgZ2ierRog6aOJ2hpt4FM6qcGHZARWr_cmHNNhA""},{""participantId"":9,""puuid"":""dyGEPqJ3KrbWX3J4w-taAPX4q'"
4065,"b'bPbAc2pUazw0hE9hDScTvMnOFnl--Q7mQyZIGfgRKZXFihwSuXa1Q""},{""participantId"":10,""puuid"":""xknnkJ1ltfiZluhUpcZo-TOBqh47ZnY4xYM_WA-axOg'"
4066,"b'VpnbibZSyAnec-88a-YZ55ZQDhrymDRia2A""}]}}'"
