,0
0,"b'{""metadata"":{""dataVersion"":""2"",""matchId"":""KR_6637595131"",""participants"":[""anzKGs8IhPfJgBF8xtAFP60jyNI0u-R8K30yOpJEcO6-gu8pwX_5EF'"
1,"b'GqQvGmMPt1bBfu4lycQrgD1Q"",""h8LUo-rSDp5fln_41Y9bs8e97qZ-voW8e9JnVSIqZbfrO9LRi5SojFjARTdmWRKknA1JGTfaWaUH3A"",""oVa7Xp04TQFfEdd9x1PK'"
2,"b'UTdiYjNNcjG8fLYpT63b8opb30E-cwzL-VUVNuhohbdiwmBM4v87ipciwA"",""ne9cLxBEKMZa8zujBU-4eU4pFBO3YLBGNJWKys5GfX0QsD9oxp-sywKvaP_0a1-ih3t'"
3,"b'nV_tHL011bw"",""NlAu05uDk78dpRFWFNQMQzVd4nQzRiPZIJShF_MezAuT2-rrkKZwNaLVtggdqEcx47k4hzhjnr3_0w"",""lmnJM08vWc4by13rLmSdmT95MNtDQZSfS'"
4,"b'qMzkReEP4C8Q2cn4WSAVxn-eVDQCgHGwYtBCB3TOvuICQ"",""OTGt-vjb8VoONpU5hWKSr8ImqjDI7iU1g53V8LAIV5S2MliUA8YuHp2uvS2aipKbJyPZd69-dT2FDA"",'"
5,"b'""ZxUAmFepizwGsjDA9dcaJcUxrmm37WO4D0PvW0NN_KZz_BxFdYADGsH7JMIwHiVtcdjnUDpsE5yfuA"",""az0CNeeccbYbYmycGxMZx81CZ1YW3MHvVUaBARF840V_8n'"
6,"b'zG9bgl1-fyJcnBP8iqca0dbDAwVp2cIQ"",""x1--3eY_K6wnIer1yvScRmkYRlo8UhNzCTie957Hfbcq8-dkfCd450IQEvKuVp3mnrvEq_aWNXQ4XA""]},""info"":{""ga'"
7,"b'meCreation"":1691342056937,""gameDuration"":1129,""gameEndTimestamp"":1691343206139,""gameId"":6637595131,""gameMode"":""CLASSIC"",""gameNam'"
8,"b'e"":""teambuilder-match-6637595131"",""gameStartTimestamp"":1691342076823,""gameType"":""MATCHED_GAME"",""gameVersion"":""13.15.524.1760"",""m'"
9,"b'apId"":11,""participants"":[{""allInPings"":0,""assistMePings"":0,""assists"":5,""baitPings"":0,""baronKills"":0,""basicPings"":0,""bountyLevel""'"
10,"b':0,""challenges"":{""12AssistStreakCount"":0,""abilityUses"":215,""acesBefore15Minutes"":0,""alliedJungleMonsterKills"":0,""baronTakedowns""'"
11,"b':0,""blastConeOppositeOpponentCount"":0,""bountyGold"":0,""buffsStolen"":0,""completeSupportQuestInTime"":0,""controlWardsPlaced"":0,""dama'"
12,"b'gePerMinute"":502.3204793016218,""damageTakenOnTeamPercentage"":0.2833828870217035,""dancedWithRiftHerald"":0,""deathsByEnemyChamps"":4'"
13,"b',""dodgeSkillShotsSmallWindow"":2,""doubleAces"":0,""dragonTakedowns"":0,""earlyLaningPhaseGoldExpAdvantage"":0,""effectiveHealAndShieldi'"
14,"b'ng"":0,""elderDragonKillsWithOpposingSoul"":0,""elderDragonMultikills"":0,""enemyChampionImmobilizations"":43,""enemyJungleMonsterKills""'"
15,"b':0,""epicMonsterKillsNearEnemyJungler"":0,""epicMonsterKillsWithin30SecondsOfSpawn"":0,""epicMonsterSteals"":0,""epicMonsterStolenWitho'"
16,"b'utSmite"":0,""firstTurretKilled"":1,""firstTurretKilledTime"":796.1909481,""flawlessAces"":0,""fullTeamTakedown"":0,""gameLength"":1129.464'"
17,"b'9577,""getTakedownsInAllLanesEarlyJungleAsLaner"":0,""goldPerMinute"":391.2376007274245,""hadOpenNexus"":0,""highestCrowdControlScore"":'"
18,"b'1,""immobilizeAndKillWithAlly"":1,""initialBuffCount"":0,""initialCrabCount"":0,""jungleCsBefore10Minutes"":0,""junglerTakedownsNearDamag'"
19,"b'edEpicMonster"":0,""kTurretsDestroyedBeforePlatesFall"":0,""kda"":1.75,""killAfterHiddenWithAlly"":0,""killParticipation"":0.368421052631'"
20,"b'5789,""killedChampTookFullTeamDamageSurvived"":0,""killingSprees"":0,""killsNearEnemyTurret"":0,""killsOnOtherLanesEarlyJungleAsLaner"":'"
21,"b'0,""killsOnRecentlyHealedByAramPack"":0,""killsUnderOwnTurret"":1,""killsWithHelpFromEpicMonster"":0,""knockEnemyIntoTeamAndKill"":1,""la'"
22,"b'ndSkillShotsEarlyGame"":0,""laneMinionsFirst10Minutes"":85,""laningPhaseGoldExpAdvantage"":0,""legendaryCount"":0,""lostAnInhibitor"":0,""'"
23,"b'maxCsAdvantageOnLaneOpponent"":25,""maxKillDeficit"":0,""maxLevelLeadLaneOpponent"":1,""mejaisFullStackInTime"":0,""moreEnemyJungleThanO'"
24,"b'pponent"":0,""multiKillOneSpell"":0,""multiTurretRiftHeraldCount"":0,""multikills"":0,""multikillsAfterAggressiveFlash"":0,""mythicItemUse'"
25,"b'd"":6662,""outerTurretExecutesBefore10Minutes"":0,""outnumberedKills"":1,""outnumberedNexusKill"":0,""perfectDragonSoulsTaken"":0,""perfec'"
26,"b'tGame"":0,""pickKillWithAlly"":5,""playedChampSelectPosition"":1,""poroExplosions"":0,""quickCleanse"":0,""quickFirstTurret"":0,""quickSoloK'"
27,"b'ills"":0,""riftHeraldTakedowns"":0,""saveAllyFromDeath"":0,""scuttleCrabKills"":0,""skillshotsDodged"":18,""skillshotsHit"":0,""snowballsHit'"
28,"b'"":0,""soloBaronKills"":0,""soloKills"":2,""stealthWardsPlaced"":4,""survivedSingleDigitHpCount"":0,""survivedThreeImmobilizesInFight"":2,""'"
29,"b'takedownOnFirstTurret"":0,""takedowns"":7,""takedownsAfterGainingLevelAdvantage"":0,""takedownsBeforeJungleMinionSpawn"":0,""takedownsFi'"
30,"b'rstXMinutes"":2,""takedownsInAlcove"":0,""takedownsInEnemyFountain"":0,""teamBaronKills"":0,""teamDamagePercentage"":0.2533269296288649,""'"
31,"b'teamElderDragonKills"":0,""teamRiftHeraldKills"":2,""tookLargeDamageSurvived"":0,""turretPlatesTaken"":0,""turretTakedowns"":0,""turretsTa'"
32,"b'kenWithRiftHerald"":5,""twentyMinionsIn3SecondsCount"":7,""twoWardsOneSweeperCount"":0,""unseenRecalls"":0,""visionScoreAdvantageLaneOpp'"
33,"b'onent"":-0.07632243633270264,""visionScorePerMinute"":0.5757883088465364,""wardTakedowns"":0,""wardTakedownsBefore20M"":0,""wardsGuarded'"
34,"b'"":0},""champExperience"":10554,""champLevel"":13,""championId"":897,""championName"":""KSante"",""championTransform"":0,""commandPings"":5,""co'"
35,"b'nsumablesPurchased"":3,""damageDealtToBuildings"":238,""damageDealtToObjectives"":238,""damageDealtToTurrets"":238,""damageSelfMitigated'"
36,"b'"":18731,""dangerPings"":0,""deaths"":4,""detectorWardsPlaced"":0,""doubleKills"":0,""dragonKills"":0,""eligibleForProgression"":true,""enemyM'"
37,"b'issingPings"":13,""enemyVisionPings"":0,""firstBloodAssist"":false,""firstBloodKill"":false,""firstTowerAssist"":false,""firstTowerKill"":f'"
38,"b'alse,""gameEndedInEarlySurrender"":false,""gameEndedInSurrender"":true,""getBackPings"":6,""goldEarned"":7364,""goldSpent"":7400,""holdPing'"
39,"b's"":0,""individualPosition"":""TOP"",""inhibitorKills"":0,""inhibitorTakedowns"":0,""inhibitorsLost"":0,""item0"":3047,""item1"":6662,""item2"":3'"
40,"b'068,""item3"":0,""item4"":0,""item5"":0,""item6"":3363,""itemsPurchased"":17,""killingSprees"":0,""kills"":2,""lane"":""NONE"",""largestCriticalStr'"
41,"b'ike"":0,""largestKillingSpree"":0,""largestMultiKill"":1,""longestTimeSpentLiving"":319,""magicDamageDealt"":4060,""magicDamageDealtToCham'"
42,"b'pions"":969,""magicDamageTaken"":3606,""needVisionPings"":0,""neutralMinionsKilled"":0,""nexusKills"":0,""nexusLost"":0,""nexusTakedowns"":0,'"
43,"b'""objectivesStolen"":0,""objectivesStolenAssists"":0,""onMyWayPings"":1,""participantId"":1,""pentaKills"":0,""perks"":{""statPerks"":{""defens'"
44,"b'e"":5002,""flex"":5002,""offense"":5005},""styles"":[{""description"":""primaryStyle"",""selections"":[{""perk"":8437,""var1"":983,""var2"":561,""va'"
45,"b'r3"":0},{""perk"":8401,""var1"":237,""var2"":0,""var3"":0},{""perk"":8444,""var1"":846,""var2"":0,""var3"":0},{""perk"":8242,""var1"":86,""var2"":0,""va'"
46,"b'r3"":0}],""style"":8400},{""description"":""subStyle"",""selections"":[{""perk"":8345,""var1"":3,""var2"":0,""var3"":0},{""perk"":8347,""var1"":0,""va'"
47,"b'r2"":0,""var3"":0}],""style"":8300}]},""physicalDamageDealt"":67836,""physicalDamageDealtToChampions"":8290,""physicalDamageTaken"":10029,""'"
48,"b'placement"":0,""playerAugment1"":0,""playerAugment2"":0,""playerAugment3"":0,""playerAugment4"":0,""playerSubteamId"":0,""profileIcon"":4896,'"
49,"b'""pushPings"":0,""puuid"":""anzKGs8IhPfJgBF8xtAFP60jyNI0u-R8K30yOpJEcO6-gu8pwX_5EFGqQvGmMPt1bBfu4lycQrgD1Q"",""quadraKills"":0,""riotIdNa'"
50,"b'me"":"""",""riotIdTagline"":"""",""role"":""SUPPORT"",""sightWardsBoughtInGame"":0,""spell1Casts"":145,""spell2Casts"":15,""spell3Casts"":49,""spell'"
51,"b'4Casts"":6,""subteamPlacement"":0,""summoner1Casts"":3,""summoner1Id"":12,""summoner2Casts"":4,""summoner2Id"":4,""summonerId"":""J6O6O-f1AUwF'"
52,"b'EdfZqP4Qkgtu8iWLT_kbpXXoNlGuog8l7X4"",""summonerLevel"":1182,""summonerName"":""asdasdasdasdff"",""teamEarlySurrendered"":false,""teamId"":'"
53,"b'100,""teamPosition"":""TOP"",""timeCCingOthers"":29,""timePlayed"":1129,""totalAllyJungleMinionsKilled"":0,""totalDamageDealt"":72092,""total'"
54,"b'DamageDealtToChampions"":9455,""totalDamageShieldedOnTeammates"":0,""totalDamageTaken"":15307,""totalEnemyJungleMinionsKilled"":0,""tota'"
55,"b'lHeal"":2695,""totalHealsOnTeammates"":0,""totalMinionsKilled"":166,""totalTimeCCDealt"":1374,""totalTimeSpentDead"":106,""totalUnitsHeale'"
56,"b'd"":1,""tripleKills"":0,""trueDamageDealt"":196,""trueDamageDealtToChampions"":196,""trueDamageTaken"":1671,""turretKills"":0,""turretTakedo'"
57,"b'wns"":0,""turretsLost"":0,""unrealKills"":0,""visionClearedPings"":0,""visionScore"":10,""visionWardsBoughtInGame"":0,""wardsKilled"":0,""ward'"
58,"b'sPlaced"":6,""win"":true},{""allInPings"":0,""assistMePings"":2,""assists"":3,""baitPings"":0,""baronKills"":0,""basicPings"":0,""bountyLevel"":8'"
59,"b',""challenges"":{""12AssistStreakCount"":0,""abilityUses"":303,""acesBefore15Minutes"":0,""alliedJungleMonsterKills"":45,""baronTakedowns"":'"
60,"b'0,""blastConeOppositeOpponentCount"":0,""bountyGold"":0,""buffsStolen"":0,""completeSupportQuestInTime"":0,""controlWardTimeCoverageInRiv'"
61,"b'erOrEnemyHalf"":0.7835419320154442,""controlWardsPlaced"":5,""damagePerMinute"":591.3592850227743,""damageTakenOnTeamPercentage"":0.312'"
62,"b'00886628576396,""dancedWithRiftHerald"":0,""deathsByEnemyChamps"":0,""dodgeSkillShotsSmallWindow"":1,""doubleAces"":0,""dragonTakedowns"":'"
63,"b'3,""earliestDragonTakedown"":353.8343168,""earlyLaningPhaseGoldExpAdvantage"":0,""effectiveHealAndShielding"":0,""elderDragonKillsWithO'"
64,"b'pposingSoul"":0,""elderDragonMultikills"":0,""enemyChampionImmobilizations"":0,""enemyJungleMonsterKills"":8,""epicMonsterKillsNearEnemy'"
65,"b'Jungler"":0,""epicMonsterKillsWithin30SecondsOfSpawn"":0,""epicMonsterSteals"":0,""epicMonsterStolenWithoutSmite"":0,""fastestLegendary""'"
66,"b':1115.899933,""firstTurretKilled"":1,""firstTurretKilledTime"":796.1909481,""flawlessAces"":0,""fullTeamTakedown"":0,""gameLength"":1129.4'"
67,"b'649577,""goldPerMinute"":512.6226643777707,""hadOpenNexus"":0,""highestChampionDamage"":1,""highestWardKills"":1,""immobilizeAndKillWithA'"
68,"b'lly"":0,""initialBuffCount"":2,""initialCrabCount"":1,""jungleCsBefore10Minutes"":59.6000000834465,""junglerKillsEarlyJungle"":0,""jungler'"
69,"b'TakedownsNearDamagedEpicMonster"":1,""kTurretsDestroyedBeforePlatesFall"":0,""kda"":11,""killAfterHiddenWithAlly"":1,""killParticipation'"
70,"b'"":0.5789473684210527,""killedChampTookFullTeamDamageSurvived"":0,""killingSprees"":1,""killsNearEnemyTurret"":0,""killsOnLanersEarlyJun'"
71,"b'gleAsJungler"":2,""killsOnRecentlyHealedByAramPack"":0,""killsUnderOwnTurret"":0,""killsWithHelpFromEpicMonster"":0,""knockEnemyIntoTeam'"
72,"b'AndKill"":0,""landSkillShotsEarlyGame"":2,""laneMinionsFirst10Minutes"":0,""laningPhaseGoldExpAdvantage"":0,""legendaryCount"":1,""lostAnI'"
73,"b'nhibitor"":0,""maxCsAdvantageOnLaneOpponent"":23.599999994039536,""maxKillDeficit"":0,""maxLevelLeadLaneOpponent"":2,""mejaisFullStackIn'"
74,"b'Time"":0,""moreEnemyJungleThanOpponent"":-43.90000006556511,""multiKillOneSpell"":0,""multiTurretRiftHeraldCount"":0,""multikills"":2,""mu'"
75,"b'ltikillsAfterAggressiveFlash"":0,""outerTurretExecutesBefore10Minutes"":0,""outnumberedKills"":3,""outnumberedNexusKill"":0,""perfectDra'"
76,"b'gonSoulsTaken"":0,""perfectGame"":0,""pickKillWithAlly"":9,""playedChampSelectPosition"":1,""poroExplosions"":0,""quickCleanse"":0,""quickFi'"
77,"b'rstTurret"":0,""quickSoloKills"":1,""riftHeraldTakedowns"":2,""saveAllyFromDeath"":0,""scuttleCrabKills"":4,""skillshotsDodged"":9,""skillsh'"
78,"b'otsHit"":25,""snowballsHit"":0,""soloBaronKills"":0,""soloKills"":1,""stealthWardsPlaced"":1,""survivedSingleDigitHpCount"":0,""survivedThre'"
79,"b'eImmobilizesInFight"":0,""takedownOnFirstTurret"":0,""takedowns"":11,""takedownsAfterGainingLevelAdvantage"":0,""takedownsBeforeJungleMi'"
80,"b'nionSpawn"":0,""takedownsFirstXMinutes"":5,""takedownsInAlcove"":0,""takedownsInEnemyFountain"":0,""teamBaronKills"":0,""teamDamagePercent'"
81,"b'age"":0.2982303890747552,""teamElderDragonKills"":0,""teamRiftHeraldKills"":2,""tookLargeDamageSurvived"":0,""turretPlatesTaken"":3,""turr'"
82,"b'etTakedowns"":1,""turretsTakenWithRiftHerald"":5,""twentyMinionsIn3SecondsCount"":0,""twoWardsOneSweeperCount"":0,""unseenRecalls"":0,""vi'"
83,"b'sionScoreAdvantageLaneOpponent"":1.246769666671753,""visionScorePerMinute"":2.391715319861778,""wardTakedowns"":7,""wardTakedownsBefor'"
84,"b'e20M"":7,""wardsGuarded"":1},""champExperience"":9783,""champLevel"":12,""championId"":121,""championName"":""Khazix"",""championTransform"":0,'"
85,"b'""commandPings"":17,""consumablesPurchased"":7,""damageDealtToBuildings"":407,""damageDealtToObjectives"":44931,""damageDealtToTurrets"":4'"
86,"b'07,""damageSelfMitigated"":9422,""dangerPings"":0,""deaths"":0,""detectorWardsPlaced"":5,""doubleKills"":1,""dragonKills"":3,""eligibleForPro'"
87,"b'gression"":true,""enemyMissingPings"":31,""enemyVisionPings"":2,""firstBloodAssist"":false,""firstBloodKill"":false,""firstTowerAssist"":fa'"
88,"b'lse,""firstTowerKill"":false,""gameEndedInEarlySurrender"":false,""gameEndedInSurrender"":true,""getBackPings"":14,""goldEarned"":9649,""go'"
89,"b'ldSpent"":8175,""holdPings"":2,""individualPosition"":""JUNGLE"",""inhibitorKills"":0,""inhibitorTakedowns"":0,""inhibitorsLost"":0,""item0"":0'"
90,"b',""item1"":3134,""item2"":3179,""item3"":6691,""item4"":3111,""item5"":0,""item6"":3364,""itemsPurchased"":19,""killingSprees"":1,""kills"":8,""lan'"
91,"b'e"":""NONE"",""largestCriticalStrike"":0,""largestKillingSpree"":8,""largestMultiKill"":3,""longestTimeSpentLiving"":0,""magicDamageDealt"":6'"
92,"b'56,""magicDamageDealtToChampions"":656,""magicDamageTaken"":2470,""needVisionPings"":1,""neutralMinionsKilled"":122,""nexusKills"":0,""nexu'"
93,"b'sLost"":0,""nexusTakedowns"":0,""objectivesStolen"":0,""objectivesStolenAssists"":0,""onMyWayPings"":30,""participantId"":2,""pentaKills"":0,'"
94,"b'""perks"":{""statPerks"":{""defense"":5002,""flex"":5008,""offense"":5008},""styles"":[{""description"":""primaryStyle"",""selections"":[{""perk"":8'"
95,"b'369,""var1"":614,""var2"":572,""var3"":0},{""perk"":8304,""var1"":9,""var2"":4,""var3"":5},{""perk"":8321,""var1"":1,""var2"":0,""var3"":0},{""perk"":83'"
96,"b'47,""var1"":0,""var2"":0,""var3"":0}],""style"":8300},{""description"":""subStyle"",""selections"":[{""perk"":8136,""var1"":7,""var2"":14,""var3"":0},'"
97,"b'{""perk"":8105,""var1"":10,""var2"":4,""var3"":0}],""style"":8100}]},""physicalDamageDealt"":120072,""physicalDamageDealtToChampions"":9597,""p'"
98,"b'hysicalDamageTaken"":14165,""placement"":0,""playerAugment1"":0,""playerAugment2"":0,""playerAugment3"":0,""playerAugment4"":0,""playerSubte'"
99,"b'amId"":0,""profileIcon"":1116,""pushPings"":0,""puuid"":""h8LUo-rSDp5fln_41Y9bs8e97qZ-voW8e9JnVSIqZbfrO9LRi5SojFjARTdmWRKknA1JGTfaWaUH3A'"
100,"b'"",""quadraKills"":0,""riotIdName"":"""",""riotIdTagline"":"""",""role"":""SUPPORT"",""sightWardsBoughtInGame"":0,""spell1Casts"":195,""spell2Casts""'"
101,"b':76,""spell3Casts"":23,""spell4Casts"":9,""subteamPlacement"":0,""summoner1Casts"":14,""summoner1Id"":11,""summoner2Casts"":3,""summoner2Id"":'"
102,"b'4,""summonerId"":""w07m6Sb9x_SewRywDes786tGh0Ax6mK7ogdqgZWzFws-vQc"",""summonerLevel"":344,""summonerName"":""NS Sounda"",""teamEarlySurren'"
103,"b'dered"":false,""teamId"":100,""teamPosition"":""JUNGLE"",""timeCCingOthers"":3,""timePlayed"":1129,""totalAllyJungleMinionsKilled"":71,""total'"
104,"b'DamageDealt"":156654,""totalDamageDealtToChampions"":11131,""totalDamageShieldedOnTeammates"":0,""totalDamageTaken"":16853,""totalEnemyJ'"
105,"b'ungleMinionsKilled"":10,""totalHeal"":11950,""totalHealsOnTeammates"":0,""totalMinionsKilled"":11,""totalTimeCCDealt"":115,""totalTimeSpen'"
106,"b'tDead"":0,""totalUnitsHealed"":1,""tripleKills"":1,""trueDamageDealt"":35926,""trueDamageDealtToChampions"":877,""trueDamageTaken"":217,""tu'"
107,"b'rretKills"":1,""turretTakedowns"":1,""turretsLost"":0,""unrealKills"":0,""visionClearedPings"":0,""visionScore"":45,""visionWardsBoughtInGam'"
108,"b'e"":6,""wardsKilled"":7,""wardsPlaced"":13,""win"":true},{""allInPings"":0,""assistMePings"":0,""assists"":6,""baitPings"":0,""baronKills"":0,""ba'"
109,"b'sicPings"":0,""bountyLevel"":3,""challenges"":{""12AssistStreakCount"":0,""abilityUses"":204,""acesBefore15Minutes"":0,""alliedJungleMonster'"
110,"b'Kills"":0,""baronTakedowns"":0,""blastConeOppositeOpponentCount"":0,""bountyGold"":0,""buffsStolen"":0,""completeSupportQuestInTime"":0,""co'"
111,"b'ntrolWardTimeCoverageInRiverOrEnemyHalf"":0.6674912632395695,""controlWardsPlaced"":4,""damagePerMinute"":588.181791853966,""damageTak'"
112,"b'enOnTeamPercentage"":0.27432386141732484,""dancedWithRiftHerald"":0,""deathsByEnemyChamps"":1,""dodgeSkillShotsSmallWindow"":0,""doubleA'"
113,"b'ces"":0,""dragonTakedowns"":1,""earliestDragonTakedown"":680.8381459,""earlyLaningPhaseGoldExpAdvantage"":0,""effectiveHealAndShielding""'"
114,"b':0,""elderDragonKillsWithOpposingSoul"":0,""elderDragonMultikills"":0,""enemyChampionImmobilizations"":14,""enemyJungleMonsterKills"":0,'"
115,"b'""epicMonsterKillsNearEnemyJungler"":0,""epicMonsterKillsWithin30SecondsOfSpawn"":0,""epicMonsterSteals"":0,""epicMonsterStolenWithoutS'"
116,"b'mite"":0,""firstTurretKilled"":1,""firstTurretKilledTime"":796.1909481,""flawlessAces"":0,""fullTeamTakedown"":0,""gameLength"":1129.464957'"
117,"b'7,""getTakedownsInAllLanesEarlyJungleAsLaner"":0,""goldPerMinute"":511.3962298307699,""hadOpenNexus"":0,""immobilizeAndKillWithAlly"":5,'"
118,"b'""initialBuffCount"":0,""initialCrabCount"":0,""jungleCsBefore10Minutes"":0,""junglerTakedownsNearDamagedEpicMonster"":0,""kTurretsDestro'"
119,"b'yedBeforePlatesFall"":1,""kda"":10,""killAfterHiddenWithAlly"":0,""killParticipation"":0.5263157894736842,""killedChampTookFullTeamDamag'"
120,"b'eSurvived"":0,""killingSprees"":1,""killsNearEnemyTurret"":1,""killsOnOtherLanesEarlyJungleAsLaner"":0,""killsOnRecentlyHealedByAramPack'"
121,"b'"":0,""killsUnderOwnTurret"":0,""killsWithHelpFromEpicMonster"":0,""knockEnemyIntoTeamAndKill"":0,""landSkillShotsEarlyGame"":5,""laneMini'"
122,"b'onsFirst10Minutes"":92,""laningPhaseGoldExpAdvantage"":0,""legendaryCount"":0,""lostAnInhibitor"":0,""maxCsAdvantageOnLaneOpponent"":32,""'"
123,"b'maxKillDeficit"":0,""maxLevelLeadLaneOpponent"":2,""mejaisFullStackInTime"":0,""moreEnemyJungleThanOpponent"":0,""multiKillOneSpell"":0,""'"
124,"b'multiTurretRiftHeraldCount"":0,""multikills"":0,""multikillsAfterAggressiveFlash"":0,""mythicItemUsed"":6656,""outerTurretExecutesBefore'"
125,"b'10Minutes"":0,""outnumberedKills"":0,""outnumberedNexusKill"":0,""perfectDragonSoulsTaken"":0,""perfectGame"":0,""pickKillWithAlly"":6,""pla'"
126,"b'yedChampSelectPosition"":1,""poroExplosions"":0,""quickCleanse"":0,""quickFirstTurret"":0,""quickSoloKills"":0,""riftHeraldTakedowns"":0,""s'"
127,"b'aveAllyFromDeath"":0,""scuttleCrabKills"":0,""skillshotsDodged"":2,""skillshotsHit"":51,""snowballsHit"":0,""soloBaronKills"":0,""soloKills""'"
128,"b':3,""stealthWardsPlaced"":1,""survivedSingleDigitHpCount"":0,""survivedThreeImmobilizesInFight"":0,""takedownOnFirstTurret"":1,""takedown'"
129,"b's"":10,""takedownsAfterGainingLevelAdvantage"":0,""takedownsBeforeJungleMinionSpawn"":0,""takedownsFirstXMinutes"":5,""takedownsInAlcove'"
130,"b'"":0,""takedownsInEnemyFountain"":0,""teamBaronKills"":0,""teamDamagePercentage"":0.29662793681262567,""teamElderDragonKills"":0,""teamRif'"
131,"b'tHeraldKills"":2,""teleportTakedowns"":1,""tookLargeDamageSurvived"":0,""turretPlatesTaken"":5,""turretTakedowns"":1,""turretsTakenWithRif'"
132,"b'tHerald"":5,""twentyMinionsIn3SecondsCount"":9,""twoWardsOneSweeperCount"":0,""unseenRecalls"":0,""visionScoreAdvantageLaneOpponent"":-0.'"
133,"b'11045241355895996,""visionScorePerMinute"":0.9415212175625772,""wardTakedowns"":3,""wardTakedownsBefore20M"":3,""wardsGuarded"":0},""cham'"
134,"b'pExperience"":12200,""champLevel"":14,""championId"":103,""championName"":""Ahri"",""championTransform"":0,""commandPings"":4,""consumablesPur'"
135,"b'chased"":4,""damageDealtToBuildings"":1493,""damageDealtToObjectives"":2006,""damageDealtToTurrets"":1493,""damageSelfMitigated"":8018,""d'"
136,"b'angerPings"":0,""deaths"":1,""detectorWardsPlaced"":4,""doubleKills"":0,""dragonKills"":0,""eligibleForProgression"":true,""enemyMissingPing'"
137,"b's"":1,""enemyVisionPings"":0,""firstBloodAssist"":false,""firstBloodKill"":false,""firstTowerAssist"":false,""firstTowerKill"":false,""gameE'"
138,"b'ndedInEarlySurrender"":false,""gameEndedInSurrender"":true,""getBackPings"":0,""goldEarned"":9626,""goldSpent"":8850,""holdPings"":0,""indiv'"
139,"b'idualPosition"":""MIDDLE"",""inhibitorKills"":0,""inhibitorTakedowns"":0,""inhibitorsLost"":0,""item0"":0,""item1"":2033,""item2"":6656,""item3""'"
140,"b':4628,""item4"":3108,""item5"":3158,""item6"":3364,""itemsPurchased"":21,""killingSprees"":1,""kills"":4,""lane"":""NONE"",""largestCriticalStrik'"
141,"b'e"":0,""largestKillingSpree"":3,""largestMultiKill"":1,""longestTimeSpentLiving"":581,""magicDamageDealt"":60803,""magicDamageDealtToChamp'"
142,"b'ions"":8109,""magicDamageTaken"":2975,""needVisionPings"":0,""neutralMinionsKilled"":0,""nexusKills"":0,""nexusLost"":0,""nexusTakedowns"":0,'"
143,"b'""objectivesStolen"":0,""objectivesStolenAssists"":0,""onMyWayPings"":6,""participantId"":3,""pentaKills"":0,""perks"":{""statPerks"":{""defens'"
144,"b'e"":5002,""flex"":5008,""offense"":5005},""styles"":[{""description"":""primaryStyle"",""selections"":[{""perk"":8112,""var1"":868,""var2"":0,""var3'"
145,"b'"":0},{""perk"":8139,""var1"":377,""var2"":0,""var3"":0},{""perk"":8136,""var1"":3,""var2"":6,""var3"":0},{""perk"":8106,""var1"":3,""var2"":0,""var3"":0'"
146,"b'}],""style"":8100},{""description"":""subStyle"",""selections"":[{""perk"":8473,""var1"":530,""var2"":0,""var3"":0},{""perk"":8451,""var1"":156,""var'"
147,"b'2"":0,""var3"":0}],""style"":8400}]},""physicalDamageDealt"":14420,""physicalDamageDealtToChampions"":1624,""physicalDamageTaken"":11592,""p'"
148,"b'lacement"":0,""playerAugment1"":0,""playerAugment2"":0,""playerAugment3"":0,""playerAugment4"":0,""playerSubteamId"":0,""profileIcon"":4096,""'"
149,"b'pushPings"":0,""puuid"":""oVa7Xp04TQFfEdd9x1PKUTdiYjNNcjG8fLYpT63b8opb30E-cwzL-VUVNuhohbdiwmBM4v87ipciwA"",""quadraKills"":0,""riotIdNam'"
150,"b'e"":"""",""riotIdTagline"":"""",""role"":""SUPPORT"",""sightWardsBoughtInGame"":0,""spell1Casts"":70,""spell2Casts"":87,""spell3Casts"":21,""spell4C'"
151,"b'asts"":26,""subteamPlacement"":0,""summoner1Casts"":2,""summoner1Id"":12,""summoner2Casts"":2,""summoner2Id"":4,""summonerId"":""yZUWsjMtyVPsw'"
152,"b'rRmVU124uTFd8bNqXQ9g6Uw4y2VnTYUKIE"",""summonerLevel"":80,""summonerName"":""Kakhi shoot"",""teamEarlySurrendered"":false,""teamId"":100,""t'"
153,"b'eamPosition"":""MIDDLE"",""timeCCingOthers"":17,""timePlayed"":1129,""totalAllyJungleMinionsKilled"":0,""totalDamageDealt"":103471,""totalDa'"
154,"b'mageDealtToChampions"":11072,""totalDamageShieldedOnTeammates"":0,""totalDamageTaken"":14818,""totalEnemyJungleMinionsKilled"":0,""total'"
155,"b'Heal"":5372,""totalHealsOnTeammates"":0,""totalMinionsKilled"":195,""totalTimeCCDealt"":53,""totalTimeSpentDead"":27,""totalUnitsHealed"":1'"
156,"b',""tripleKills"":0,""trueDamageDealt"":28248,""trueDamageDealtToChampions"":1338,""trueDamageTaken"":250,""turretKills"":1,""turretTakedown'"
157,"b's"":1,""turretsLost"":0,""unrealKills"":0,""visionClearedPings"":0,""visionScore"":17,""visionWardsBoughtInGame"":4,""wardsKilled"":3,""wardsP'"
158,"b'laced"":8,""win"":true},{""allInPings"":0,""assistMePings"":0,""assists"":1,""baitPings"":0,""baronKills"":0,""basicPings"":0,""bountyLevel"":1,""'"
159,"b'challenges"":{""12AssistStreakCount"":0,""abilityUses"":71,""acesBefore15Minutes"":0,""alliedJungleMonsterKills"":0,""baronTakedowns"":0,""b'"
160,"b'lastConeOppositeOpponentCount"":0,""bountyGold"":0,""buffsStolen"":0,""completeSupportQuestInTime"":0,""controlWardsPlaced"":0,""damagePer'"
161,"b'Minute"":165.97955910458523,""damageTakenOnTeamPercentage"":0.05531103253892706,""dancedWithRiftHerald"":0,""deathsByEnemyChamps"":1,""d'"
162,"b'odgeSkillShotsSmallWindow"":0,""doubleAces"":0,""dragonTakedowns"":1,""earliestDragonTakedown"":353.8343168,""earlyLaningPhaseGoldExpAdv'"
163,"b'antage"":1,""effectiveHealAndShielding"":94,""elderDragonKillsWithOpposingSoul"":0,""elderDragonMultikills"":0,""enemyChampionImmobiliza'"
164,"b'tions"":3,""enemyJungleMonsterKills"":0,""epicMonsterKillsNearEnemyJungler"":0,""epicMonsterKillsWithin30SecondsOfSpawn"":0,""epicMonste'"
165,"b'rSteals"":0,""epicMonsterStolenWithoutSmite"":0,""firstTurretKilled"":1,""firstTurretKilledTime"":796.1909481,""flawlessAces"":0,""fullTea'"
166,"b'mTakedown"":0,""gameLength"":1129.4649577,""getTakedownsInAllLanesEarlyJungleAsLaner"":0,""goldPerMinute"":472.3503118559833,""hadOpenNe'"
167,"b'xus"":0,""immobilizeAndKillWithAlly"":1,""initialBuffCount"":0,""initialCrabCount"":0,""jungleCsBefore10Minutes"":0,""junglerTakedownsNear'"
168,"b'DamagedEpicMonster"":0,""kTurretsDestroyedBeforePlatesFall"":1,""kda"":3,""killAfterHiddenWithAlly"":0,""killParticipation"":0.1578947368'"
169,"b'4210525,""killedChampTookFullTeamDamageSurvived"":0,""killingSprees"":0,""killsNearEnemyTurret"":2,""killsOnOtherLanesEarlyJungleAsLane'"
170,"b'r"":0,""killsOnRecentlyHealedByAramPack"":0,""killsUnderOwnTurret"":0,""killsWithHelpFromEpicMonster"":0,""knockEnemyIntoTeamAndKill"":0,'"
171,"b'""landSkillShotsEarlyGame"":15,""laneMinionsFirst10Minutes"":77,""laningPhaseGoldExpAdvantage"":1,""legendaryCount"":0,""lostAnInhibitor""'"
172,"b':0,""maxCsAdvantageOnLaneOpponent"":38,""maxKillDeficit"":0,""maxLevelLeadLaneOpponent"":2,""mejaisFullStackInTime"":0,""moreEnemyJungleT'"
173,"b'hanOpponent"":0,""multiKillOneSpell"":0,""multiTurretRiftHeraldCount"":0,""multikills"":0,""multikillsAfterAggressiveFlash"":0,""outerTurr'"
174,"b'etExecutesBefore10Minutes"":0,""outnumberedKills"":0,""outnumberedNexusKill"":0,""perfectDragonSoulsTaken"":0,""perfectGame"":0,""pickKill'"
175,"b'WithAlly"":3,""playedChampSelectPosition"":1,""poroExplosions"":0,""quickCleanse"":0,""quickFirstTurret"":0,""quickSoloKills"":0,""riftHeral'"
176,"b'dTakedowns"":0,""saveAllyFromDeath"":0,""scuttleCrabKills"":1,""skillshotsDodged"":2,""skillshotsHit"":26,""snowballsHit"":0,""soloBaronKill'"
177,"b's"":0,""soloKills"":0,""soloTurretsLategame"":1,""stealthWardsPlaced"":5,""survivedSingleDigitHpCount"":0,""survivedThreeImmobilizesInFigh'"
178,"b't"":0,""takedownOnFirstTurret"":0,""takedowns"":3,""takedownsAfterGainingLevelAdvantage"":0,""takedownsBeforeJungleMinionSpawn"":0,""taked'"
179,"b'ownsFirstXMinutes"":2,""takedownsInAlcove"":0,""takedownsInEnemyFountain"":0,""teamBaronKills"":0,""teamDamagePercentage"":0.083705709445'"
180,"b'84127,""teamElderDragonKills"":0,""teamRiftHeraldKills"":2,""tookLargeDamageSurvived"":0,""turretPlatesTaken"":4,""turretTakedowns"":3,""tu'"
181,"b'rretsTakenWithRiftHerald"":5,""twentyMinionsIn3SecondsCount"":7,""twoWardsOneSweeperCount"":0,""unseenRecalls"":0,""visionScoreAdvantage'"
182,"b'LaneOpponent"":-0.4152289628982544,""visionScorePerMinute"":0.621117538802188,""wardTakedowns"":2,""wardTakedownsBefore20M"":2,""wardsGu'"
183,"b'arded"":0},""champExperience"":8437,""champLevel"":11,""championId"":498,""championName"":""Xayah"",""championTransform"":0,""commandPings"":0,'"
184,"b'""consumablesPurchased"":2,""damageDealtToBuildings"":6898,""damageDealtToObjectives"":8299,""damageDealtToTurrets"":6898,""damageSelfMit'"
185,"b'igated"":1333,""dangerPings"":0,""deaths"":1,""detectorWardsPlaced"":0,""doubleKills"":0,""dragonKills"":0,""eligibleForProgression"":true,""e'"
186,"b'nemyMissingPings"":3,""enemyVisionPings"":0,""firstBloodAssist"":false,""firstBloodKill"":true,""firstTowerAssist"":false,""firstTowerKill'"
187,"b'"":false,""gameEndedInEarlySurrender"":false,""gameEndedInSurrender"":true,""getBackPings"":2,""goldEarned"":8891,""goldSpent"":8350,""holdP'"
188,"b'ings"":0,""individualPosition"":""BOTTOM"",""inhibitorKills"":0,""inhibitorTakedowns"":0,""inhibitorsLost"":0,""item0"":6675,""item1"":6672,""it'"
189,"b'em2"":3006,""item3"":1018,""item4"":1055,""item5"":0,""item6"":3363,""itemsPurchased"":14,""killingSprees"":0,""kills"":2,""lane"":""NONE"",""larges'"
190,"b'tCriticalStrike"":393,""largestKillingSpree"":0,""largestMultiKill"":1,""longestTimeSpentLiving"":194,""magicDamageDealt"":1808,""magicDam'"
191,"b'ageDealtToChampions"":43,""magicDamageTaken"":580,""needVisionPings"":0,""neutralMinionsKilled"":4,""nexusKills"":0,""nexusLost"":0,""nexusT'"
192,"b'akedowns"":0,""objectivesStolen"":0,""objectivesStolenAssists"":0,""onMyWayPings"":0,""participantId"":4,""pentaKills"":0,""perks"":{""statPer'"
193,"b'ks"":{""defense"":5002,""flex"":5008,""offense"":5005},""styles"":[{""description"":""primaryStyle"",""selections"":[{""perk"":8008,""var1"":14,""va'"
194,"b'r2"":0,""var3"":0},{""perk"":8009,""var1"":398,""var2"":0,""var3"":0},{""perk"":9103,""var1"":0,""var2"":0,""var3"":0},{""perk"":8014,""var1"":85,""var2'"
195,"b'"":0,""var3"":0}],""style"":8000},{""description"":""subStyle"",""selections"":[{""perk"":8304,""var1"":10,""var2"":3,""var3"":0},{""perk"":8345,""var'"
196,"b'1"":3,""var2"":0,""var3"":0}],""style"":8300}]},""physicalDamageDealt"":83526,""physicalDamageDealtToChampions"":3080,""physicalDamageTaken""'"
197,"b':2365,""placement"":0,""playerAugment1"":0,""playerAugment2"":0,""playerAugment3"":0,""playerAugment4"":0,""playerSubteamId"":0,""profileIcon'"
198,"b'"":5861,""pushPings"":0,""puuid"":""ne9cLxBEKMZa8zujBU-4eU4pFBO3YLBGNJWKys5GfX0QsD9oxp-sywKvaP_0a1-ih3tnV_tHL011bw"",""quadraKills"":0,""r'"
199,"b'iotIdName"":"""",""riotIdTagline"":"""",""role"":""SUPPORT"",""sightWardsBoughtInGame"":0,""spell1Casts"":37,""spell2Casts"":9,""spell3Casts"":24,""'"
200,"b'spell4Casts"":1,""subteamPlacement"":0,""summoner1Casts"":2,""summoner1Id"":7,""summoner2Casts"":1,""summoner2Id"":4,""summonerId"":""TBk-k_-1'"
201,"b'5odLT7t1Ig7cAiVC8-m4rmHIyIwPAYiOCLULFWqTxYooWH2znw"",""summonerLevel"":152,""summonerName"":""\xeb\x8d\xb0\xec\x9d\xb4\xeb\xaf\xb8\xec\x96\xb8 \xeb\xa6\xb4\xeb\x9d\xbc\xeb\x93\x9c"",""teamEarlySurren'"
202,"b'dered"":false,""teamId"":100,""teamPosition"":""BOTTOM"",""timeCCingOthers"":3,""timePlayed"":1129,""totalAllyJungleMinionsKilled"":0,""totalD'"
203,"b'amageDealt"":85338,""totalDamageDealtToChampions"":3124,""totalDamageShieldedOnTeammates"":0,""totalDamageTaken"":2987,""totalEnemyJungl'"
204,"b'eMinionsKilled"":0,""totalHeal"":925,""totalHealsOnTeammates"":94,""totalMinionsKilled"":180,""totalTimeCCDealt"":6,""totalTimeSpentDead"":'"
205,"b'8,""totalUnitsHealed"":2,""tripleKills"":0,""trueDamageDealt"":3,""trueDamageDealtToChampions"":0,""trueDamageTaken"":41,""turretKills"":2,""'"
206,"b'turretTakedowns"":3,""turretsLost"":0,""unrealKills"":0,""visionClearedPings"":0,""visionScore"":11,""visionWardsBoughtInGame"":0,""wardsKil'"
207,"b'led"":2,""wardsPlaced"":6,""win"":true},{""allInPings"":2,""assistMePings"":13,""assists"":5,""baitPings"":0,""baronKills"":0,""basicPings"":0,""b'"
208,"b'ountyLevel"":3,""challenges"":{""12AssistStreakCount"":0,""abilityUses"":99,""acesBefore15Minutes"":0,""alliedJungleMonsterKills"":0,""baron'"
209,"b'Takedowns"":0,""blastConeOppositeOpponentCount"":0,""bountyGold"":0,""buffsStolen"":0,""completeSupportQuestInTime"":0,""controlWardTimeCo'"
210,"b'verageInRiverOrEnemyHalf"":0.7724906355454608,""controlWardsPlaced"":9,""damagePerMinute"":135.0530051232151,""damageTakenOnTeamPercen'"
211,"b'tage"":0.07497335273628065,""dancedWithRiftHerald"":0,""deathsByEnemyChamps"":0,""dodgeSkillShotsSmallWindow"":2,""doubleAces"":0,""dragon'"
212,"b'Takedowns"":2,""earliestDragonTakedown"":353.8343168,""earlyLaningPhaseGoldExpAdvantage"":0,""effectiveHealAndShielding"":52.7681274414'"
213,"b'0625,""elderDragonKillsWithOpposingSoul"":0,""elderDragonMultikills"":0,""enemyChampionImmobilizations"":45,""enemyJungleMonsterKills"":'"
214,"b'0,""epicMonsterKillsNearEnemyJungler"":0,""epicMonsterKillsWithin30SecondsOfSpawn"":0,""epicMonsterSteals"":0,""epicMonsterStolenWithou'"
215,"b'tSmite"":0,""firstTurretKilled"":1,""firstTurretKilledTime"":796.1909481,""flawlessAces"":0,""fullTeamTakedown"":0,""gameLength"":1129.4649'"
216,"b'577,""getTakedownsInAllLanesEarlyJungleAsLaner"":0,""goldPerMinute"":290.15565493825324,""hadOpenNexus"":0,""immobilizeAndKillWithAlly""'"
217,"b':7,""initialBuffCount"":0,""initialCrabCount"":0,""jungleCsBefore10Minutes"":0,""junglerTakedownsNearDamagedEpicMonster"":0,""kTurretsDes'"
218,"b'troyedBeforePlatesFall"":0,""kda"":8,""killAfterHiddenWithAlly"":1,""killParticipation"":0.42105263157894735,""killedChampTookFullTeamDa'"
219,"b'mageSurvived"":0,""killingSprees"":1,""killsNearEnemyTurret"":3,""killsOnOtherLanesEarlyJungleAsLaner"":1,""killsOnRecentlyHealedByAramP'"
220,"b'ack"":0,""killsUnderOwnTurret"":0,""killsWithHelpFromEpicMonster"":0,""knockEnemyIntoTeamAndKill"":5,""landSkillShotsEarlyGame"":5,""laneM'"
221,"b'inionsFirst10Minutes"":15,""laningPhaseGoldExpAdvantage"":0,""legendaryCount"":0,""lostAnInhibitor"":0,""maxCsAdvantageOnLaneOpponent"":2'"
222,"b',""maxKillDeficit"":0,""maxLevelLeadLaneOpponent"":1,""mejaisFullStackInTime"":0,""moreEnemyJungleThanOpponent"":0,""multiKillOneSpell"":0'"
223,"b',""multiTurretRiftHeraldCount"":0,""multikills"":0,""multikillsAfterAggressiveFlash"":0,""outerTurretExecutesBefore10Minutes"":0,""outnum'"
224,"b'beredKills"":0,""outnumberedNexusKill"":0,""perfectDragonSoulsTaken"":0,""perfectGame"":0,""pickKillWithAlly"":8,""playedChampSelectPositi'"
225,"b'on"":1,""poroExplosions"":0,""quickCleanse"":0,""quickFirstTurret"":0,""quickSoloKills"":0,""riftHeraldTakedowns"":0,""saveAllyFromDeath"":0,'"
226,"b'""scuttleCrabKills"":0,""skillshotsDodged"":13,""skillshotsHit"":9,""snowballsHit"":0,""soloBaronKills"":0,""soloKills"":0,""stealthWardsPlac'"
227,"b'ed"":16,""survivedSingleDigitHpCount"":0,""survivedThreeImmobilizesInFight"":0,""takedownOnFirstTurret"":0,""takedowns"":8,""takedownsAfte'"
228,"b'rGainingLevelAdvantage"":0,""takedownsBeforeJungleMinionSpawn"":0,""takedownsFirstXMinutes"":5,""takedownsInAlcove"":0,""takedownsInEnem'"
229,"b'yFountain"":0,""teamBaronKills"":0,""teamDamagePercentage"":0.06810903503791305,""teamElderDragonKills"":0,""teamRiftHeraldKills"":2,""too'"
230,"b'kLargeDamageSurvived"":0,""turretPlatesTaken"":0,""turretTakedowns"":0,""turretsTakenWithRiftHerald"":5,""twentyMinionsIn3SecondsCount"":'"
231,"b'0,""twoWardsOneSweeperCount"":1,""unseenRecalls"":0,""visionScoreAdvantageLaneOpponent"":0.08860290050506592,""visionScorePerMinute"":2.'"
232,"b'419653752782521,""wardTakedowns"":4,""wardTakedownsBefore20M"":4,""wardsGuarded"":1},""champExperience"":5713,""champLevel"":9,""championId'"
233,"b'"":111,""championName"":""Nautilus"",""championTransform"":0,""commandPings"":26,""consumablesPurchased"":12,""damageDealtToBuildings"":0,""da'"
234,"b'mageDealtToObjectives"":3335,""damageDealtToTurrets"":0,""damageSelfMitigated"":6017,""dangerPings"":0,""deaths"":0,""detectorWardsPlaced""'"
235,"b':9,""doubleKills"":0,""dragonKills"":0,""eligibleForProgression"":true,""enemyMissingPings"":11,""enemyVisionPings"":2,""firstBloodAssist"":'"
236,"b'true,""firstBloodKill"":false,""firstTowerAssist"":false,""firstTowerKill"":false,""gameEndedInEarlySurrender"":false,""gameEndedInSurren'"
237,"b'der"":true,""getBackPings"":4,""goldEarned"":5462,""goldSpent"":5025,""holdPings"":0,""individualPosition"":""UTILITY"",""inhibitorKills"":0,""i'"
238,"b'nhibitorTakedowns"":0,""inhibitorsLost"":0,""item0"":3047,""item1"":3859,""item2"":0,""item3"":6667,""item4"":0,""item5"":0,""item6"":3364,""items'"
239,"b'Purchased"":25,""killingSprees"":1,""kills"":3,""lane"":""NONE"",""largestCriticalStrike"":0,""largestKillingSpree"":3,""largestMultiKill"":1,""'"
240,"b'longestTimeSpentLiving"":0,""magicDamageDealt"":3336,""magicDamageDealtToChampions"":1130,""magicDamageTaken"":1017,""needVisionPings"":0'"
241,"b',""neutralMinionsKilled"":0,""nexusKills"":0,""nexusLost"":0,""nexusTakedowns"":0,""objectivesStolen"":0,""objectivesStolenAssists"":0,""onMy'"
242,"b'WayPings"":23,""participantId"":5,""pentaKills"":0,""perks"":{""statPerks"":{""defense"":5002,""flex"":5003,""offense"":5005},""styles"":[{""descr'"
243,"b'iption"":""primaryStyle"",""selections"":[{""perk"":8351,""var1"":46,""var2"":165,""var3"":0},{""perk"":8306,""var1"":6,""var2"":0,""var3"":0},{""perk'"
244,"b'"":8316,""var1"":236,""var2"":0,""var3"":0},{""perk"":8347,""var1"":0,""var2"":0,""var3"":0}],""style"":8300},{""description"":""subStyle"",""selectio'"
245,"b'ns"":[{""perk"":8275,""var1"":13,""var2"":0,""var3"":0},{""perk"":8232,""var1"":3,""var2"":30,""var3"":0}],""style"":8200}]},""physicalDamageDealt"":'"
246,"b'4919,""physicalDamageDealtToChampions"":1045,""physicalDamageTaken"":3032,""placement"":0,""playerAugment1"":0,""playerAugment2"":0,""playe'"
247,"b'rAugment3"":0,""playerAugment4"":0,""playerSubteamId"":0,""profileIcon"":4025,""pushPings"":1,""puuid"":""NlAu05uDk78dpRFWFNQMQzVd4nQzRiPZIJ'"
248,"b'ShF_MezAuT2-rrkKZwNaLVtggdqEcx47k4hzhjnr3_0w"",""quadraKills"":0,""riotIdName"":"""",""riotIdTagline"":"""",""role"":""SUPPORT"",""sightWardsBou'"
249,"b'ghtInGame"":0,""spell1Casts"":54,""spell2Casts"":23,""spell3Casts"":20,""spell4Casts"":2,""subteamPlacement"":0,""summoner1Casts"":9,""summone'"
250,"b'r1Id"":4,""summoner2Casts"":4,""summoner2Id"":14,""summonerId"":""_pNwQIzOdf-fLepRjkhvtWe4gYxhKzQhPnaD0WY5ALcyWmhZ-ktsqkRn4A"",""summonerL'"
251,"b'evel"":100,""summonerName"":""\xeb\xaf\xb8\xec\x95\x88\xeb\x82\xb4\xea\xba\xbc\xec\x95\xbc"",""teamEarlySurrendered"":false,""teamId"":100,""teamPosition"":""UTILITY"",""timeCCingOthers"":'"
252,"b'27,""timePlayed"":1129,""totalAllyJungleMinionsKilled"":0,""totalDamageDealt"":16710,""totalDamageDealtToChampions"":2542,""totalDamageSh'"
253,"b'ieldedOnTeammates"":0,""totalDamageTaken"":4049,""totalEnemyJungleMinionsKilled"":0,""totalHeal"":375,""totalHealsOnTeammates"":52,""total'"
254,"b'MinionsKilled"":22,""totalTimeCCDealt"":178,""totalTimeSpentDead"":0,""totalUnitsHealed"":2,""tripleKills"":0,""trueDamageDealt"":8454,""tru'"
255,"b'eDamageDealtToChampions"":366,""trueDamageTaken"":0,""turretKills"":0,""turretTakedowns"":0,""turretsLost"":0,""unrealKills"":0,""visionClea'"
256,"b'redPings"":0,""visionScore"":45,""visionWardsBoughtInGame"":9,""wardsKilled"":4,""wardsPlaced"":25,""win"":true},{""allInPings"":0,""assistMeP'"
257,"b'ings"":2,""assists"":2,""baitPings"":1,""baronKills"":0,""basicPings"":0,""bountyLevel"":0,""challenges"":{""12AssistStreakCount"":0,""abilityUs'"
258,"b'es"":327,""acesBefore15Minutes"":0,""alliedJungleMonsterKills"":4,""baronTakedowns"":0,""blastConeOppositeOpponentCount"":0,""bountyGold"":'"
259,"b'0,""buffsStolen"":0,""completeSupportQuestInTime"":0,""controlWardsPlaced"":0,""damagePerMinute"":510.0575843821507,""damageTakenOnTeamPe'"
260,"b'rcentage"":0.30290089864436015,""dancedWithRiftHerald"":0,""deathsByEnemyChamps"":4,""dodgeSkillShotsSmallWindow"":0,""doubleAces"":0,""dr'"
261,"b'agonTakedowns"":0,""earlyLaningPhaseGoldExpAdvantage"":0,""effectiveHealAndShielding"":0,""elderDragonKillsWithOpposingSoul"":0,""elderD'"
262,"b'ragonMultikills"":0,""enemyChampionImmobilizations"":27,""enemyJungleMonsterKills"":0,""epicMonsterKillsNearEnemyJungler"":0,""epicMonst'"
263,"b'erKillsWithin30SecondsOfSpawn"":0,""epicMonsterSteals"":0,""epicMonsterStolenWithoutSmite"":0,""firstTurretKilled"":0,""flawlessAces"":0,'"
264,"b'""fullTeamTakedown"":0,""gameLength"":1129.4649577,""getTakedownsInAllLanesEarlyJungleAsLaner"":0,""goldPerMinute"":375.6689736264936,""h'"
265,"b'adOpenNexus"":0,""immobilizeAndKillWithAlly"":4,""initialBuffCount"":0,""initialCrabCount"":0,""jungleCsBefore10Minutes"":0,""junglerTaked'"
266,"b'ownsNearDamagedEpicMonster"":0,""kTurretsDestroyedBeforePlatesFall"":0,""kda"":1,""killAfterHiddenWithAlly"":0,""killParticipation"":0.66'"
267,"b'66666666666666,""killedChampTookFullTeamDamageSurvived"":0,""killingSprees"":0,""killsNearEnemyTurret"":0,""killsOnOtherLanesEarlyJungl'"
268,"b'eAsLaner"":0,""killsOnRecentlyHealedByAramPack"":0,""killsUnderOwnTurret"":0,""killsWithHelpFromEpicMonster"":0,""knockEnemyIntoTeamAndK'"
269,"b'ill"":3,""landSkillShotsEarlyGame"":0,""laneMinionsFirst10Minutes"":73,""laningPhaseGoldExpAdvantage"":0,""legendaryCount"":0,""lostAnInhi'"
270,"b'bitor"":0,""maxCsAdvantageOnLaneOpponent"":6,""maxKillDeficit"":0,""maxLevelLeadLaneOpponent"":1,""mejaisFullStackInTime"":0,""moreEnemyJu'"
271,"b'ngleThanOpponent"":0,""multiKillOneSpell"":0,""multiTurretRiftHeraldCount"":0,""multikills"":0,""multikillsAfterAggressiveFlash"":0,""myth'"
272,"b'icItemUsed"":6630,""outerTurretExecutesBefore10Minutes"":0,""outnumberedKills"":1,""outnumberedNexusKill"":0,""perfectDragonSoulsTaken"":'"
273,"b'0,""perfectGame"":0,""pickKillWithAlly"":4,""playedChampSelectPosition"":1,""poroExplosions"":0,""quickCleanse"":0,""quickFirstTurret"":0,""q'"
274,"b'uickSoloKills"":0,""riftHeraldTakedowns"":0,""saveAllyFromDeath"":0,""scuttleCrabKills"":0,""skillshotsDodged"":1,""skillshotsHit"":4,""snow'"
275,"b'ballsHit"":0,""soloBaronKills"":0,""soloKills"":0,""stealthWardsPlaced"":4,""survivedSingleDigitHpCount"":0,""survivedThreeImmobilizesInFi'"
276,"b'ght"":2,""takedownOnFirstTurret"":0,""takedowns"":4,""takedownsAfterGainingLevelAdvantage"":0,""takedownsBeforeJungleMinionSpawn"":0,""tak'"
277,"b'edownsFirstXMinutes"":3,""takedownsInAlcove"":0,""takedownsInEnemyFountain"":0,""teamBaronKills"":0,""teamDamagePercentage"":0.2993128092'"
278,"b'983947,""teamElderDragonKills"":0,""teamRiftHeraldKills"":0,""tookLargeDamageSurvived"":0,""turretPlatesTaken"":1,""turretTakedowns"":0,""t'"
279,"b'urretsTakenWithRiftHerald"":0,""twentyMinionsIn3SecondsCount"":7,""twoWardsOneSweeperCount"":0,""unseenRecalls"":0,""visionScoreAdvantag'"
280,"b'eLaneOpponent"":0.08262884616851807,""visionScorePerMinute"":0.623365037677313,""wardTakedowns"":1,""wardTakedownsBefore20M"":1,""wardsG'"
281,"b'uarded"":0},""champExperience"":9953,""champLevel"":12,""championId"":92,""championName"":""Riven"",""championTransform"":0,""commandPings"":9,'"
282,"b'""consumablesPurchased"":5,""damageDealtToBuildings"":0,""damageDealtToObjectives"":1915,""damageDealtToTurrets"":0,""damageSelfMitigated'"
283,"b'"":14841,""dangerPings"":0,""deaths"":4,""detectorWardsPlaced"":0,""doubleKills"":0,""dragonKills"":0,""eligibleForProgression"":true,""enemyM'"
284,"b'issingPings"":0,""enemyVisionPings"":0,""firstBloodAssist"":false,""firstBloodKill"":false,""firstTowerAssist"":false,""firstTowerKill"":fa'"
285,"b'lse,""gameEndedInEarlySurrender"":false,""gameEndedInSurrender"":true,""getBackPings"":2,""goldEarned"":7071,""goldSpent"":6900,""holdPings'"
286,"b'"":0,""individualPosition"":""TOP"",""inhibitorKills"":0,""inhibitorTakedowns"":0,""inhibitorsLost"":0,""item0"":3158,""item1"":6630,""item2"":31'"
287,"b'33,""item3"":1055,""item4"":3067,""item5"":0,""item6"":3364,""itemsPurchased"":21,""killingSprees"":0,""kills"":2,""lane"":""NONE"",""largestCritic'"
288,"b'alStrike"":0,""largestKillingSpree"":0,""largestMultiKill"":1,""longestTimeSpentLiving"":501,""magicDamageDealt"":0,""magicDamageDealtToCh'"
289,"b'ampions"":0,""magicDamageTaken"":1022,""needVisionPings"":0,""neutralMinionsKilled"":8,""nexusKills"":0,""nexusLost"":0,""nexusTakedowns"":0,'"
290,"b'""objectivesStolen"":0,""objectivesStolenAssists"":0,""onMyWayPings"":1,""participantId"":6,""pentaKills"":0,""perks"":{""statPerks"":{""defens'"
291,"b'e"":5002,""flex"":5008,""offense"":5008},""styles"":[{""description"":""primaryStyle"",""selections"":[{""perk"":8010,""var1"":273,""var2"":0,""var3'"
292,"b'"":0},{""perk"":9111,""var1"":324,""var2"":80,""var3"":0},{""perk"":9105,""var1"":17,""var2"":40,""var3"":0},{""perk"":8299,""var1"":305,""var2"":0,""va'"
293,"b'r3"":0}],""style"":8000},{""description"":""subStyle"",""selections"":[{""perk"":8210,""var1"":1,""var2"":0,""var3"":0},{""perk"":8275,""var1"":7,""va'"
294,"b'r2"":0,""var3"":0}],""style"":8200}]},""physicalDamageDealt"":83377,""physicalDamageDealtToChampions"":8518,""physicalDamageTaken"":12690,""'"
295,"b'placement"":0,""playerAugment1"":0,""playerAugment2"":0,""playerAugment3"":0,""playerAugment4"":0,""playerSubteamId"":0,""profileIcon"":933,""'"
296,"b'pushPings"":0,""puuid"":""lmnJM08vWc4by13rLmSdmT95MNtDQZSfSqMzkReEP4C8Q2cn4WSAVxn-eVDQCgHGwYtBCB3TOvuICQ"",""quadraKills"":0,""riotIdNam'"
297,"b'e"":"""",""riotIdTagline"":"""",""role"":""SUPPORT"",""sightWardsBoughtInGame"":0,""spell1Casts"":198,""spell2Casts"":41,""spell3Casts"":80,""spell4'"
298,"b'Casts"":8,""subteamPlacement"":0,""summoner1Casts"":2,""summoner1Id"":4,""summoner2Casts"":5,""summoner2Id"":14,""summonerId"":""rXAqfM-RFxo-R'"
299,"b'e1hFMJp3hSHX28fY8kqqRXs_aXkT-YBt0vQ77HCVveNGA"",""summonerLevel"":54,""summonerName"":""AloisNL"",""teamEarlySurrendered"":false,""teamId""'"
300,"b':200,""teamPosition"":""TOP"",""timeCCingOthers"":17,""timePlayed"":1129,""totalAllyJungleMinionsKilled"":5,""totalDamageDealt"":84463,""tota'"
301,"b'lDamageDealtToChampions"":9601,""totalDamageShieldedOnTeammates"":0,""totalDamageTaken"":14219,""totalEnemyJungleMinionsKilled"":0,""tot'"
302,"b'alHeal"":3200,""totalHealsOnTeammates"":0,""totalMinionsKilled"":151,""totalTimeCCDealt"":84,""totalTimeSpentDead"":75,""totalUnitsHealed""'"
303,"b':1,""tripleKills"":0,""trueDamageDealt"":1085,""trueDamageDealtToChampions"":1082,""trueDamageTaken"":506,""turretKills"":0,""turretTakedow'"
304,"b'ns"":0,""turretsLost"":4,""unrealKills"":0,""visionClearedPings"":0,""visionScore"":11,""visionWardsBoughtInGame"":0,""wardsKilled"":1,""wards'"
305,"b'Placed"":4,""win"":false},{""allInPings"":0,""assistMePings"":0,""assists"":3,""baitPings"":0,""baronKills"":0,""basicPings"":0,""bountyLevel"":0'"
306,"b',""challenges"":{""12AssistStreakCount"":0,""abilityUses"":225,""acesBefore15Minutes"":0,""alliedJungleMonsterKills"":59,""baronTakedowns"":'"
307,"b'0,""blastConeOppositeOpponentCount"":0,""bountyGold"":0,""buffsStolen"":0,""completeSupportQuestInTime"":0,""controlWardTimeCoverageInRiv'"
308,"b'erOrEnemyHalf"":0.5561347484202696,""controlWardsPlaced"":3,""damagePerMinute"":407.36979839226314,""damageTakenOnTeamPercentage"":0.25'"
309,"b'60438469709859,""dancedWithRiftHerald"":0,""deathsByEnemyChamps"":5,""dodgeSkillShotsSmallWindow"":2,""doubleAces"":0,""dragonTakedowns"":'"
310,"b'0,""earlyLaningPhaseGoldExpAdvantage"":0,""effectiveHealAndShielding"":0,""elderDragonKillsWithOpposingSoul"":0,""elderDragonMultikills'"
311,"b'"":0,""enemyChampionImmobilizations"":9,""enemyJungleMonsterKills"":1,""epicMonsterKillsNearEnemyJungler"":0,""epicMonsterKillsWithin30S'"
312,"b'econdsOfSpawn"":0,""epicMonsterSteals"":0,""epicMonsterStolenWithoutSmite"":0,""firstTurretKilled"":0,""flawlessAces"":0,""fullTeamTakedow'"
313,"b'n"":0,""gameLength"":1129.4649577,""goldPerMinute"":382.0410535804222,""hadOpenNexus"":0,""immobilizeAndKillWithAlly"":3,""initialBuffCoun'"
314,"b't"":2,""initialCrabCount"":1,""jungleCsBefore10Minutes"":56.00000008940697,""junglerKillsEarlyJungle"":0,""junglerTakedownsNearDamagedEp'"
315,"b'icMonster"":0,""kTurretsDestroyedBeforePlatesFall"":0,""kda"":1.2,""killAfterHiddenWithAlly"":1,""killParticipation"":1,""killedChampTookF'"
316,"b'ullTeamDamageSurvived"":0,""killingSprees"":0,""killsNearEnemyTurret"":1,""killsOnLanersEarlyJungleAsJungler"":2,""killsOnRecentlyHealed'"
317,"b'ByAramPack"":0,""killsUnderOwnTurret"":0,""killsWithHelpFromEpicMonster"":0,""knockEnemyIntoTeamAndKill"":2,""landSkillShotsEarlyGame"":2'"
318,"b'1,""laneMinionsFirst10Minutes"":3,""laningPhaseGoldExpAdvantage"":0,""legendaryCount"":0,""lostAnInhibitor"":0,""maxCsAdvantageOnLaneOppo'"
319,"b'nent"":12.400000005960464,""maxKillDeficit"":0,""maxLevelLeadLaneOpponent"":1,""mejaisFullStackInTime"":0,""moreEnemyJungleThanOpponent""'"
320,"b':-40.6000000834465,""multiKillOneSpell"":0,""multiTurretRiftHeraldCount"":0,""multikills"":0,""multikillsAfterAggressiveFlash"":0,""mythi'"
321,"b'cItemUsed"":6655,""outerTurretExecutesBefore10Minutes"":0,""outnumberedKills"":1,""outnumberedNexusKill"":0,""perfectDragonSoulsTaken"":0'"
322,"b',""perfectGame"":0,""pickKillWithAlly"":6,""playedChampSelectPosition"":1,""poroExplosions"":0,""quickCleanse"":0,""quickFirstTurret"":0,""qu'"
323,"b'ickSoloKills"":0,""riftHeraldTakedowns"":0,""saveAllyFromDeath"":0,""scuttleCrabKills"":1,""skillshotsDodged"":11,""skillshotsHit"":71,""sno'"
324,"b'wballsHit"":0,""soloBaronKills"":0,""soloKills"":0,""stealthWardsPlaced"":1,""survivedSingleDigitHpCount"":0,""survivedThreeImmobilizesInF'"
325,"b'ight"":0,""takedownOnFirstTurret"":0,""takedowns"":6,""takedownsAfterGainingLevelAdvantage"":0,""takedownsBeforeJungleMinionSpawn"":0,""ta'"
326,"b'kedownsFirstXMinutes"":5,""takedownsInAlcove"":0,""takedownsInEnemyFountain"":0,""teamBaronKills"":0,""teamDamagePercentage"":0.239053398'"
327,"b'11348542,""teamElderDragonKills"":0,""teamRiftHeraldKills"":0,""tookLargeDamageSurvived"":0,""turretPlatesTaken"":1,""turretTakedowns"":0,'"
328,"b'""turretsTakenWithRiftHerald"":0,""twentyMinionsIn3SecondsCount"":0,""twoWardsOneSweeperCount"":0,""unseenRecalls"":0,""visionScoreAdvant'"
329,"b'ageLaneOpponent"":-0.5549165606498718,""visionScorePerMinute"":1.064512899575232,""wardTakedowns"":3,""wardTakedownsBefore20M"":3,""ward'"
330,"b'sGuarded"":0},""champExperience"":7214,""champLevel"":10,""championId"":163,""championName"":""Taliyah"",""championTransform"":0,""commandPing'"
331,"b's"":16,""consumablesPurchased"":4,""damageDealtToBuildings"":0,""damageDealtToObjectives"":5055,""damageDealtToTurrets"":0,""damageSelfMit'"
332,"b'igated"":4165,""dangerPings"":0,""deaths"":5,""detectorWardsPlaced"":3,""doubleKills"":0,""dragonKills"":0,""eligibleForProgression"":true,""e'"
333,"b'nemyMissingPings"":8,""enemyVisionPings"":1,""firstBloodAssist"":false,""firstBloodKill"":false,""firstTowerAssist"":false,""firstTowerKil'"
334,"b'l"":false,""gameEndedInEarlySurrender"":false,""gameEndedInSurrender"":true,""getBackPings"":7,""goldEarned"":7191,""goldSpent"":5975,""hold'"
335,"b'Pings"":0,""individualPosition"":""JUNGLE"",""inhibitorKills"":0,""inhibitorTakedowns"":0,""inhibitorsLost"":0,""item0"":0,""item1"":6655,""item'"
336,"b'2"":0,""item3"":1082,""item4"":3108,""item5"":3020,""item6"":3364,""itemsPurchased"":14,""killingSprees"":1,""kills"":3,""lane"":""NONE"",""largestC'"
337,"b'riticalStrike"":0,""largestKillingSpree"":2,""largestMultiKill"":1,""longestTimeSpentLiving"":581,""magicDamageDealt"":92720,""magicDamage'"
338,"b'DealtToChampions"":5870,""magicDamageTaken"":3269,""needVisionPings"":0,""neutralMinionsKilled"":100,""nexusKills"":0,""nexusLost"":0,""nexu'"
339,"b'sTakedowns"":0,""objectivesStolen"":0,""objectivesStolenAssists"":0,""onMyWayPings"":15,""participantId"":7,""pentaKills"":0,""perks"":{""stat'"
340,"b'Perks"":{""defense"":5002,""flex"":5008,""offense"":5008},""styles"":[{""description"":""primaryStyle"",""selections"":[{""perk"":8369,""var1"":440'"
341,"b',""var2"":333,""var3"":0},{""perk"":8304,""var1"":9,""var2"":0,""var3"":0},{""perk"":8321,""var1"":1,""var2"":0,""var3"":0},{""perk"":8347,""var1"":0,""v'"
342,"b'ar2"":0,""var3"":0}],""style"":8300},{""description"":""subStyle"",""selections"":[{""perk"":8138,""var1"":12,""var2"":0,""var3"":0},{""perk"":8135,""'"
343,"b'var1"":210,""var2"":3,""var3"":0}],""style"":8100}]},""physicalDamageDealt"":11438,""physicalDamageDealtToChampions"":827,""physicalDamageTa'"
344,"b'ken"":7887,""placement"":0,""playerAugment1"":0,""playerAugment2"":0,""playerAugment3"":0,""playerAugment4"":0,""playerSubteamId"":0,""profile'"
345,"b'Icon"":5922,""pushPings"":0,""puuid"":""OTGt-vjb8VoONpU5hWKSr8ImqjDI7iU1g53V8LAIV5S2MliUA8YuHp2uvS2aipKbJyPZd69-dT2FDA"",""quadraKills"":'"
346,"b'0,""riotIdName"":"""",""riotIdTagline"":"""",""role"":""SUPPORT"",""sightWardsBoughtInGame"":0,""spell1Casts"":134,""spell2Casts"":35,""spell3Casts'"
347,"b'"":52,""spell4Casts"":4,""subteamPlacement"":0,""summoner1Casts"":12,""summoner1Id"":11,""summoner2Casts"":3,""summoner2Id"":4,""summonerId"":""'"
348,"b'QPkmcsrcEdZQqtKhehBOhA_w9O0ieIc8vcAVScKuwlkWTkc"",""summonerLevel"":545,""summonerName"":""DK Sharvel"",""teamEarlySurrendered"":false,""t'"
349,"b'eamId"":200,""teamPosition"":""JUNGLE"",""timeCCingOthers"":17,""timePlayed"":1129,""totalAllyJungleMinionsKilled"":87,""totalDamageDealt"":1'"
350,"b'21317,""totalDamageDealtToChampions"":7668,""totalDamageShieldedOnTeammates"":0,""totalDamageTaken"":12020,""totalEnemyJungleMinionsKil'"
351,"b'led"":4,""totalHeal"":3197,""totalHealsOnTeammates"":0,""totalMinionsKilled"":13,""totalTimeCCDealt"":578,""totalTimeSpentDead"":108,""total'"
352,"b'UnitsHealed"":1,""tripleKills"":0,""trueDamageDealt"":17158,""trueDamageDealtToChampions"":971,""trueDamageTaken"":863,""turretKills"":0,""t'"
353,"b'urretTakedowns"":0,""turretsLost"":4,""unrealKills"":0,""visionClearedPings"":0,""visionScore"":20,""visionWardsBoughtInGame"":3,""wardsKill'"
354,"b'ed"":3,""wardsPlaced"":4,""win"":false},{""allInPings"":0,""assistMePings"":0,""assists"":2,""baitPings"":0,""baronKills"":0,""basicPings"":0,""bo'"
355,"b'untyLevel"":0,""challenges"":{""12AssistStreakCount"":0,""abilityUses"":232,""acesBefore15Minutes"":0,""alliedJungleMonsterKills"":0,""baron'"
356,"b'Takedowns"":0,""blastConeOppositeOpponentCount"":0,""bountyGold"":0,""buffsStolen"":0,""completeSupportQuestInTime"":0,""controlWardTimeCo'"
357,"b'verageInRiverOrEnemyHalf"":0.661965128889452,""controlWardsPlaced"":2,""damagePerMinute"":581.5304297045391,""damageTakenOnTeamPercent'"
358,"b'age"":0.2678096258657672,""dancedWithRiftHerald"":0,""deathsByEnemyChamps"":7,""dodgeSkillShotsSmallWindow"":2,""doubleAces"":0,""dragonTa'"
359,"b'kedowns"":0,""earlyLaningPhaseGoldExpAdvantage"":0,""effectiveHealAndShielding"":0,""elderDragonKillsWithOpposingSoul"":0,""elderDragonM'"
360,"b'ultikills"":0,""enemyChampionImmobilizations"":5,""enemyJungleMonsterKills"":0,""epicMonsterKillsNearEnemyJungler"":0,""epicMonsterKills'"
361,"b'Within30SecondsOfSpawn"":0,""epicMonsterSteals"":0,""epicMonsterStolenWithoutSmite"":0,""firstTurretKilled"":0,""flawlessAces"":0,""fullTe'"
362,"b'amTakedown"":0,""gameLength"":1129.4649577,""getTakedownsInAllLanesEarlyJungleAsLaner"":0,""goldPerMinute"":341.02537516689176,""hadOpen'"
363,"b'Nexus"":0,""immobilizeAndKillWithAlly"":0,""initialBuffCount"":0,""initialCrabCount"":0,""jungleCsBefore10Minutes"":0,""junglerTakedownsNe'"
364,"b'arDamagedEpicMonster"":0,""kTurretsDestroyedBeforePlatesFall"":0,""kda"":0.2857142857142857,""killAfterHiddenWithAlly"":0,""killParticip'"
365,"b'ation"":0.3333333333333333,""killedChampTookFullTeamDamageSurvived"":0,""killingSprees"":0,""killsNearEnemyTurret"":0,""killsOnOtherLane'"
366,"b'sEarlyJungleAsLaner"":0,""killsOnRecentlyHealedByAramPack"":0,""killsUnderOwnTurret"":0,""killsWithHelpFromEpicMonster"":0,""knockEnemyI'"
367,"b'ntoTeamAndKill"":0,""landSkillShotsEarlyGame"":7,""laneMinionsFirst10Minutes"":78,""laningPhaseGoldExpAdvantage"":0,""legendaryCount"":0,'"
368,"b'""lostAnInhibitor"":0,""maxCsAdvantageOnLaneOpponent"":3,""maxKillDeficit"":0,""maxLevelLeadLaneOpponent"":1,""mejaisFullStackInTime"":0,""'"
369,"b'moreEnemyJungleThanOpponent"":0,""multiKillOneSpell"":0,""multiTurretRiftHeraldCount"":0,""multikills"":0,""multikillsAfterAggressiveFla'"
370,"b'sh"":0,""mythicItemUsed"":6691,""outerTurretExecutesBefore10Minutes"":0,""outnumberedKills"":0,""outnumberedNexusKill"":0,""perfectDragonS'"
371,"b'oulsTaken"":0,""perfectGame"":0,""pickKillWithAlly"":2,""playedChampSelectPosition"":1,""poroExplosions"":0,""quickCleanse"":0,""quickFirstT'"
372,"b'urret"":0,""quickSoloKills"":0,""riftHeraldTakedowns"":0,""saveAllyFromDeath"":0,""scuttleCrabKills"":0,""skillshotsDodged"":15,""skillshots'"
373,"b'Hit"":19,""snowballsHit"":0,""soloBaronKills"":0,""soloKills"":0,""stealthWardsPlaced"":4,""survivedSingleDigitHpCount"":0,""survivedThreeIm'"
374,"b'mobilizesInFight"":0,""takedownOnFirstTurret"":0,""takedowns"":2,""takedownsAfterGainingLevelAdvantage"":0,""takedownsBeforeJungleMinion'"
375,"b'Spawn"":0,""takedownsFirstXMinutes"":2,""takedownsInAlcove"":0,""takedownsInEnemyFountain"":0,""teamBaronKills"":0,""teamDamagePercentage""'"
376,"b':0.3412546189627043,""teamElderDragonKills"":0,""teamRiftHeraldKills"":0,""tookLargeDamageSurvived"":0,""turretPlatesTaken"":1,""turretTa'"
377,"b'kedowns"":0,""turretsTakenWithRiftHerald"":0,""twentyMinionsIn3SecondsCount"":7,""twoWardsOneSweeperCount"":0,""unseenRecalls"":0,""vision'"
378,"b'ScoreAdvantageLaneOpponent"":0.12416696548461914,""visionScorePerMinute"":1.0584270274549739,""wardTakedowns"":6,""wardTakedownsBefore'"
379,"b'20M"":6,""wardsGuarded"":0},""champExperience"":8779,""champLevel"":12,""championId"":126,""championName"":""Jayce"",""championTransform"":0,""c'"
380,"b'ommandPings"":7,""consumablesPurchased"":3,""damageDealtToBuildings"":1672,""damageDealtToObjectives"":4014,""damageDealtToTurrets"":1672'"
381,"b',""damageSelfMitigated"":6478,""dangerPings"":0,""deaths"":7,""detectorWardsPlaced"":2,""doubleKills"":0,""dragonKills"":0,""eligibleForProgr'"
382,"b'ession"":true,""enemyMissingPings"":1,""enemyVisionPings"":0,""firstBloodAssist"":false,""firstBloodKill"":false,""firstTowerAssist"":false'"
383,"b',""firstTowerKill"":false,""gameEndedInEarlySurrender"":false,""gameEndedInSurrender"":true,""getBackPings"":5,""goldEarned"":6419,""goldSp'"
384,"b'ent"":6050,""holdPings"":0,""individualPosition"":""MIDDLE"",""inhibitorKills"":0,""inhibitorTakedowns"":0,""inhibitorsLost"":0,""item0"":1001,'"
385,"b'""item1"":3133,""item2"":1036,""item3"":3070,""item4"":6691,""item5"":1055,""item6"":3363,""itemsPurchased"":21,""killingSprees"":0,""kills"":0,""l'"
386,"b'ane"":""NONE"",""largestCriticalStrike"":0,""largestKillingSpree"":0,""largestMultiKill"":0,""longestTimeSpentLiving"":278,""magicDamageDeal'"
387,"b't"":10661,""magicDamageDealtToChampions"":1773,""magicDamageTaken"":6317,""needVisionPings"":0,""neutralMinionsKilled"":0,""nexusKills"":0,'"
388,"b'""nexusLost"":0,""nexusTakedowns"":0,""objectivesStolen"":0,""objectivesStolenAssists"":0,""onMyWayPings"":1,""participantId"":8,""pentaKills'"
389,"b'"":0,""perks"":{""statPerks"":{""defense"":5003,""flex"":5008,""offense"":5008},""styles"":[{""description"":""primaryStyle"",""selections"":[{""per'"
390,"b'k"":8230,""var1"":8,""var2"":0,""var3"":0},{""perk"":8226,""var1"":250,""var2"":447,""var3"":0},{""perk"":8233,""var1"":11,""var2"":0,""var3"":0},{""per'"
391,"b'k"":8237,""var1"":452,""var2"":0,""var3"":0}],""style"":8200},{""description"":""subStyle"",""selections"":[{""perk"":8345,""var1"":3,""var2"":0,""var'"
392,"b'3"":0},{""perk"":8347,""var1"":0,""var2"":0,""var3"":0}],""style"":8300}]},""physicalDamageDealt"":66834,""physicalDamageDealtToChampions"":917'"
393,"b'3,""physicalDamageTaken"":5047,""placement"":0,""playerAugment1"":0,""playerAugment2"":0,""playerAugment3"":0,""playerAugment4"":0,""playerSu'"
394,"b'bteamId"":0,""profileIcon"":5929,""pushPings"":0,""puuid"":""ZxUAmFepizwGsjDA9dcaJcUxrmm37WO4D0PvW0NN_KZz_BxFdYADGsH7JMIwHiVtcdjnUDpsE5y'"
395,"b'fuA"",""quadraKills"":0,""riotIdName"":"""",""riotIdTagline"":"""",""role"":""SUPPORT"",""sightWardsBoughtInGame"":0,""spell1Casts"":74,""spell2Cast'"
396,"b's"":45,""spell3Casts"":44,""spell4Casts"":69,""subteamPlacement"":0,""summoner1Casts"":2,""summoner1Id"":12,""summoner2Casts"":2,""summoner2Id'"
397,"b'"":4,""summonerId"":""PlKs4qZHhjqJxL8y8UiiBeHnKKEy4OjqeuA-a97ywb8y4Lo9"",""summonerLevel"":468,""summonerName"":""DK Pullbae"",""teamEarlySu'"
398,"b'rrendered"":false,""teamId"":200,""teamPosition"":""MIDDLE"",""timeCCingOthers"":4,""timePlayed"":1129,""totalAllyJungleMinionsKilled"":0,""to'"
399,"b'talDamageDealt"":88427,""totalDamageDealtToChampions"":10946,""totalDamageShieldedOnTeammates"":0,""totalDamageTaken"":12572,""totalEnem'"
400,"b'yJungleMinionsKilled"":0,""totalHeal"":534,""totalHealsOnTeammates"":0,""totalMinionsKilled"":165,""totalTimeCCDealt"":82,""totalTimeSpent'"
401,"b'Dead"":159,""totalUnitsHealed"":1,""tripleKills"":0,""trueDamageDealt"":10931,""trueDamageDealtToChampions"":0,""trueDamageTaken"":1206,""tu'"
402,"b'rretKills"":0,""turretTakedowns"":0,""turretsLost"":4,""unrealKills"":0,""visionClearedPings"":0,""visionScore"":19,""visionWardsBoughtInGam'"
403,"b'e"":2,""wardsKilled"":6,""wardsPlaced"":8,""win"":false},{""allInPings"":0,""assistMePings"":2,""assists"":0,""baitPings"":0,""baronKills"":0,""ba'"
404,"b'sicPings"":0,""bountyLevel"":0,""challenges"":{""12AssistStreakCount"":0,""abilityUses"":71,""acesBefore15Minutes"":0,""alliedJungleMonsterK'"
405,"b'ills"":0,""baronTakedowns"":0,""blastConeOppositeOpponentCount"":0,""bountyGold"":0,""buffsStolen"":0,""completeSupportQuestInTime"":0,""con'"
406,"b'trolWardsPlaced"":1,""damagePerMinute"":130.15639736456254,""damageTakenOnTeamPercentage"":0.11616008128395246,""dancedWithRiftHerald""'"
407,"b':0,""deathsByEnemyChamps"":3,""dodgeSkillShotsSmallWindow"":0,""doubleAces"":0,""dragonTakedowns"":0,""earlyLaningPhaseGoldExpAdvantage"":'"
408,"b'0,""effectiveHealAndShielding"":187.4844970703125,""elderDragonKillsWithOpposingSoul"":0,""elderDragonMultikills"":0,""enemyChampionImm'"
409,"b'obilizations"":0,""enemyJungleMonsterKills"":0,""epicMonsterKillsNearEnemyJungler"":0,""epicMonsterKillsWithin30SecondsOfSpawn"":0,""epi'"
410,"b'cMonsterSteals"":0,""epicMonsterStolenWithoutSmite"":0,""firstTurretKilled"":0,""flawlessAces"":0,""fullTeamTakedown"":0,""gameLength"":112'"
411,"b'9.4649577,""getTakedownsInAllLanesEarlyJungleAsLaner"":0,""goldPerMinute"":336.8401627359758,""hadOpenNexus"":0,""immobilizeAndKillWith'"
412,"b'Ally"":0,""initialBuffCount"":0,""initialCrabCount"":0,""jungleCsBefore10Minutes"":0,""junglerTakedownsNearDamagedEpicMonster"":0,""kTurre'"
413,"b'tsDestroyedBeforePlatesFall"":0,""kda"":0.3333333333333333,""killAfterHiddenWithAlly"":1,""killParticipation"":0.16666666666666666,""kil'"
414,"b'ledChampTookFullTeamDamageSurvived"":0,""killingSprees"":0,""killsNearEnemyTurret"":0,""killsOnOtherLanesEarlyJungleAsLaner"":0,""killsO'"
415,"b'nRecentlyHealedByAramPack"":0,""killsUnderOwnTurret"":0,""killsWithHelpFromEpicMonster"":0,""knockEnemyIntoTeamAndKill"":0,""landSkillSh'"
416,"b'otsEarlyGame"":2,""laneMinionsFirst10Minutes"":63,""laningPhaseGoldExpAdvantage"":0,""legendaryCount"":0,""lostAnInhibitor"":0,""maxCsAdva'"
417,"b'ntageOnLaneOpponent"":0,""maxKillDeficit"":0,""maxLevelLeadLaneOpponent"":1,""mejaisFullStackInTime"":0,""moreEnemyJungleThanOpponent"":0'"
418,"b',""multiKillOneSpell"":0,""multiTurretRiftHeraldCount"":0,""multikills"":0,""multikillsAfterAggressiveFlash"":0,""outerTurretExecutesBefo'"
419,"b're10Minutes"":0,""outnumberedKills"":0,""outnumberedNexusKill"":0,""perfectDragonSoulsTaken"":0,""perfectGame"":0,""pickKillWithAlly"":1,""p'"
420,"b'layedChampSelectPosition"":1,""poroExplosions"":0,""quickCleanse"":0,""quickFirstTurret"":0,""quickSoloKills"":0,""riftHeraldTakedowns"":0,'"
421,"b'""saveAllyFromDeath"":0,""scuttleCrabKills"":0,""skillshotsDodged"":4,""skillshotsHit"":3,""snowballsHit"":0,""soloBaronKills"":0,""soloKills'"
422,"b'"":0,""stealthWardsPlaced"":5,""survivedSingleDigitHpCount"":0,""survivedThreeImmobilizesInFight"":2,""takedownOnFirstTurret"":0,""takedow'"
423,"b'ns"":1,""takedownsAfterGainingLevelAdvantage"":0,""takedownsBeforeJungleMinionSpawn"":0,""takedownsFirstXMinutes"":1,""takedownsInAlcove'"
424,"b'"":0,""takedownsInEnemyFountain"":0,""teamBaronKills"":0,""teamDamagePercentage"":0.07637858574446225,""teamElderDragonKills"":0,""teamRif'"
425,"b'tHeraldKills"":0,""tookLargeDamageSurvived"":0,""turretPlatesTaken"":0,""turretTakedowns"":0,""turretsTakenWithRiftHerald"":0,""twentyMini'"
426,"b'onsIn3SecondsCount"":6,""twoWardsOneSweeperCount"":0,""unseenRecalls"":0,""visionScoreAdvantageLaneOpponent"":0.7100710868835449,""visio'"
427,"b'nScorePerMinute"":1.0621551104796272,""wardTakedowns"":6,""wardTakedownsBefore20M"":6,""wardsGuarded"":0},""champExperience"":6589,""champ'"
428,"b'Level"":10,""championId"":145,""championName"":""Kaisa"",""championTransform"":0,""commandPings"":6,""consumablesPurchased"":4,""damageDealtTo'"
429,"b'Buildings"":0,""damageDealtToObjectives"":1331,""damageDealtToTurrets"":0,""damageSelfMitigated"":3395,""dangerPings"":0,""deaths"":3,""dete'"
430,"b'ctorWardsPlaced"":1,""doubleKills"":0,""dragonKills"":0,""eligibleForProgression"":true,""enemyMissingPings"":5,""enemyVisionPings"":0,""fir'"
431,"b'stBloodAssist"":false,""firstBloodKill"":false,""firstTowerAssist"":false,""firstTowerKill"":false,""gameEndedInEarlySurrender"":false,""g'"
432,"b'ameEndedInSurrender"":true,""getBackPings"":6,""goldEarned"":6340,""goldSpent"":5835,""holdPings"":0,""individualPosition"":""BOTTOM"",""inhib'"
433,"b'itorKills"":0,""inhibitorTakedowns"":0,""inhibitorsLost"":0,""item0"":1055,""item1"":2055,""item2"":3006,""item3"":3087,""item4"":1042,""item5"":'"
434,"b'1052,""item6"":3363,""itemsPurchased"":14,""killingSprees"":0,""kills"":1,""lane"":""NONE"",""largestCriticalStrike"":242,""largestKillingSpree'"
435,"b'"":0,""largestMultiKill"":1,""longestTimeSpentLiving"":814,""magicDamageDealt"":20891,""magicDamageDealtToChampions"":1030,""magicDamageTa'"
436,"b'ken"":807,""needVisionPings"":0,""neutralMinionsKilled"":0,""nexusKills"":0,""nexusLost"":0,""nexusTakedowns"":0,""objectivesStolen"":0,""obje'"
437,"b'ctivesStolenAssists"":0,""onMyWayPings"":2,""participantId"":9,""pentaKills"":0,""perks"":{""statPerks"":{""defense"":5002,""flex"":5008,""offen'"
438,"b'se"":5005},""styles"":[{""description"":""primaryStyle"",""selections"":[{""perk"":9923,""var1"":15,""var2"":71,""var3"":0},{""perk"":8139,""var1"":1'"
439,"b'58,""var2"":0,""var3"":0},{""perk"":8138,""var1"":1,""var2"":0,""var3"":0},{""perk"":8135,""var1"":50,""var2"":1,""var3"":0}],""style"":8100},{""descri'"
440,"b'ption"":""subStyle"",""selections"":[{""perk"":8345,""var1"":3,""var2"":0,""var3"":0},{""perk"":8347,""var1"":0,""var2"":0,""var3"":0}],""style"":8300}'"
441,"b']},""physicalDamageDealt"":36701,""physicalDamageDealtToChampions"":1396,""physicalDamageTaken"":4459,""placement"":0,""playerAugment1"":0'"
442,"b',""playerAugment2"":0,""playerAugment3"":0,""playerAugment4"":0,""playerSubteamId"":0,""profileIcon"":4021,""pushPings"":0,""puuid"":""az0CNeec'"
443,"b'cbYbYmycGxMZx81CZ1YW3MHvVUaBARF840V_8nzG9bgl1-fyJcnBP8iqca0dbDAwVp2cIQ"",""quadraKills"":0,""riotIdName"":"""",""riotIdTagline"":"""",""role'"
444,"b'"":""SUPPORT"",""sightWardsBoughtInGame"":0,""spell1Casts"":30,""spell2Casts"":17,""spell3Casts"":22,""spell4Casts"":2,""subteamPlacement"":0,""'"
445,"b'summoner1Casts"":2,""summoner1Id"":4,""summoner2Casts"":2,""summoner2Id"":7,""summonerId"":""BdtMwtQNqq07tpe8SxrCj1WNPcD0o7cg1EpERpWZCSIbw'"
446,"b'dc"",""summonerLevel"":341,""summonerName"":""\xeb\xa9\x8d \xeb\x85\x80"",""teamEarlySurrendered"":false,""teamId"":200,""teamPosition"":""BOTTOM"",""timeCCingOth'"
447,"b'ers"":0,""timePlayed"":1129,""totalAllyJungleMinionsKilled"":0,""totalDamageDealt"":57624,""totalDamageDealtToChampions"":2450,""totalDama'"
448,"b'geShieldedOnTeammates"":0,""totalDamageTaken"":5453,""totalEnemyJungleMinionsKilled"":0,""totalHeal"":825,""totalHealsOnTeammates"":187,""'"
449,"b'totalMinionsKilled"":162,""totalTimeCCDealt"":2,""totalTimeSpentDead"":36,""totalUnitsHealed"":2,""tripleKills"":0,""trueDamageDealt"":31,""'"
450,"b'trueDamageDealtToChampions"":23,""trueDamageTaken"":186,""turretKills"":0,""turretTakedowns"":0,""turretsLost"":4,""unrealKills"":0,""vision'"
451,"b'ClearedPings"":0,""visionScore"":19,""visionWardsBoughtInGame"":2,""wardsKilled"":6,""wardsPlaced"":7,""win"":false},{""allInPings"":0,""assis'"
452,"b'tMePings"":4,""assists"":2,""baitPings"":0,""baronKills"":0,""basicPings"":0,""bountyLevel"":0,""challenges"":{""12AssistStreakCount"":0,""abili'"
453,"b'tyUses"":72,""acesBefore15Minutes"":0,""alliedJungleMonsterKills"":1,""baronTakedowns"":0,""blastConeOppositeOpponentCount"":0,""bountyGol'"
454,"b'd"":0,""buffsStolen"":0,""completeSupportQuestInTime"":1,""controlWardTimeCoverageInRiverOrEnemyHalf"":0.6113524700280305,""controlWards'"
455,"b'Placed"":5,""damagePerMinute"":74.98119983090866,""damageTakenOnTeamPercentage"":0.05708554723493431,""dancedWithRiftHerald"":0,""deaths'"
456,"b'ByEnemyChamps"":0,""dodgeSkillShotsSmallWindow"":0,""doubleAces"":0,""dragonTakedowns"":0,""earlyLaningPhaseGoldExpAdvantage"":0,""effecti'"
457,"b'veHealAndShielding"":1266.179443359375,""elderDragonKillsWithOpposingSoul"":0,""elderDragonMultikills"":0,""enemyChampionImmobilizatio'"
458,"b'ns"":4,""enemyJungleMonsterKills"":0,""epicMonsterKillsNearEnemyJungler"":0,""epicMonsterKillsWithin30SecondsOfSpawn"":0,""epicMonsterSt'"
459,"b'eals"":0,""epicMonsterStolenWithoutSmite"":0,""fasterSupportQuestCompletion"":1,""firstTurretKilled"":0,""flawlessAces"":0,""fullTeamTaked'"
460,"b'own"":0,""gameLength"":1129.4649577,""getTakedownsInAllLanesEarlyJungleAsLaner"":0,""goldPerMinute"":221.32171120788018,""hadOpenNexus"":'"
461,"b'0,""immobilizeAndKillWithAlly"":1,""initialBuffCount"":0,""initialCrabCount"":0,""jungleCsBefore10Minutes"":0,""junglerTakedownsNearDamag'"
462,"b'edEpicMonster"":0,""kTurretsDestroyedBeforePlatesFall"":0,""kda"":2,""killAfterHiddenWithAlly"":2,""killParticipation"":0.333333333333333'"
463,"b'3,""killedChampTookFullTeamDamageSurvived"":0,""killingSprees"":0,""killsNearEnemyTurret"":0,""killsOnOtherLanesEarlyJungleAsLaner"":0,""'"
464,"b'killsOnRecentlyHealedByAramPack"":0,""killsUnderOwnTurret"":0,""killsWithHelpFromEpicMonster"":0,""knockEnemyIntoTeamAndKill"":0,""landS'"
465,"b'killShotsEarlyGame"":6,""laneMinionsFirst10Minutes"":15,""laningPhaseGoldExpAdvantage"":0,""legendaryCount"":0,""lostAnInhibitor"":0,""max'"
466,"b'CsAdvantageOnLaneOpponent"":14,""maxKillDeficit"":0,""maxLevelLeadLaneOpponent"":1,""mejaisFullStackInTime"":0,""moreEnemyJungleThanOppo'"
467,"b'nent"":0,""multiKillOneSpell"":0,""multiTurretRiftHeraldCount"":0,""multikills"":0,""multikillsAfterAggressiveFlash"":0,""outerTurretExecu'"
468,"b'tesBefore10Minutes"":0,""outnumberedKills"":0,""outnumberedNexusKill"":0,""perfectDragonSoulsTaken"":0,""perfectGame"":0,""pickKillWithAll'"
469,"b'y"":2,""playedChampSelectPosition"":1,""poroExplosions"":0,""quickCleanse"":0,""quickFirstTurret"":0,""quickSoloKills"":0,""riftHeraldTakedo'"
470,"b'wns"":0,""saveAllyFromDeath"":0,""scuttleCrabKills"":0,""skillshotsDodged"":4,""skillshotsHit"":9,""snowballsHit"":0,""soloBaronKills"":0,""so'"
471,"b'loKills"":0,""stealthWardsPlaced"":12,""survivedSingleDigitHpCount"":0,""survivedThreeImmobilizesInFight"":8,""takedownOnFirstTurret"":0,'"
472,"b'""takedowns"":2,""takedownsAfterGainingLevelAdvantage"":0,""takedownsBeforeJungleMinionSpawn"":0,""takedownsFirstXMinutes"":2,""takedowns'"
473,"b'InAlcove"":0,""takedownsInEnemyFountain"":0,""teamBaronKills"":0,""teamDamagePercentage"":0.04400058788095333,""teamElderDragonKills"":0,'"
474,"b'""teamRiftHeraldKills"":0,""tookLargeDamageSurvived"":0,""turretPlatesTaken"":1,""turretTakedowns"":0,""turretsTakenWithRiftHerald"":0,""tw'"
475,"b'entyMinionsIn3SecondsCount"":1,""twoWardsOneSweeperCount"":0,""unseenRecalls"":0,""visionScoreAdvantageLaneOpponent"":-0.08139133453369'"
476,"b'14,""visionScorePerMinute"":2.222714833700768,""wardTakedowns"":4,""wardTakedownsBefore20M"":4,""wardsGuarded"":0},""champExperience"":521'"
477,"b'9,""champLevel"":9,""championId"":497,""championName"":""Rakan"",""championTransform"":0,""commandPings"":9,""consumablesPurchased"":9,""damage'"
478,"b'DealtToBuildings"":0,""damageDealtToObjectives"":172,""damageDealtToTurrets"":0,""damageSelfMitigated"":4564,""dangerPings"":0,""deaths"":0'"
479,"b',""detectorWardsPlaced"":5,""doubleKills"":0,""dragonKills"":0,""eligibleForProgression"":true,""enemyMissingPings"":13,""enemyVisionPings""'"
480,"b':5,""firstBloodAssist"":false,""firstBloodKill"":false,""firstTowerAssist"":false,""firstTowerKill"":false,""gameEndedInEarlySurrender"":f'"
481,"b'alse,""gameEndedInSurrender"":true,""getBackPings"":0,""goldEarned"":4166,""goldSpent"":3925,""holdPings"":0,""individualPosition"":""UTILITY'"
482,"b'"",""inhibitorKills"":0,""inhibitorTakedowns"":0,""inhibitorsLost"":0,""item0"":3860,""item1"":6667,""item2"":0,""item3"":1001,""item4"":0,""item5'"
483,"b'"":0,""item6"":3364,""itemsPurchased"":17,""killingSprees"":0,""kills"":0,""lane"":""NONE"",""largestCriticalStrike"":0,""largestKillingSpree"":0'"
484,"b',""largestMultiKill"":0,""longestTimeSpentLiving"":0,""magicDamageDealt"":3444,""magicDamageDealtToChampions"":805,""magicDamageTaken"":13'"
485,"b'0,""needVisionPings"":1,""neutralMinionsKilled"":1,""nexusKills"":0,""nexusLost"":0,""nexusTakedowns"":0,""objectivesStolen"":0,""objectivesS'"
486,"b'tolenAssists"":0,""onMyWayPings"":4,""participantId"":10,""pentaKills"":0,""perks"":{""statPerks"":{""defense"":5002,""flex"":5008,""offense"":50'"
487,"b'08},""styles"":[{""description"":""primaryStyle"",""selections"":[{""perk"":8465,""var1"":809,""var2"":0,""var3"":0},{""perk"":8463,""var1"":130,""va'"
488,"b'r2"":0,""var3"":0},{""perk"":8473,""var1"":316,""var2"":0,""var3"":0},{""perk"":8242,""var1"":9,""var2"":0,""var3"":0}],""style"":8400},{""description'"
489,"b'"":""subStyle"",""selections"":[{""perk"":8136,""var1"":6,""var2"":12,""var3"":0},{""perk"":8106,""var1"":2,""var2"":0,""var3"":0}],""style"":8100}]},""'"
490,"b'physicalDamageDealt"":4585,""physicalDamageDealtToChampions"":501,""physicalDamageTaken"":2533,""placement"":0,""playerAugment1"":0,""play'"
491,"b'erAugment2"":0,""playerAugment3"":0,""playerAugment4"":0,""playerSubteamId"":0,""profileIcon"":7,""pushPings"":0,""puuid"":""x1--3eY_K6wnIer1y'"
492,"b'vScRmkYRlo8UhNzCTie957Hfbcq8-dkfCd450IQEvKuVp3mnrvEq_aWNXQ4XA"",""quadraKills"":0,""riotIdName"":"""",""riotIdTagline"":"""",""role"":""SUPPOR'"
493,"b'T"",""sightWardsBoughtInGame"":0,""spell1Casts"":22,""spell2Casts"":23,""spell3Casts"":24,""spell4Casts"":3,""subteamPlacement"":0,""summoner1'"
494,"b'Casts"":3,""summoner1Id"":14,""summoner2Casts"":2,""summoner2Id"":4,""summonerId"":""rClEj99CCEzguua7ubEu4uNJuLqB6X7ZbimT4GL3pOORNNSOF3yGt'"
495,"b'bn3RQ"",""summonerLevel"":43,""summonerName"":""afgk2023"",""teamEarlySurrendered"":false,""teamId"":200,""teamPosition"":""UTILITY"",""timeCCin'"
496,"b'gOthers"":3,""timePlayed"":1129,""totalAllyJungleMinionsKilled"":1,""totalDamageDealt"":13971,""totalDamageDealtToChampions"":1411,""total'"
497,"b'DamageShieldedOnTeammates"":961,""totalDamageTaken"":2679,""totalEnemyJungleMinionsKilled"":0,""totalHeal"":750,""totalHealsOnTeammates""'"
498,"b':304,""totalMinionsKilled"":32,""totalTimeCCDealt"":20,""totalTimeSpentDead"":0,""totalUnitsHealed"":3,""tripleKills"":0,""trueDamageDealt""'"
499,"b':5941,""trueDamageDealtToChampions"":104,""trueDamageTaken"":15,""turretKills"":0,""turretTakedowns"":0,""turretsLost"":4,""unrealKills"":0,'"
500,"b'""visionClearedPings"":0,""visionScore"":41,""visionWardsBoughtInGame"":5,""wardsKilled"":4,""wardsPlaced"":23,""win"":false}],""platformId"":'"
501,"b'""KR"",""queueId"":420,""teams"":[{""bans"":[{""championId"":33,""pickTurn"":1},{""championId"":30,""pickTurn"":2},{""championId"":76,""pickTurn"":3'"
502,"b'},{""championId"":12,""pickTurn"":4},{""championId"":526,""pickTurn"":5}],""objectives"":{""baron"":{""first"":false,""kills"":0},""champion"":{""f'"
503,"b'irst"":true,""kills"":19},""dragon"":{""first"":true,""kills"":3},""inhibitor"":{""first"":false,""kills"":0},""riftHerald"":{""first"":true,""kills'"
504,"b'"":2},""tower"":{""first"":true,""kills"":4}},""teamId"":100,""win"":true},{""bans"":[{""championId"":-1,""pickTurn"":6},{""championId"":119,""pickT'"
505,"b'urn"":7},{""championId"":78,""pickTurn"":8},{""championId"":30,""pickTurn"":9},{""championId"":58,""pickTurn"":10}],""objectives"":{""baron"":{""f'"
506,"b'irst"":false,""kills"":0},""champion"":{""first"":false,""kills"":6},""dragon"":{""first"":false,""kills"":0},""inhibitor"":{""first"":false,""kills'"
507,"b'"":0},""riftHerald"":{""first"":false,""kills"":0},""tower"":{""first"":false,""kills"":0}},""teamId"":200,""win"":false}],""tournamentCode"":""""}}'"
