,0
0,"b'{""metadata"":{""dataVersion"":""2"",""matchId"":""KR_6607274154"",""participants"":[""ONWYxOgX1mAVWEC0RYkd4RtXf0v3o_wVGaCSkLI3kYvJoZ9OaGZc5n'"
1,"b'3fcaFNNg15vVXf4ge4V75yww"",""ZeqKn0jha0Wc43NudSl9BMUZTrYl9aSw6EeMKGRsz_iyYSecp78pJg8L2wa9Ooz-Va-qc2-1bMOa1A"",""cQO9D6wlF9y4x5FYtUHZ'"
2,"b'jqO4yjpaZ0JIY9JiwCuQqtzmS9YMbamXjN-TOkPqZwm2HyXVgXLbdz4XQw"",""5LQ4MUe0-CNFTF3UUNoe1fkQVue5M90PPlAkVnlWlUC_WlG0eMiM-VzBCGE3kh9O2rW'"
3,"b'SaacTdfJr9Q"",""fU-l2S48qB0F6uWahvDBzfLEMlL7KbpC4wwhKq4HA00lP8uDCuYsQgx5Wrca-5ll1oAU-UI-bkx2fg"",""gLjpFrNIadI7PJ-PbBdI7MHUQ9Nb5rGAm'"
4,"b'DtX8SaqV8iDVInDrTkm8fqw7f_jnNZJpM1poyiFXrTipg"",""8eoUxXZiLgZDDQN1iqJ431Y-gIBrEpt4GkzGbFQjt5Paf8lEK2miFpZAvBBnHhnNTIiXwZmHYZYHHg"",'"
5,"b'""eF-0itaOjPBlLFGRQ9mCQu_kciKOAtDFs7EqQeVwQO0wP3GYfbCpvaCS0_hD3rP4hGLONYdE5ESpTw"",""DFv5el08-_yQYqK0TGr2EumyjBZdHkqcZJoAVTE3yuVdYg'"
6,"b'An19IY6rkLth3S9SZ-WPp2W6aPgd-Mvw"",""3qgg1SNPYTbh4gbEJZjjzGrahLOWxunug9lL6L447HmMoyQIp_oei26Jsg8irEJ27pakpEaOCYAcDw""]},""info"":{""ga'"
7,"b'meCreation"":1690014696187,""gameDuration"":924,""gameEndTimestamp"":1690015638447,""gameId"":6607274154,""gameMode"":""CLASSIC"",""gameName'"
8,"b'"":""teambuilder-match-6607274154"",""gameStartTimestamp"":1690014713568,""gameType"":""MATCHED_GAME"",""gameVersion"":""13.14.520.6878"",""ma'"
9,"b'pId"":11,""participants"":[{""allInPings"":0,""assistMePings"":0,""assists"":0,""baitPings"":0,""baronKills"":0,""basicPings"":0,""bountyLevel"":'"
10,"b'0,""challenges"":{""12AssistStreakCount"":0,""abilityUses"":160,""acesBefore15Minutes"":0,""alliedJungleMonsterKills"":0,""baronTakedowns"":'"
11,"b'0,""blastConeOppositeOpponentCount"":0,""bountyGold"":450,""buffsStolen"":0,""completeSupportQuestInTime"":0,""controlWardsPlaced"":0,""dam'"
12,"b'agePerMinute"":583.3315350749946,""damageTakenOnTeamPercentage"":0.29207009553497143,""dancedWithRiftHerald"":0,""deathsByEnemyChamps""'"
13,"b':8,""dodgeSkillShotsSmallWindow"":0,""doubleAces"":0,""dragonTakedowns"":0,""earlyLaningPhaseGoldExpAdvantage"":0,""effectiveHealAndShiel'"
14,"b'ding"":0,""elderDragonKillsWithOpposingSoul"":0,""elderDragonMultikills"":0,""enemyChampionImmobilizations"":31,""enemyJungleMonsterKill'"
15,"b's"":0,""epicMonsterKillsNearEnemyJungler"":0,""epicMonsterKillsWithin30SecondsOfSpawn"":0,""epicMonsterSteals"":0,""epicMonsterStolenWit'"
16,"b'houtSmite"":0,""firstTurretKilled"":0,""flawlessAces"":0,""fullTeamTakedown"":0,""gameLength"":925.0026617999999,""getTakedownsInAllLanesE'"
17,"b'arlyJungleAsLaner"":0,""goldPerMinute"":306.2022649806066,""hadAfkTeammate"":1,""hadOpenNexus"":0,""immobilizeAndKillWithAlly"":0,""initia'"
18,"b'lBuffCount"":0,""initialCrabCount"":0,""jungleCsBefore10Minutes"":0,""junglerTakedownsNearDamagedEpicMonster"":0,""kTurretsDestroyedBefo'"
19,"b'rePlatesFall"":0,""kda"":0.125,""killAfterHiddenWithAlly"":0,""killParticipation"":0.25,""killedChampTookFullTeamDamageSurvived"":0,""kill'"
20,"b'ingSprees"":0,""killsNearEnemyTurret"":0,""killsOnOtherLanesEarlyJungleAsLaner"":0,""killsOnRecentlyHealedByAramPack"":0,""killsUnderOwn'"
21,"b'Turret"":0,""killsWithHelpFromEpicMonster"":0,""knockEnemyIntoTeamAndKill"":1,""landSkillShotsEarlyGame"":4,""laneMinionsFirst10Minutes""'"
22,"b':54,""laningPhaseGoldExpAdvantage"":0,""legendaryCount"":0,""lostAnInhibitor"":0,""maxCsAdvantageOnLaneOpponent"":7,""maxKillDeficit"":0,""'"
23,"b'maxLevelLeadLaneOpponent"":1,""mejaisFullStackInTime"":0,""moreEnemyJungleThanOpponent"":0,""multiKillOneSpell"":0,""multiTurretRiftHera'"
24,"b'ldCount"":0,""multikills"":0,""multikillsAfterAggressiveFlash"":0,""outerTurretExecutesBefore10Minutes"":0,""outnumberedKills"":0,""outnum'"
25,"b'beredNexusKill"":0,""perfectDragonSoulsTaken"":0,""perfectGame"":0,""pickKillWithAlly"":0,""playedChampSelectPosition"":1,""poroExplosions'"
26,"b'"":0,""quickCleanse"":0,""quickFirstTurret"":0,""quickSoloKills"":0,""riftHeraldTakedowns"":0,""saveAllyFromDeath"":0,""scuttleCrabKills"":0,'"
27,"b'""skillshotsDodged"":1,""skillshotsHit"":12,""snowballsHit"":0,""soloBaronKills"":0,""soloKills"":1,""stealthWardsPlaced"":5,""survivedSingle'"
28,"b'DigitHpCount"":0,""survivedThreeImmobilizesInFight"":0,""takedownOnFirstTurret"":0,""takedowns"":1,""takedownsAfterGainingLevelAdvantage'"
29,"b'"":0,""takedownsBeforeJungleMinionSpawn"":0,""takedownsFirstXMinutes"":1,""takedownsInAlcove"":0,""takedownsInEnemyFountain"":0,""teamBaro'"
30,"b'nKills"":0,""teamDamagePercentage"":0.3446698892892059,""teamElderDragonKills"":0,""teamRiftHeraldKills"":0,""tookLargeDamageSurvived"":0'"
31,"b',""turretPlatesTaken"":0,""turretTakedowns"":0,""turretsTakenWithRiftHerald"":0,""twentyMinionsIn3SecondsCount"":3,""twoWardsOneSweeperCo'"
32,"b'unt"":0,""unseenRecalls"":0,""visionScoreAdvantageLaneOpponent"":0.20541775226593018,""visionScorePerMinute"":0.5980044090787887,""wardT'"
33,"b'akedowns"":1,""wardTakedownsBefore20M"":1,""wardsGuarded"":0},""champExperience"":6177,""champLevel"":10,""championId"":266,""championName"":'"
34,"b'""Aatrox"",""championTransform"":0,""commandPings"":2,""consumablesPurchased"":1,""damageDealtToBuildings"":0,""damageDealtToObjectives"":0,'"
35,"b'""damageDealtToTurrets"":0,""damageSelfMitigated"":11038,""dangerPings"":0,""deaths"":8,""detectorWardsPlaced"":0,""doubleKills"":0,""dragonK'"
36,"b'ills"":0,""eligibleForProgression"":true,""enemyMissingPings"":0,""enemyVisionPings"":0,""firstBloodAssist"":false,""firstBloodKill"":false'"
37,"b',""firstTowerAssist"":false,""firstTowerKill"":false,""gameEndedInEarlySurrender"":false,""gameEndedInSurrender"":true,""getBackPings"":0,'"
38,"b'""goldEarned"":4720,""goldSpent"":4450,""holdPings"":0,""individualPosition"":""TOP"",""inhibitorKills"":0,""inhibitorTakedowns"":0,""inhibitor'"
39,"b'sLost"":0,""item0"":2031,""item1"":6029,""item2"":1054,""item3"":3076,""item4"":3067,""item5"":3047,""item6"":3340,""itemsPurchased"":10,""killing'"
40,"b'Sprees"":0,""kills"":1,""lane"":""NONE"",""largestCriticalStrike"":4,""largestKillingSpree"":0,""largestMultiKill"":1,""longestTimeSpentLiving'"
41,"b'"":236,""magicDamageDealt"":427,""magicDamageDealtToChampions"":85,""magicDamageTaken"":2449,""needVisionPings"":0,""neutralMinionsKilled""'"
42,"b':0,""nexusKills"":0,""nexusLost"":0,""nexusTakedowns"":0,""objectivesStolen"":0,""objectivesStolenAssists"":0,""onMyWayPings"":0,""participan'"
43,"b'tId"":1,""pentaKills"":0,""perks"":{""statPerks"":{""defense"":5002,""flex"":5008,""offense"":5008},""styles"":[{""description"":""primaryStyle"",""'"
44,"b'selections"":[{""perk"":8010,""var1"":16,""var2"":0,""var3"":0},{""perk"":9111,""var1"":59,""var2"":20,""var3"":0},{""perk"":9105,""var1"":0,""var2"":0'"
45,"b',""var3"":0},{""perk"":8299,""var1"":176,""var2"":0,""var3"":0}],""style"":8000},{""description"":""subStyle"",""selections"":[{""perk"":8473,""var1""'"
46,"b':407,""var2"":0,""var3"":0},{""perk"":8242,""var1"":59,""var2"":0,""var3"":0}],""style"":8400}]},""physicalDamageDealt"":38185,""physicalDamageDe'"
47,"b'altToChampions"":8907,""physicalDamageTaken"":11969,""placement"":0,""playerAugment1"":0,""playerAugment2"":0,""playerAugment3"":0,""playerA'"
48,"b'ugment4"":0,""playerSubteamId"":0,""profileIcon"":588,""pushPings"":0,""puuid"":""ONWYxOgX1mAVWEC0RYkd4RtXf0v3o_wVGaCSkLI3kYvJoZ9OaGZc5n3f'"
49,"b'caFNNg15vVXf4ge4V75yww"",""quadraKills"":0,""riotIdName"":"""",""riotIdTagline"":"""",""role"":""SUPPORT"",""sightWardsBoughtInGame"":0,""spell1Ca'"
50,"b'sts"":98,""spell2Casts"":17,""spell3Casts"":42,""spell4Casts"":3,""subteamPlacement"":0,""summoner1Casts"":2,""summoner1Id"":12,""summoner2Cas'"
51,"b'ts"":2,""summoner2Id"":4,""summonerId"":""3NUSwP8a6IR4itGvUxVxWwsmxSWCY_LUCjoDdhifdbf8cOI"",""summonerLevel"":329,""summonerName"":""zehus"",'"
52,"b'""teamEarlySurrendered"":false,""teamId"":100,""teamPosition"":""TOP"",""timeCCingOthers"":14,""timePlayed"":924,""totalAllyJungleMinionsKill'"
53,"b'ed"":0,""totalDamageDealt"":42132,""totalDamageDealtToChampions"":8993,""totalDamageShieldedOnTeammates"":0,""totalDamageTaken"":14598,""t'"
54,"b'otalEnemyJungleMinionsKilled"":0,""totalHeal"":1965,""totalHealsOnTeammates"":0,""totalMinionsKilled"":83,""totalTimeCCDealt"":63,""totalT'"
55,"b'imeSpentDead"":115,""totalUnitsHealed"":1,""tripleKills"":0,""trueDamageDealt"":3520,""trueDamageDealtToChampions"":0,""trueDamageTaken"":1'"
56,"b'79,""turretKills"":0,""turretTakedowns"":0,""turretsLost"":6,""unrealKills"":0,""visionClearedPings"":0,""visionScore"":9,""visionWardsBought'"
57,"b'InGame"":0,""wardsKilled"":1,""wardsPlaced"":5,""win"":false},{""allInPings"":0,""assistMePings"":0,""assists"":2,""baitPings"":0,""baronKills"":'"
58,"b'0,""basicPings"":0,""bountyLevel"":0,""challenges"":{""12AssistStreakCount"":0,""abilityUses"":360,""acesBefore15Minutes"":0,""alliedJungleMo'"
59,"b'nsterKills"":39,""baronTakedowns"":0,""blastConeOppositeOpponentCount"":0,""bountyGold"":0,""buffsStolen"":0,""completeSupportQuestInTime""'"
60,"b':0,""controlWardsPlaced"":0,""damagePerMinute"":343.94612807413114,""damageTakenOnTeamPercentage"":0.19296454082677597,""dancedWithRift'"
61,"b'Herald"":0,""deathsByEnemyChamps"":3,""dodgeSkillShotsSmallWindow"":0,""doubleAces"":0,""dragonTakedowns"":0,""earlyLaningPhaseGoldExpAdva'"
62,"b'ntage"":0,""effectiveHealAndShielding"":0,""elderDragonKillsWithOpposingSoul"":0,""elderDragonMultikills"":0,""enemyChampionImmobilizati'"
63,"b'ons"":1,""enemyJungleMonsterKills"":1,""epicMonsterKillsNearEnemyJungler"":0,""epicMonsterKillsWithin30SecondsOfSpawn"":0,""epicMonsterS'"
64,"b'teals"":0,""epicMonsterStolenWithoutSmite"":0,""firstTurretKilled"":0,""flawlessAces"":0,""fullTeamTakedown"":0,""gameLength"":925.00266179'"
65,"b'99999,""goldPerMinute"":271.2402034260287,""hadAfkTeammate"":1,""hadOpenNexus"":0,""immobilizeAndKillWithAlly"":0,""initialBuffCount"":1,""'"
66,"b'initialCrabCount"":0,""jungleCsBefore10Minutes"":40.00000008940697,""junglerKillsEarlyJungle"":0,""junglerTakedownsNearDamagedEpicMons'"
67,"b'ter"":0,""kTurretsDestroyedBeforePlatesFall"":0,""kda"":0.6666666666666666,""killAfterHiddenWithAlly"":0,""killParticipation"":0.5,""kille'"
68,"b'dChampTookFullTeamDamageSurvived"":0,""killingSprees"":0,""killsNearEnemyTurret"":0,""killsOnLanersEarlyJungleAsJungler"":0,""killsOnRec'"
69,"b'entlyHealedByAramPack"":0,""killsUnderOwnTurret"":0,""killsWithHelpFromEpicMonster"":0,""knockEnemyIntoTeamAndKill"":0,""landSkillShotsE'"
70,"b'arlyGame"":0,""laneMinionsFirst10Minutes"":10,""laningPhaseGoldExpAdvantage"":0,""legendaryCount"":0,""lostAnInhibitor"":0,""maxCsAdvantag'"
71,"b'eOnLaneOpponent"":4.000000029802322,""maxKillDeficit"":0,""maxLevelLeadLaneOpponent"":1,""mejaisFullStackInTime"":0,""moreEnemyJungleTha'"
72,"b'nOpponent"":-49.00000002980232,""multiKillOneSpell"":0,""multiTurretRiftHeraldCount"":0,""multikills"":0,""multikillsAfterAggressiveFlas'"
73,"b'h"":0,""outerTurretExecutesBefore10Minutes"":0,""outnumberedKills"":0,""outnumberedNexusKill"":0,""perfectDragonSoulsTaken"":0,""perfectGa'"
74,"b'me"":0,""pickKillWithAlly"":2,""playedChampSelectPosition"":1,""poroExplosions"":0,""quickCleanse"":0,""quickFirstTurret"":0,""quickSoloKill'"
75,"b's"":0,""riftHeraldTakedowns"":0,""saveAllyFromDeath"":0,""scuttleCrabKills"":0,""skillshotsDodged"":5,""skillshotsHit"":0,""snowballsHit"":0,'"
76,"b'""soloBaronKills"":0,""soloKills"":0,""stealthWardsPlaced"":1,""survivedSingleDigitHpCount"":0,""survivedThreeImmobilizesInFight"":2,""take'"
77,"b'downOnFirstTurret"":0,""takedowns"":2,""takedownsAfterGainingLevelAdvantage"":0,""takedownsBeforeJungleMinionSpawn"":0,""takedownsFirstX'"
78,"b'Minutes"":2,""takedownsInAlcove"":0,""takedownsInEnemyFountain"":0,""teamBaronKills"":0,""teamDamagePercentage"":0.20322555314881272,""tea'"
79,"b'mElderDragonKills"":0,""teamRiftHeraldKills"":0,""tookLargeDamageSurvived"":0,""turretPlatesTaken"":0,""turretTakedowns"":0,""turretsTaken'"
80,"b'WithRiftHerald"":0,""twentyMinionsIn3SecondsCount"":0,""twoWardsOneSweeperCount"":0,""unseenRecalls"":0,""visionScoreAdvantageLaneOppone'"
81,"b'nt"":-0.6957331895828247,""visionScorePerMinute"":0.39015530873651777,""wardTakedowns"":1,""wardTakedownsBefore20M"":1,""wardsGuarded"":0'"
82,"b'},""champExperience"":4525,""champLevel"":8,""championId"":30,""championName"":""Karthus"",""championTransform"":0,""commandPings"":2,""consuma'"
83,"b'blesPurchased"":1,""damageDealtToBuildings"":0,""damageDealtToObjectives"":1440,""damageDealtToTurrets"":0,""damageSelfMitigated"":3554,""'"
84,"b'dangerPings"":0,""deaths"":3,""detectorWardsPlaced"":0,""doubleKills"":0,""dragonKills"":0,""eligibleForProgression"":true,""enemyMissingPin'"
85,"b'gs"":0,""enemyVisionPings"":3,""firstBloodAssist"":false,""firstBloodKill"":false,""firstTowerAssist"":false,""firstTowerKill"":false,""game'"
86,"b'EndedInEarlySurrender"":false,""gameEndedInSurrender"":true,""getBackPings"":0,""goldEarned"":4181,""goldSpent"":3950,""holdPings"":0,""indi'"
87,"b'vidualPosition"":""JUNGLE"",""inhibitorKills"":0,""inhibitorTakedowns"":0,""inhibitorsLost"":0,""item0"":1082,""item1"":3020,""item2"":3802,""it'"
88,"b'em3"":1101,""item4"":3108,""item5"":0,""item6"":3364,""itemsPurchased"":11,""killingSprees"":0,""kills"":0,""lane"":""NONE"",""largestCriticalStri'"
89,"b'ke"":0,""largestKillingSpree"":0,""largestMultiKill"":0,""longestTimeSpentLiving"":488,""magicDamageDealt"":51406,""magicDamageDealtToCham'"
90,"b'pions"":4941,""magicDamageTaken"":3591,""needVisionPings"":0,""neutralMinionsKilled"":56,""nexusKills"":0,""nexusLost"":0,""nexusTakedowns"":'"
91,"b'0,""objectivesStolen"":0,""objectivesStolenAssists"":0,""onMyWayPings"":4,""participantId"":2,""pentaKills"":0,""perks"":{""statPerks"":{""defe'"
92,"b'nse"":5002,""flex"":5008,""offense"":5008},""styles"":[{""description"":""primaryStyle"",""selections"":[{""perk"":8128,""var1"":236,""var2"":6,""va'"
93,"b'r3"":0},{""perk"":8126,""var1"":158,""var2"":0,""var3"":0},{""perk"":8138,""var1"":4,""var2"":0,""var3"":0},{""perk"":8106,""var1"":1,""var2"":0,""var3""'"
94,"b':0}],""style"":8100},{""description"":""subStyle"",""selections"":[{""perk"":9111,""var1"":57,""var2"":40,""var3"":0},{""perk"":8299,""var1"":165,""v'"
95,"b'ar2"":0,""var3"":0}],""style"":8000}]},""physicalDamageDealt"":3557,""physicalDamageDealtToChampions"":221,""physicalDamageTaken"":5881,""pl'"
96,"b'acement"":0,""playerAugment1"":0,""playerAugment2"":0,""playerAugment3"":0,""playerAugment4"":0,""playerSubteamId"":0,""profileIcon"":5641,""p'"
97,"b'ushPings"":0,""puuid"":""ZeqKn0jha0Wc43NudSl9BMUZTrYl9aSw6EeMKGRsz_iyYSecp78pJg8L2wa9Ooz-Va-qc2-1bMOa1A"",""quadraKills"":0,""riotIdName'"
98,"b'"":"""",""riotIdTagline"":"""",""role"":""SUPPORT"",""sightWardsBoughtInGame"":0,""spell1Casts"":219,""spell2Casts"":14,""spell3Casts"":125,""spell4'"
99,"b'Casts"":2,""subteamPlacement"":0,""summoner1Casts"":9,""summoner1Id"":11,""summoner2Casts"":3,""summoner2Id"":3,""summonerId"":""eKhFT6vm5eBFV'"
100,"b'j5XfHOaXy4vYRrgXNvByeK1TaqyGLiH1q4"",""summonerLevel"":324,""summonerName"":""lIllllIlIIIllIIl"",""teamEarlySurrendered"":false,""teamId"":'"
101,"b'100,""teamPosition"":""JUNGLE"",""timeCCingOthers"":7,""timePlayed"":924,""totalAllyJungleMinionsKilled"":49,""totalDamageDealt"":67277,""tot'"
102,"b'alDamageDealtToChampions"":5302,""totalDamageShieldedOnTeammates"":0,""totalDamageTaken"":9644,""totalEnemyJungleMinionsKilled"":4,""tot'"
103,"b'alHeal"":3275,""totalHealsOnTeammates"":0,""totalMinionsKilled"":18,""totalTimeCCDealt"":88,""totalTimeSpentDead"":22,""totalUnitsHealed"":'"
104,"b'1,""tripleKills"":0,""trueDamageDealt"":12312,""trueDamageDealtToChampions"":139,""trueDamageTaken"":172,""turretKills"":0,""turretTakedown'"
105,"b's"":0,""turretsLost"":6,""unrealKills"":0,""visionClearedPings"":0,""visionScore"":6,""visionWardsBoughtInGame"":0,""wardsKilled"":1,""wardsPl'"
106,"b'aced"":1,""win"":false},{""allInPings"":0,""assistMePings"":0,""assists"":0,""baitPings"":0,""baronKills"":0,""basicPings"":0,""bountyLevel"":0,""'"
107,"b'challenges"":{""12AssistStreakCount"":0,""abilityUses"":111,""acesBefore15Minutes"":0,""alliedJungleMonsterKills"":0,""baronTakedowns"":0,""'"
108,"b'blastConeOppositeOpponentCount"":0,""bountyGold"":0,""buffsStolen"":0,""completeSupportQuestInTime"":0,""controlWardsPlaced"":0,""damagePe'"
109,"b'rMinute"":180.45399402404996,""damageTakenOnTeamPercentage"":0.17808506215393788,""dancedWithRiftHerald"":0,""deathsByEnemyChamps"":2,""'"
110,"b'dodgeSkillShotsSmallWindow"":0,""doubleAces"":0,""dragonTakedowns"":0,""earlyLaningPhaseGoldExpAdvantage"":0,""effectiveHealAndShielding'"
111,"b'"":0,""elderDragonKillsWithOpposingSoul"":0,""elderDragonMultikills"":0,""enemyChampionImmobilizations"":7,""enemyJungleMonsterKills"":0,'"
112,"b'""epicMonsterKillsNearEnemyJungler"":0,""epicMonsterKillsWithin30SecondsOfSpawn"":0,""epicMonsterSteals"":0,""epicMonsterStolenWithoutS'"
113,"b'mite"":0,""firstTurretKilled"":0,""flawlessAces"":0,""fullTeamTakedown"":0,""gameLength"":925.0026617999999,""getTakedownsInAllLanesEarlyJ'"
114,"b'ungleAsLaner"":0,""goldPerMinute"":292.12662980928303,""hadAfkTeammate"":1,""hadOpenNexus"":0,""immobilizeAndKillWithAlly"":0,""initialBuf'"
115,"b'fCount"":0,""initialCrabCount"":0,""jungleCsBefore10Minutes"":0,""junglerTakedownsNearDamagedEpicMonster"":0,""kTurretsDestroyedBeforePl'"
116,"b'atesFall"":0,""kda"":0,""killAfterHiddenWithAlly"":0,""killParticipation"":0,""killedChampTookFullTeamDamageSurvived"":0,""killingSprees"":'"
117,"b'0,""killsNearEnemyTurret"":0,""killsOnOtherLanesEarlyJungleAsLaner"":0,""killsOnRecentlyHealedByAramPack"":0,""killsUnderOwnTurret"":0,""'"
118,"b'killsWithHelpFromEpicMonster"":0,""knockEnemyIntoTeamAndKill"":0,""landSkillShotsEarlyGame"":1,""laneMinionsFirst10Minutes"":76,""laning'"
119,"b'PhaseGoldExpAdvantage"":0,""legendaryCount"":0,""lostAnInhibitor"":0,""maxCsAdvantageOnLaneOpponent"":2,""maxKillDeficit"":0,""maxLevelLea'"
120,"b'dLaneOpponent"":1,""mejaisFullStackInTime"":0,""moreEnemyJungleThanOpponent"":0,""multiKillOneSpell"":0,""multiTurretRiftHeraldCount"":0,'"
121,"b'""multikills"":0,""multikillsAfterAggressiveFlash"":0,""outerTurretExecutesBefore10Minutes"":0,""outnumberedKills"":0,""outnumberedNexusK'"
122,"b'ill"":0,""perfectDragonSoulsTaken"":0,""perfectGame"":0,""pickKillWithAlly"":0,""playedChampSelectPosition"":1,""poroExplosions"":0,""quickC'"
123,"b'leanse"":0,""quickFirstTurret"":0,""quickSoloKills"":0,""riftHeraldTakedowns"":0,""saveAllyFromDeath"":0,""scuttleCrabKills"":0,""skillshots'"
124,"b'Dodged"":2,""skillshotsHit"":3,""snowballsHit"":0,""soloBaronKills"":0,""soloKills"":0,""stealthWardsPlaced"":2,""survivedSingleDigitHpCount'"
125,"b'"":0,""survivedThreeImmobilizesInFight"":0,""takedownOnFirstTurret"":0,""takedowns"":0,""takedownsAfterGainingLevelAdvantage"":0,""takedow'"
126,"b'nsBeforeJungleMinionSpawn"":0,""takedownsFirstXMinutes"":0,""takedownsInAlcove"":0,""takedownsInEnemyFountain"":0,""teamBaronKills"":0,""t'"
127,"b'eamDamagePercentage"":0.10662385693595001,""teamElderDragonKills"":0,""teamRiftHeraldKills"":0,""tookLargeDamageSurvived"":0,""turretPla'"
128,"b'tesTaken"":0,""turretTakedowns"":0,""turretsTakenWithRiftHerald"":0,""twentyMinionsIn3SecondsCount"":5,""twoWardsOneSweeperCount"":0,""uns'"
129,"b'eenRecalls"":0,""visionScoreAdvantageLaneOpponent"":-0.6040134429931641,""visionScorePerMinute"":0.21539651902365053,""wardTakedowns"":'"
130,"b'0,""wardTakedownsBefore20M"":0,""wardsGuarded"":0},""champExperience"":6591,""champLevel"":10,""championId"":517,""championName"":""Sylas"",""c'"
131,"b'hampionTransform"":0,""commandPings"":0,""consumablesPurchased"":1,""damageDealtToBuildings"":0,""damageDealtToObjectives"":0,""damageDeal'"
132,"b'tToTurrets"":0,""damageSelfMitigated"":4001,""dangerPings"":0,""deaths"":2,""detectorWardsPlaced"":0,""doubleKills"":0,""dragonKills"":0,""eli'"
133,"b'gibleForProgression"":true,""enemyMissingPings"":0,""enemyVisionPings"":0,""firstBloodAssist"":false,""firstBloodKill"":false,""firstTower'"
134,"b'Assist"":false,""firstTowerKill"":false,""gameEndedInEarlySurrender"":false,""gameEndedInSurrender"":true,""getBackPings"":0,""goldEarned""'"
135,"b':4503,""goldSpent"":4150,""holdPings"":0,""individualPosition"":""MIDDLE"",""inhibitorKills"":0,""inhibitorTakedowns"":0,""inhibitorsLost"":0,'"
136,"b'""item0"":1054,""item1"":2031,""item2"":6656,""item3"":1056,""item4"":1001,""item5"":0,""item6"":3340,""itemsPurchased"":10,""killingSprees"":0,""k'"
137,"b'ills"":0,""lane"":""NONE"",""largestCriticalStrike"":0,""largestKillingSpree"":0,""largestMultiKill"":0,""longestTimeSpentLiving"":467,""magic'"
138,"b'DamageDealt"":38144,""magicDamageDealtToChampions"":2728,""magicDamageTaken"":1865,""needVisionPings"":0,""neutralMinionsKilled"":0,""nexu'"
139,"b'sKills"":0,""nexusLost"":0,""nexusTakedowns"":0,""objectivesStolen"":0,""objectivesStolenAssists"":0,""onMyWayPings"":0,""participantId"":3,""'"
140,"b'pentaKills"":0,""perks"":{""statPerks"":{""defense"":5002,""flex"":5008,""offense"":5008},""styles"":[{""description"":""primaryStyle"",""selectio'"
141,"b'ns"":[{""perk"":8010,""var1"":0,""var2"":0,""var3"":0},{""perk"":8009,""var1"":154,""var2"":0,""var3"":0},{""perk"":9105,""var1"":0,""var2"":0,""var3"":0'"
142,"b'},{""perk"":8299,""var1"":168,""var2"":0,""var3"":0}],""style"":8000},{""description"":""subStyle"",""selections"":[{""perk"":8444,""var1"":730,""var'"
143,"b'2"":0,""var3"":0},{""perk"":8451,""var1"":128,""var2"":0,""var3"":0}],""style"":8400}]},""physicalDamageDealt"":3663,""physicalDamageDealtToCham'"
144,"b'pions"":53,""physicalDamageTaken"":6617,""placement"":0,""playerAugment1"":0,""playerAugment2"":0,""playerAugment3"":0,""playerAugment4"":0,""'"
145,"b'playerSubteamId"":0,""profileIcon"":909,""pushPings"":0,""puuid"":""cQO9D6wlF9y4x5FYtUHZjqO4yjpaZ0JIY9JiwCuQqtzmS9YMbamXjN-TOkPqZwm2HyXV'"
146,"b'gXLbdz4XQw"",""quadraKills"":0,""riotIdName"":"""",""riotIdTagline"":"""",""role"":""SUPPORT"",""sightWardsBoughtInGame"":0,""spell1Casts"":36,""spe'"
147,"b'll2Casts"":21,""spell3Casts"":52,""spell4Casts"":2,""subteamPlacement"":0,""summoner1Casts"":1,""summoner1Id"":4,""summoner2Casts"":1,""summon'"
148,"b'er2Id"":12,""summonerId"":""HoSP_n77pG3q5hZISWFq3WVP-sIovRQbBcn4sJm7MFtBcSHaKS12Ea8RHw"",""summonerLevel"":38,""summonerName"":""capaldy"",'"
149,"b'""teamEarlySurrendered"":false,""teamId"":100,""teamPosition"":""MIDDLE"",""timeCCingOthers"":6,""timePlayed"":924,""totalAllyJungleMinionsKi'"
150,"b'lled"":0,""totalDamageDealt"":48048,""totalDamageDealtToChampions"":2782,""totalDamageShieldedOnTeammates"":0,""totalDamageTaken"":8901,""'"
151,"b'totalEnemyJungleMinionsKilled"":0,""totalHeal"":606,""totalHealsOnTeammates"":0,""totalMinionsKilled"":111,""totalTimeCCDealt"":241,""tota'"
152,"b'lTimeSpentDead"":48,""totalUnitsHealed"":1,""tripleKills"":0,""trueDamageDealt"":6240,""trueDamageDealtToChampions"":0,""trueDamageTaken"":'"
153,"b'418,""turretKills"":0,""turretTakedowns"":0,""turretsLost"":6,""unrealKills"":0,""visionClearedPings"":0,""visionScore"":3,""visionWardsBough'"
154,"b'tInGame"":0,""wardsKilled"":0,""wardsPlaced"":2,""win"":false},{""allInPings"":0,""assistMePings"":2,""assists"":1,""baitPings"":0,""baronKills""'"
155,"b':0,""basicPings"":0,""bountyLevel"":0,""challenges"":{""12AssistStreakCount"":0,""abilityUses"":57,""acesBefore15Minutes"":0,""alliedJungleMo'"
156,"b'nsterKills"":0,""baronTakedowns"":0,""blastConeOppositeOpponentCount"":0,""bountyGold"":150,""buffsStolen"":0,""completeSupportQuestInTime'"
157,"b'"":0,""controlWardsPlaced"":0,""damagePerMinute"":343.81148952575916,""damageTakenOnTeamPercentage"":0.156211920387729,""dancedWithRiftH'"
158,"b'erald"":0,""deathsByEnemyChamps"":6,""dodgeSkillShotsSmallWindow"":0,""doubleAces"":0,""dragonTakedowns"":0,""earlyLaningPhaseGoldExpAdvan'"
159,"b'tage"":0,""effectiveHealAndShielding"":0,""elderDragonKillsWithOpposingSoul"":0,""elderDragonMultikills"":0,""enemyChampionImmobilizatio'"
160,"b'ns"":7,""enemyJungleMonsterKills"":0,""epicMonsterKillsNearEnemyJungler"":0,""epicMonsterKillsWithin30SecondsOfSpawn"":0,""epicMonsterSt'"
161,"b'eals"":0,""epicMonsterStolenWithoutSmite"":0,""firstTurretKilled"":0,""flawlessAces"":0,""fullTeamTakedown"":0,""gameLength"":925.002661799'"
162,"b'9999,""getTakedownsInAllLanesEarlyJungleAsLaner"":0,""goldPerMinute"":323.5211340623734,""hadOpenNexus"":0,""immobilizeAndKillWithAlly""'"
163,"b':2,""initialBuffCount"":0,""initialCrabCount"":0,""jungleCsBefore10Minutes"":0,""junglerTakedownsNearDamagedEpicMonster"":0,""kTurretsDes'"
164,"b'troyedBeforePlatesFall"":0,""kda"":0.5,""killAfterHiddenWithAlly"":1,""killParticipation"":0.75,""killedChampTookFullTeamDamageSurvived""'"
165,"b':0,""killingSprees"":0,""killsNearEnemyTurret"":1,""killsOnOtherLanesEarlyJungleAsLaner"":0,""killsOnRecentlyHealedByAramPack"":0,""kills'"
166,"b'UnderOwnTurret"":1,""killsWithHelpFromEpicMonster"":0,""knockEnemyIntoTeamAndKill"":0,""landSkillShotsEarlyGame"":6,""laneMinionsFirst10'"
167,"b'Minutes"":43,""laningPhaseGoldExpAdvantage"":0,""legendaryCount"":0,""lostAnInhibitor"":0,""maxCsAdvantageOnLaneOpponent"":9,""maxKillDefi'"
168,"b'cit"":0,""maxLevelLeadLaneOpponent"":1,""mejaisFullStackInTime"":0,""moreEnemyJungleThanOpponent"":0,""multiKillOneSpell"":0,""multiTurret'"
169,"b'RiftHeraldCount"":0,""multikills"":0,""multikillsAfterAggressiveFlash"":0,""outerTurretExecutesBefore10Minutes"":0,""outnumberedKills"":0'"
170,"b',""outnumberedNexusKill"":0,""perfectDragonSoulsTaken"":0,""perfectGame"":0,""pickKillWithAlly"":2,""playedChampSelectPosition"":1,""poroEx'"
171,"b'plosions"":0,""quickCleanse"":0,""quickFirstTurret"":0,""quickSoloKills"":0,""riftHeraldTakedowns"":0,""saveAllyFromDeath"":0,""scuttleCrabK'"
172,"b'ills"":0,""skillshotsDodged"":5,""skillshotsHit"":15,""snowballsHit"":0,""soloBaronKills"":0,""soloKills"":1,""stealthWardsPlaced"":4,""surviv'"
173,"b'edSingleDigitHpCount"":0,""survivedThreeImmobilizesInFight"":0,""takedownOnFirstTurret"":0,""takedowns"":3,""takedownsAfterGainingLevelA'"
174,"b'dvantage"":0,""takedownsBeforeJungleMinionSpawn"":0,""takedownsFirstXMinutes"":3,""takedownsInAlcove"":0,""takedownsInEnemyFountain"":0,""'"
175,"b'teamBaronKills"":0,""teamDamagePercentage"":0.20314600001175237,""teamElderDragonKills"":0,""teamRiftHeraldKills"":0,""tookLargeDamageSu'"
176,"b'rvived"":0,""turretPlatesTaken"":1,""turretTakedowns"":0,""turretsTakenWithRiftHerald"":0,""twentyMinionsIn3SecondsCount"":2,""twoWardsOne'"
177,"b'SweeperCount"":0,""unseenRecalls"":0,""visionScoreAdvantageLaneOpponent"":-0.4313223958015442,""visionScorePerMinute"":0.37859396373289'"
178,"b'006,""wardTakedowns"":0,""wardTakedownsBefore20M"":0,""wardsGuarded"":0},""champExperience"":3463,""champLevel"":7,""championId"":498,""champ'"
179,"b'ionName"":""Xayah"",""championTransform"":0,""commandPings"":0,""consumablesPurchased"":1,""damageDealtToBuildings"":75,""damageDealtToObjec'"
180,"b'tives"":75,""damageDealtToTurrets"":75,""damageSelfMitigated"":2676,""dangerPings"":0,""deaths"":6,""detectorWardsPlaced"":0,""doubleKills"":'"
181,"b'0,""dragonKills"":0,""eligibleForProgression"":true,""enemyMissingPings"":5,""enemyVisionPings"":0,""firstBloodAssist"":false,""firstBloodK'"
182,"b'ill"":false,""firstTowerAssist"":false,""firstTowerKill"":false,""gameEndedInEarlySurrender"":false,""gameEndedInSurrender"":true,""getBac'"
183,"b'kPings"":1,""goldEarned"":4987,""goldSpent"":4250,""holdPings"":0,""individualPosition"":""BOTTOM"",""inhibitorKills"":0,""inhibitorTakedowns""'"
184,"b':0,""inhibitorsLost"":0,""item0"":2031,""item1"":6672,""item2"":2010,""item3"":1055,""item4"":1001,""item5"":1042,""item6"":3340,""itemsPurchased'"
185,"b'"":12,""killingSprees"":0,""kills"":2,""lane"":""NONE"",""largestCriticalStrike"":227,""largestKillingSpree"":0,""largestMultiKill"":1,""longest'"
186,"b'TimeSpentLiving"":219,""magicDamageDealt"":691,""magicDamageDealtToChampions"":106,""magicDamageTaken"":3950,""needVisionPings"":0,""neutr'"
187,"b'alMinionsKilled"":0,""nexusKills"":0,""nexusLost"":0,""nexusTakedowns"":0,""objectivesStolen"":0,""objectivesStolenAssists"":0,""onMyWayPing'"
188,"b's"":0,""participantId"":4,""pentaKills"":0,""perks"":{""statPerks"":{""defense"":5002,""flex"":5008,""offense"":5005},""styles"":[{""description"":'"
189,"b'""primaryStyle"",""selections"":[{""perk"":8008,""var1"":38,""var2"":8,""var3"":0},{""perk"":8009,""var1"":288,""var2"":0,""var3"":0},{""perk"":9103,""'"
190,"b'var1"":0,""var2"":0,""var3"":0},{""perk"":8014,""var1"":108,""var2"":0,""var3"":0}],""style"":8000},{""description"":""subStyle"",""selections"":[{""p'"
191,"b'erk"":8347,""var1"":0,""var2"":0,""var3"":0},{""perk"":8345,""var1"":3,""var2"":0,""var3"":0}],""style"":8300}]},""physicalDamageDealt"":30140,""phy'"
192,"b'sicalDamageDealtToChampions"":5193,""physicalDamageTaken"":3578,""placement"":0,""playerAugment1"":0,""playerAugment2"":0,""playerAugment3'"
193,"b'"":0,""playerAugment4"":0,""playerSubteamId"":0,""profileIcon"":4242,""pushPings"":0,""puuid"":""5LQ4MUe0-CNFTF3UUNoe1fkQVue5M90PPlAkVnlWlUC'"
194,"b'_WlG0eMiM-VzBCGE3kh9O2rWSaacTdfJr9Q"",""quadraKills"":0,""riotIdName"":"""",""riotIdTagline"":"""",""role"":""SUPPORT"",""sightWardsBoughtInGame'"
195,"b'"":0,""spell1Casts"":28,""spell2Casts"":9,""spell3Casts"":18,""spell4Casts"":2,""subteamPlacement"":0,""summoner1Casts"":2,""summoner1Id"":6,""s'"
196,"b'ummoner2Casts"":2,""summoner2Id"":4,""summonerId"":""jEfgmHaveiGqh06K2j0nS5I_XTU1Zt27FVk1jXzg4s7TvyY"",""summonerLevel"":398,""summonerNam'"
197,"b'e"":""\xeb\xaf\xb8\xeb\x93\x9c\xec\x95\x84\xec\x9a\xb0\xec\x86\x94\xed\x95\xa0\xeb\x9e\x98 "",""teamEarlySurrendered"":false,""teamId"":100,""teamPosition"":""BOTTOM"",""timeCCingOthers"":8,""timePlayed"":9'"
198,"b'24,""totalAllyJungleMinionsKilled"":0,""totalDamageDealt"":30831,""totalDamageDealtToChampions"":5300,""totalDamageShieldedOnTeammates""'"
199,"b':0,""totalDamageTaken"":7807,""totalEnemyJungleMinionsKilled"":0,""totalHeal"":181,""totalHealsOnTeammates"":0,""totalMinionsKilled"":81,""'"
200,"b'totalTimeCCDealt"":8,""totalTimeSpentDead"":64,""totalUnitsHealed"":1,""tripleKills"":0,""trueDamageDealt"":0,""trueDamageDealtToChampions'"
201,"b'"":0,""trueDamageTaken"":279,""turretKills"":0,""turretTakedowns"":0,""turretsLost"":6,""unrealKills"":0,""visionClearedPings"":0,""visionScor'"
202,"b'e"":5,""visionWardsBoughtInGame"":0,""wardsKilled"":0,""wardsPlaced"":4,""win"":false},{""allInPings"":0,""assistMePings"":5,""assists"":1,""bai'"
203,"b'tPings"":0,""baronKills"":0,""basicPings"":0,""bountyLevel"":0,""challenges"":{""12AssistStreakCount"":0,""abilityUses"":82,""acesBefore15Minu'"
204,"b'tes"":0,""alliedJungleMonsterKills"":0,""baronTakedowns"":0,""blastConeOppositeOpponentCount"":0,""bountyGold"":0,""buffsStolen"":0,""comple'"
205,"b'teSupportQuestInTime"":0,""controlWardTimeCoverageInRiverOrEnemyHalf"":0.6669827317030971,""controlWardsPlaced"":3,""damagePerMinute"":'"
206,"b'240.8922913892825,""damageTakenOnTeamPercentage"":0.18066838109658576,""dancedWithRiftHerald"":0,""deathsByEnemyChamps"":4,""dodgeSkill'"
207,"b'ShotsSmallWindow"":0,""doubleAces"":0,""dragonTakedowns"":0,""earlyLaningPhaseGoldExpAdvantage"":0,""effectiveHealAndShielding"":241.2600'"
208,"b'2502441406,""elderDragonKillsWithOpposingSoul"":0,""elderDragonMultikills"":0,""enemyChampionImmobilizations"":31,""enemyJungleMonsterK'"
209,"b'ills"":0,""epicMonsterKillsNearEnemyJungler"":0,""epicMonsterKillsWithin30SecondsOfSpawn"":0,""epicMonsterSteals"":0,""epicMonsterStolen'"
210,"b'WithoutSmite"":0,""firstTurretKilled"":0,""flawlessAces"":0,""fullTeamTakedown"":0,""gameLength"":925.0026617999999,""getTakedownsInAllLan'"
211,"b'esEarlyJungleAsLaner"":0,""goldPerMinute"":239.3308991340678,""hadAfkTeammate"":1,""hadOpenNexus"":0,""immobilizeAndKillWithAlly"":1,""ini'"
212,"b'tialBuffCount"":0,""initialCrabCount"":0,""jungleCsBefore10Minutes"":0,""junglerTakedownsNearDamagedEpicMonster"":0,""kTurretsDestroyedB'"
213,"b'eforePlatesFall"":0,""kda"":0.5,""killAfterHiddenWithAlly"":1,""killParticipation"":0.5,""killedChampTookFullTeamDamageSurvived"":0,""kill'"
214,"b'ingSprees"":0,""killsNearEnemyTurret"":1,""killsOnOtherLanesEarlyJungleAsLaner"":0,""killsOnRecentlyHealedByAramPack"":0,""killsUnderOwn'"
215,"b'Turret"":0,""killsWithHelpFromEpicMonster"":0,""knockEnemyIntoTeamAndKill"":0,""landSkillShotsEarlyGame"":3,""laneMinionsFirst10Minutes""'"
216,"b':19,""laningPhaseGoldExpAdvantage"":0,""legendaryCount"":0,""lostAnInhibitor"":0,""maxCsAdvantageOnLaneOpponent"":6,""maxKillDeficit"":0,""'"
217,"b'maxLevelLeadLaneOpponent"":1,""mejaisFullStackInTime"":0,""moreEnemyJungleThanOpponent"":0,""multiKillOneSpell"":0,""multiTurretRiftHera'"
218,"b'ldCount"":0,""multikills"":0,""multikillsAfterAggressiveFlash"":0,""outerTurretExecutesBefore10Minutes"":0,""outnumberedKills"":0,""outnum'"
219,"b'beredNexusKill"":0,""perfectDragonSoulsTaken"":0,""perfectGame"":0,""pickKillWithAlly"":2,""playedChampSelectPosition"":1,""poroExplosions'"
220,"b'"":0,""quickCleanse"":0,""quickFirstTurret"":0,""quickSoloKills"":0,""riftHeraldTakedowns"":0,""saveAllyFromDeath"":0,""scuttleCrabKills"":0,'"
221,"b'""skillshotsDodged"":7,""skillshotsHit"":9,""snowballsHit"":0,""soloBaronKills"":0,""soloKills"":0,""stealthWardsPlaced"":8,""survivedSingleD'"
222,"b'igitHpCount"":0,""survivedThreeImmobilizesInFight"":2,""takedownOnFirstTurret"":0,""takedowns"":2,""takedownsAfterGainingLevelAdvantage""'"
223,"b':0,""takedownsBeforeJungleMinionSpawn"":0,""takedownsFirstXMinutes"":2,""takedownsInAlcove"":0,""takedownsInEnemyFountain"":0,""teamBaron'"
224,"b'Kills"":0,""teamDamagePercentage"":0.14233470061427897,""teamElderDragonKills"":0,""teamRiftHeraldKills"":0,""tookLargeDamageSurvived"":0'"
225,"b',""turretPlatesTaken"":1,""turretTakedowns"":0,""turretsTakenWithRiftHerald"":0,""twentyMinionsIn3SecondsCount"":0,""twoWardsOneSweeperCo'"
226,"b'unt"":0,""unseenRecalls"":0,""visionScoreAdvantageLaneOpponent"":-0.30344343185424805,""visionScorePerMinute"":1.4230402643903701,""ward'"
227,"b'Takedowns"":2,""wardTakedownsBefore20M"":2,""wardsGuarded"":0},""champExperience"":3622,""champLevel"":7,""championId"":57,""championName"":""'"
228,"b'Maokai"",""championTransform"":0,""commandPings"":2,""consumablesPurchased"":9,""damageDealtToBuildings"":0,""damageDealtToObjectives"":0,""'"
229,"b'damageDealtToTurrets"":0,""damageSelfMitigated"":6239,""dangerPings"":0,""deaths"":4,""detectorWardsPlaced"":3,""doubleKills"":0,""dragonKil'"
230,"b'ls"":0,""eligibleForProgression"":true,""enemyMissingPings"":6,""enemyVisionPings"":0,""firstBloodAssist"":false,""firstBloodKill"":false,""'"
231,"b'firstTowerAssist"":false,""firstTowerKill"":false,""gameEndedInEarlySurrender"":false,""gameEndedInSurrender"":true,""getBackPings"":0,""g'"
232,"b'oldEarned"":3689,""goldSpent"":3300,""holdPings"":0,""individualPosition"":""UTILITY"",""inhibitorKills"":0,""inhibitorTakedowns"":0,""inhibit'"
233,"b'orsLost"":0,""item0"":2055,""item1"":3023,""item2"":3855,""item3"":1033,""item4"":3158,""item5"":0,""item6"":3364,""itemsPurchased"":18,""killingS'"
234,"b'prees"":0,""kills"":1,""lane"":""NONE"",""largestCriticalStrike"":0,""largestKillingSpree"":0,""largestMultiKill"":1,""longestTimeSpentLiving""'"
235,"b':289,""magicDamageDealt"":9692,""magicDamageDealtToChampions"":2952,""magicDamageTaken"":3492,""needVisionPings"":0,""neutralMinionsKille'"
236,"b'd"":0,""nexusKills"":0,""nexusLost"":0,""nexusTakedowns"":0,""objectivesStolen"":0,""objectivesStolenAssists"":0,""onMyWayPings"":1,""particip'"
237,"b'antId"":5,""pentaKills"":0,""perks"":{""statPerks"":{""defense"":5002,""flex"":5003,""offense"":5008},""styles"":[{""description"":""primaryStyle""'"
238,"b',""selections"":[{""perk"":8439,""var1"":113,""var2"":517,""var3"":0},{""perk"":8463,""var1"":291,""var2"":0,""var3"":0},{""perk"":8473,""var1"":212,""'"
239,"b'var2"":0,""var3"":0},{""perk"":8242,""var1"":44,""var2"":0,""var3"":0}],""style"":8400},{""description"":""subStyle"",""selections"":[{""perk"":8347,'"
240,"b'""var1"":0,""var2"":0,""var3"":0},{""perk"":8345,""var1"":3,""var2"":0,""var3"":0}],""style"":8300}]},""physicalDamageDealt"":2749,""physicalDamage'"
241,"b'DealtToChampions"":463,""physicalDamageTaken"":5042,""placement"":0,""playerAugment1"":0,""playerAugment2"":0,""playerAugment3"":0,""playerA'"
242,"b'ugment4"":0,""playerSubteamId"":0,""profileIcon"":5488,""pushPings"":0,""puuid"":""fU-l2S48qB0F6uWahvDBzfLEMlL7KbpC4wwhKq4HA00lP8uDCuYsQgx'"
243,"b'5Wrca-5ll1oAU-UI-bkx2fg"",""quadraKills"":0,""riotIdName"":"""",""riotIdTagline"":"""",""role"":""SUPPORT"",""sightWardsBoughtInGame"":0,""spell1C'"
244,"b'asts"":38,""spell2Casts"":8,""spell3Casts"":34,""spell4Casts"":2,""subteamPlacement"":0,""summoner1Casts"":3,""summoner1Id"":4,""summoner2Cast'"
245,"b's"":3,""summoner2Id"":14,""summonerId"":""2HI69Ye_CUgKFJIix7osNg8WHeEsaPlL03Ts2inbtN9fh8s"",""summonerLevel"":813,""summonerName"":""\xec\xbd\x94\xec\xbd\x94\xeb'"
246,"b'\x8b\xa4\xeb\xa1\xb1"",""teamEarlySurrendered"":false,""teamId"":100,""teamPosition"":""UTILITY"",""timeCCingOthers"":22,""timePlayed"":924,""totalAllyJungle'"
247,"b'MinionsKilled"":0,""totalDamageDealt"":16637,""totalDamageDealtToChampions"":3713,""totalDamageShieldedOnTeammates"":0,""totalDamageTake'"
248,"b'n"":9030,""totalEnemyJungleMinionsKilled"":0,""totalHeal"":1106,""totalHealsOnTeammates"":241,""totalMinionsKilled"":26,""totalTimeCCDealt'"
249,"b'"":106,""totalTimeSpentDead"":61,""totalUnitsHealed"":4,""tripleKills"":0,""trueDamageDealt"":4195,""trueDamageDealtToChampions"":298,""true'"
250,"b'DamageTaken"":495,""turretKills"":0,""turretTakedowns"":0,""turretsLost"":6,""unrealKills"":0,""visionClearedPings"":0,""visionScore"":21,""vi'"
251,"b'sionWardsBoughtInGame"":4,""wardsKilled"":2,""wardsPlaced"":11,""win"":false},{""allInPings"":0,""assistMePings"":0,""assists"":0,""baitPings""'"
252,"b':0,""baronKills"":0,""basicPings"":0,""bountyLevel"":1,""challenges"":{""12AssistStreakCount"":0,""abilityUses"":98,""acesBefore15Minutes"":0,'"
253,"b'""alliedJungleMonsterKills"":0,""baronTakedowns"":0,""blastConeOppositeOpponentCount"":0,""bountyGold"":0,""buffsStolen"":0,""completeSuppo'"
254,"b'rtQuestInTime"":0,""controlWardsPlaced"":0,""damagePerMinute"":633.4118808275737,""damageTakenOnTeamPercentage"":0.28912071220377256,""d'"
255,"b'ancedWithRiftHerald"":0,""deathsByEnemyChamps"":1,""dodgeSkillShotsSmallWindow"":0,""doubleAces"":0,""dragonTakedowns"":0,""earlyLaningPha'"
256,"b'seGoldExpAdvantage"":1,""effectiveHealAndShielding"":0,""elderDragonKillsWithOpposingSoul"":0,""elderDragonMultikills"":0,""enemyChampio'"
257,"b'nImmobilizations"":0,""enemyJungleMonsterKills"":1,""epicMonsterKillsNearEnemyJungler"":0,""epicMonsterKillsWithin30SecondsOfSpawn"":0,'"
258,"b'""epicMonsterSteals"":0,""epicMonsterStolenWithoutSmite"":0,""firstTurretKilled"":1,""firstTurretKilledTime"":665.6657968,""flawlessAces""'"
259,"b':0,""fullTeamTakedown"":0,""gameLength"":925.0026617999999,""getTakedownsInAllLanesEarlyJungleAsLaner"":0,""goldPerMinute"":532.77287566'"
260,"b'50374,""hadOpenNexus"":0,""immobilizeAndKillWithAlly"":0,""initialBuffCount"":0,""initialCrabCount"":0,""jungleCsBefore10Minutes"":0,""jung'"
261,"b'lerTakedownsNearDamagedEpicMonster"":0,""kTurretsDestroyedBeforePlatesFall"":0,""kda"":6,""killAfterHiddenWithAlly"":0,""killParticipati'"
262,"b'on"":0.2608695652173913,""killedChampTookFullTeamDamageSurvived"":0,""killingSprees"":1,""killsNearEnemyTurret"":5,""killsOnOtherLanesEa'"
263,"b'rlyJungleAsLaner"":0,""killsOnRecentlyHealedByAramPack"":0,""killsUnderOwnTurret"":0,""killsWithHelpFromEpicMonster"":0,""knockEnemyInto'"
264,"b'TeamAndKill"":0,""landSkillShotsEarlyGame"":0,""laneMinionsFirst10Minutes"":65,""laningPhaseGoldExpAdvantage"":1,""legendaryCount"":0,""lo'"
265,"b'stAnInhibitor"":0,""maxCsAdvantageOnLaneOpponent"":53,""maxKillDeficit"":0,""maxLevelLeadLaneOpponent"":3,""mejaisFullStackInTime"":0,""mo'"
266,"b'reEnemyJungleThanOpponent"":0,""multiKillOneSpell"":0,""multiTurretRiftHeraldCount"":0,""multikills"":0,""multikillsAfterAggressiveFlash'"
267,"b'"":0,""outerTurretExecutesBefore10Minutes"":0,""outnumberedKills"":0,""outnumberedNexusKill"":0,""perfectDragonSoulsTaken"":0,""perfectGam'"
268,"b'e"":0,""pickKillWithAlly"":0,""playedChampSelectPosition"":1,""poroExplosions"":0,""quickCleanse"":0,""quickFirstTurret"":0,""quickSoloKills'"
269,"b'"":0,""riftHeraldTakedowns"":0,""saveAllyFromDeath"":0,""scuttleCrabKills"":0,""skillshotsDodged"":0,""skillshotsHit"":0,""snowballsHit"":0,""'"
270,"b'soloBaronKills"":0,""soloKills"":6,""soloTurretsLategame"":1,""stealthWardsPlaced"":5,""survivedSingleDigitHpCount"":0,""survivedThreeImmo'"
271,"b'bilizesInFight"":2,""takedownOnFirstTurret"":0,""takedowns"":6,""takedownsAfterGainingLevelAdvantage"":1,""takedownsBeforeJungleMinionSp'"
272,"b'awn"":0,""takedownsFirstXMinutes"":6,""takedownsInAlcove"":0,""takedownsInEnemyFountain"":0,""teamBaronKills"":0,""teamDamagePercentage"":0'"
273,"b'.2416376024260297,""teamElderDragonKills"":0,""teamRiftHeraldKills"":1,""tookLargeDamageSurvived"":0,""turretPlatesTaken"":4,""turretTake'"
274,"b'downs"":1,""turretsTakenWithRiftHerald"":5,""twentyMinionsIn3SecondsCount"":6,""twoWardsOneSweeperCount"":0,""unseenRecalls"":0,""visionSc'"
275,"b'oreAdvantageLaneOpponent"":-0.1704120635986328,""visionScorePerMinute"":0.4960972299763669,""wardTakedowns"":0,""wardTakedownsBefore20'"
276,"b'M"":0,""wardsGuarded"":0},""champExperience"":9084,""champLevel"":12,""championId"":23,""championName"":""Tryndamere"",""championTransform"":0,'"
277,"b'""commandPings"":2,""consumablesPurchased"":1,""damageDealtToBuildings"":5769,""damageDealtToObjectives"":5769,""damageDealtToTurrets"":57'"
278,"b'69,""damageSelfMitigated"":12560,""dangerPings"":0,""deaths"":1,""detectorWardsPlaced"":0,""doubleKills"":0,""dragonKills"":0,""eligibleForPr'"
279,"b'ogression"":true,""enemyMissingPings"":1,""enemyVisionPings"":0,""firstBloodAssist"":false,""firstBloodKill"":true,""firstTowerAssist"":fal'"
280,"b'se,""firstTowerKill"":false,""gameEndedInEarlySurrender"":false,""gameEndedInSurrender"":true,""getBackPings"":2,""goldEarned"":8213,""gold'"
281,"b'Spent"":7310,""holdPings"":0,""individualPosition"":""TOP"",""inhibitorKills"":0,""inhibitorTakedowns"":0,""inhibitorsLost"":0,""item0"":1055,""'"
282,"b'item1"":6671,""item2"":3006,""item3"":1018,""item4"":3123,""item5"":1036,""item6"":3340,""itemsPurchased"":14,""killingSprees"":1,""kills"":6,""la'"
283,"b'ne"":""NONE"",""largestCriticalStrike"":439,""largestKillingSpree"":5,""largestMultiKill"":1,""longestTimeSpentLiving"":549,""magicDamageDea'"
284,"b'lt"":0,""magicDamageDealtToChampions"":0,""magicDamageTaken"":991,""needVisionPings"":0,""neutralMinionsKilled"":4,""nexusKills"":0,""nexusL'"
285,"b'ost"":0,""nexusTakedowns"":0,""objectivesStolen"":0,""objectivesStolenAssists"":0,""onMyWayPings"":0,""participantId"":6,""pentaKills"":0,""pe'"
286,"b'rks"":{""statPerks"":{""defense"":5002,""flex"":5008,""offense"":5005},""styles"":[{""description"":""primaryStyle"",""selections"":[{""perk"":8008'"
287,"b',""var1"":25,""var2"":5,""var3"":0},{""perk"":9111,""var1"":483,""var2"":120,""var3"":0},{""perk"":9104,""var1"":12,""var2"":20,""var3"":0},{""perk"":82'"
288,"b'99,""var1"":730,""var2"":0,""var3"":0}],""style"":8000},{""description"":""subStyle"",""selections"":[{""perk"":8444,""var1"":970,""var2"":0,""var3"":'"
289,"b'0},{""perk"":8242,""var1"":70,""var2"":0,""var3"":0}],""style"":8400}]},""physicalDamageDealt"":91235,""physicalDamageDealtToChampions"":9765,'"
290,"b'""physicalDamageTaken"":14120,""placement"":0,""playerAugment1"":0,""playerAugment2"":0,""playerAugment3"":0,""playerAugment4"":0,""playerSub'"
291,"b'teamId"":0,""profileIcon"":6,""pushPings"":0,""puuid"":""gLjpFrNIadI7PJ-PbBdI7MHUQ9Nb5rGAmDtX8SaqV8iDVInDrTkm8fqw7f_jnNZJpM1poyiFXrTipg""'"
292,"b',""quadraKills"":0,""riotIdName"":"""",""riotIdTagline"":"""",""role"":""SUPPORT"",""sightWardsBoughtInGame"":0,""spell1Casts"":31,""spell2Casts"":7'"
293,"b',""spell3Casts"":56,""spell4Casts"":4,""subteamPlacement"":0,""summoner1Casts"":4,""summoner1Id"":6,""summoner2Casts"":2,""summoner2Id"":4,""su'"
294,"b'mmonerId"":""jqIhDfkD813qDaZZlSsWf-NrqHWruxi3DvSGKxZhuv-ywBy3NTXqUy99aQ"",""summonerLevel"":32,""summonerName"":""zxcvasdfqq"",""teamEarly'"
295,"b'Surrendered"":false,""teamId"":200,""teamPosition"":""TOP"",""timeCCingOthers"":3,""timePlayed"":924,""totalAllyJungleMinionsKilled"":0,""tota'"
296,"b'lDamageDealt"":94930,""totalDamageDealtToChampions"":9765,""totalDamageShieldedOnTeammates"":0,""totalDamageTaken"":15111,""totalEnemyJu'"
297,"b'ngleMinionsKilled"":4,""totalHeal"":7898,""totalHealsOnTeammates"":0,""totalMinionsKilled"":132,""totalTimeCCDealt"":22,""totalTimeSpentDe'"
298,"b'ad"":27,""totalUnitsHealed"":1,""tripleKills"":0,""trueDamageDealt"":3695,""trueDamageDealtToChampions"":0,""trueDamageTaken"":0,""turretKil'"
299,"b'ls"":1,""turretTakedowns"":1,""turretsLost"":0,""unrealKills"":0,""visionClearedPings"":0,""visionScore"":7,""visionWardsBoughtInGame"":0,""wa'"
300,"b'rdsKilled"":0,""wardsPlaced"":5,""win"":true},{""allInPings"":0,""assistMePings"":1,""assists"":4,""baitPings"":1,""baronKills"":0,""basicPings""'"
301,"b':0,""bountyLevel"":6,""challenges"":{""12AssistStreakCount"":0,""abilityUses"":137,""acesBefore15Minutes"":0,""alliedJungleMonsterKills"":32'"
302,"b',""baronTakedowns"":0,""blastConeOppositeOpponentCount"":0,""bountyGold"":0,""buffsStolen"":4,""completeSupportQuestInTime"":0,""controlWar'"
303,"b'dTimeCoverageInRiverOrEnemyHalf"":0.7582982796342046,""controlWardsPlaced"":3,""damagePerMinute"":503.1790946929846,""damageTakenOnTea'"
304,"b'mPercentage"":0.29967660689612263,""dancedWithRiftHerald"":0,""deathsByEnemyChamps"":0,""dodgeSkillShotsSmallWindow"":0,""doubleAces"":0,'"
305,"b'""dragonTakedowns"":0,""earlyLaningPhaseGoldExpAdvantage"":1,""effectiveHealAndShielding"":0,""elderDragonKillsWithOpposingSoul"":0,""eld'"
306,"b'erDragonMultikills"":0,""enemyChampionImmobilizations"":3,""enemyJungleMonsterKills"":19,""epicMonsterKillsNearEnemyJungler"":0,""epicMo'"
307,"b'nsterKillsWithin30SecondsOfSpawn"":0,""epicMonsterSteals"":0,""epicMonsterStolenWithoutSmite"":0,""firstTurretKilled"":1,""firstTurretKi'"
308,"b'lledTime"":665.6657968,""flawlessAces"":0,""fullTeamTakedown"":0,""gameLength"":925.0026617999999,""goldPerMinute"":556.393310228148,""had'"
309,"b'OpenNexus"":0,""highestCrowdControlScore"":1,""immobilizeAndKillWithAlly"":3,""initialBuffCount"":3,""initialCrabCount"":2,""jungleCsBefor'"
310,"b'e10Minutes"":63.75000002980232,""junglerKillsEarlyJungle"":1,""junglerTakedownsNearDamagedEpicMonster"":0,""kTurretsDestroyedBeforePla'"
311,"b'tesFall"":0,""kda"":10,""killAfterHiddenWithAlly"":0,""killParticipation"":0.43478260869565216,""killedChampTookFullTeamDamageSurvived"":'"
312,"b'0,""killingSprees"":1,""killsNearEnemyTurret"":3,""killsOnLanersEarlyJungleAsJungler"":3,""killsOnRecentlyHealedByAramPack"":0,""killsUnd'"
313,"b'erOwnTurret"":1,""killsWithHelpFromEpicMonster"":0,""knockEnemyIntoTeamAndKill"":0,""landSkillShotsEarlyGame"":2,""laneMinionsFirst10Min'"
314,"b'utes"":4,""laningPhaseGoldExpAdvantage"":1,""legendaryCount"":0,""lostAnInhibitor"":0,""maxCsAdvantageOnLaneOpponent"":49.49999997019768,'"
315,"b'""maxKillDeficit"":0,""maxLevelLeadLaneOpponent"":3,""mejaisFullStackInTime"":0,""moreEnemyJungleThanOpponent"":-20.000000089406967,""mul'"
316,"b'tiKillOneSpell"":0,""multiTurretRiftHeraldCount"":0,""multikills"":0,""multikillsAfterAggressiveFlash"":0,""mythicItemUsed"":3152,""outerT'"
317,"b'urretExecutesBefore10Minutes"":0,""outnumberedKills"":0,""outnumberedNexusKill"":0,""perfectDragonSoulsTaken"":0,""perfectGame"":0,""pickK'"
318,"b'illWithAlly"":6,""playedChampSelectPosition"":1,""poroExplosions"":0,""quickCleanse"":0,""quickFirstTurret"":0,""quickSoloKills"":0,""riftHe'"
319,"b'raldTakedowns"":1,""saveAllyFromDeath"":0,""scuttleCrabKills"":5,""skillshotsDodged"":5,""skillshotsHit"":35,""snowballsHit"":0,""soloBaronK'"
320,"b'ills"":0,""soloKills"":2,""stealthWardsPlaced"":1,""survivedSingleDigitHpCount"":0,""survivedThreeImmobilizesInFight"":4,""takedownOnFirst'"
321,"b'Turret"":0,""takedowns"":10,""takedownsAfterGainingLevelAdvantage"":0,""takedownsBeforeJungleMinionSpawn"":0,""takedownsFirstXMinutes"":7'"
322,"b',""takedownsInAlcove"":0,""takedownsInEnemyFountain"":0,""teamBaronKills"":0,""teamDamagePercentage"":0.19195565115333094,""teamElderDrag'"
323,"b'onKills"":0,""teamRiftHeraldKills"":1,""tookLargeDamageSurvived"":0,""turretPlatesTaken"":2,""turretTakedowns"":0,""turretsTakenWithRiftHe'"
324,"b'rald"":5,""twentyMinionsIn3SecondsCount"":0,""twoWardsOneSweeperCount"":1,""unseenRecalls"":0,""visionScoreAdvantageLaneOpponent"":2.2865'"
325,"b'889072418213,""visionScorePerMinute"":1.282280072422138,""wardTakedowns"":1,""wardTakedownsBefore20M"":1,""wardsGuarded"":1},""champExper'"
326,"b'ience"":7512,""champLevel"":11,""championId"":245,""championName"":""Ekko"",""championTransform"":0,""commandPings"":1,""consumablesPurchased""'"
327,"b':5,""damageDealtToBuildings"":164,""damageDealtToObjectives"":11610,""damageDealtToTurrets"":164,""damageSelfMitigated"":9053,""dangerPin'"
328,"b'gs"":0,""deaths"":0,""detectorWardsPlaced"":3,""doubleKills"":0,""dragonKills"":0,""eligibleForProgression"":true,""enemyMissingPings"":10,""e'"
329,"b'nemyVisionPings"":1,""firstBloodAssist"":false,""firstBloodKill"":false,""firstTowerAssist"":false,""firstTowerKill"":false,""gameEndedInE'"
330,"b'arlySurrender"":false,""gameEndedInSurrender"":true,""getBackPings"":5,""goldEarned"":8577,""goldSpent"":6325,""holdPings"":0,""individualPo'"
331,"b'sition"":""JUNGLE"",""inhibitorKills"":0,""inhibitorTakedowns"":0,""inhibitorsLost"":0,""item0"":0,""item1"":3020,""item2"":3152,""item3"":0,""ite'"
332,"b'm4"":3041,""item5"":0,""item6"":3364,""itemsPurchased"":14,""killingSprees"":1,""kills"":6,""lane"":""NONE"",""largestCriticalStrike"":0,""largest'"
333,"b'KillingSpree"":6,""largestMultiKill"":1,""longestTimeSpentLiving"":0,""magicDamageDealt"":78607,""magicDamageDealtToChampions"":5504,""mag'"
334,"b'icDamageTaken"":4562,""needVisionPings"":0,""neutralMinionsKilled"":115,""nexusKills"":0,""nexusLost"":0,""nexusTakedowns"":0,""objectivesSt'"
335,"b'olen"":0,""objectivesStolenAssists"":0,""onMyWayPings"":13,""participantId"":7,""pentaKills"":0,""perks"":{""statPerks"":{""defense"":5002,""fle'"
336,"b'x"":5008,""offense"":5005},""styles"":[{""description"":""primaryStyle"",""selections"":[{""perk"":8369,""var1"":363,""var2"":379,""var3"":0},{""per'"
337,"b'k"":8304,""var1"":9,""var2"":0,""var3"":0},{""perk"":8321,""var1"":0,""var2"":0,""var3"":0},{""perk"":8347,""var1"":0,""var2"":0,""var3"":0}],""style"":8'"
338,"b'300},{""description"":""subStyle"",""selections"":[{""perk"":8143,""var1"":285,""var2"":0,""var3"":0},{""perk"":8135,""var1"":450,""var2"":5,""var3"":'"
339,"b'0}],""style"":8100}]},""physicalDamageDealt"":17636,""physicalDamageDealtToChampions"":1409,""physicalDamageTaken"":11076,""placement"":0,'"
340,"b'""playerAugment1"":0,""playerAugment2"":0,""playerAugment3"":0,""playerAugment4"":0,""playerSubteamId"":0,""profileIcon"":18,""pushPings"":0,""'"
341,"b'puuid"":""8eoUxXZiLgZDDQN1iqJ431Y-gIBrEpt4GkzGbFQjt5Paf8lEK2miFpZAvBBnHhnNTIiXwZmHYZYHHg"",""quadraKills"":0,""riotIdName"":"""",""riotIdT'"
342,"b'agline"":"""",""role"":""SUPPORT"",""sightWardsBoughtInGame"":0,""spell1Casts"":62,""spell2Casts"":20,""spell3Casts"":51,""spell4Casts"":4,""subte'"
343,"b'amPlacement"":0,""summoner1Casts"":3,""summoner1Id"":4,""summoner2Casts"":11,""summoner2Id"":11,""summonerId"":""KSIXgbS6SqbEfa1CSKrW87L9EFx'"
344,"b'64K04dlibk5YvsRaKpUtbROYkoryZ2g"",""summonerLevel"":96,""summonerName"":""PingMinKu"",""teamEarlySurrendered"":false,""teamId"":200,""teamPo'"
345,"b'sition"":""JUNGLE"",""timeCCingOthers"":12,""timePlayed"":924,""totalAllyJungleMinionsKilled"":53,""totalDamageDealt"":122014,""totalDamageD'"
346,"b'ealtToChampions"":7757,""totalDamageShieldedOnTeammates"":0,""totalDamageTaken"":15663,""totalEnemyJungleMinionsKilled"":34,""totalHeal""'"
347,"b':9113,""totalHealsOnTeammates"":0,""totalMinionsKilled"":5,""totalTimeCCDealt"":368,""totalTimeSpentDead"":0,""totalUnitsHealed"":1,""tripl'"
348,"b'eKills"":0,""trueDamageDealt"":25769,""trueDamageDealtToChampions"":842,""trueDamageTaken"":24,""turretKills"":0,""turretTakedowns"":0,""tur'"
349,"b'retsLost"":0,""unrealKills"":0,""visionClearedPings"":0,""visionScore"":19,""visionWardsBoughtInGame"":3,""wardsKilled"":1,""wardsPlaced"":4,'"
350,"b'""win"":true},{""allInPings"":0,""assistMePings"":0,""assists"":5,""baitPings"":0,""baronKills"":0,""basicPings"":0,""bountyLevel"":1,""challenge'"
351,"b's"":{""12AssistStreakCount"":0,""abilityUses"":220,""acesBefore15Minutes"":0,""alliedJungleMonsterKills"":0,""baronTakedowns"":0,""blastCone'"
352,"b'OppositeOpponentCount"":0,""bountyGold"":0,""buffsStolen"":0,""completeSupportQuestInTime"":0,""controlWardTimeCoverageInRiverOrEnemyHal'"
353,"b'f"":0.24541218958036076,""controlWardsPlaced"":1,""damagePerMinute"":583.9291262607587,""damageTakenOnTeamPercentage"":0.11729265859118'"
354,"b'874,""dancedWithRiftHerald"":0,""deathsByEnemyChamps"":0,""dodgeSkillShotsSmallWindow"":0,""doubleAces"":0,""dragonTakedowns"":0,""earlyLan'"
355,"b'ingPhaseGoldExpAdvantage"":0,""effectiveHealAndShielding"":0,""elderDragonKillsWithOpposingSoul"":0,""elderDragonMultikills"":0,""enemyC'"
356,"b'hampionImmobilizations"":6,""enemyJungleMonsterKills"":0,""epicMonsterKillsNearEnemyJungler"":0,""epicMonsterKillsWithin30SecondsOfSpa'"
357,"b'wn"":0,""epicMonsterSteals"":0,""epicMonsterStolenWithoutSmite"":0,""firstTurretKilled"":1,""firstTurretKilledTime"":665.6657968,""flawles'"
358,"b'sAces"":0,""fullTeamTakedown"":0,""gameLength"":925.0026617999999,""getTakedownsInAllLanesEarlyJungleAsLaner"":0,""goldPerMinute"":543.99'"
359,"b'07910192568,""hadOpenNexus"":0,""immobilizeAndKillWithAlly"":1,""initialBuffCount"":0,""initialCrabCount"":0,""jungleCsBefore10Minutes"":0'"
360,"b',""junglerTakedownsNearDamagedEpicMonster"":0,""kTurretsDestroyedBeforePlatesFall"":2,""kda"":6,""killAfterHiddenWithAlly"":1,""killParti'"
361,"b'cipation"":0.2608695652173913,""killedChampTookFullTeamDamageSurvived"":0,""killingSprees"":0,""killsNearEnemyTurret"":1,""killsOnOtherL'"
362,"b'anesEarlyJungleAsLaner"":0,""killsOnRecentlyHealedByAramPack"":0,""killsUnderOwnTurret"":0,""killsWithHelpFromEpicMonster"":0,""knockEne'"
363,"b'myIntoTeamAndKill"":1,""landSkillShotsEarlyGame"":7,""laneMinionsFirst10Minutes"":93,""laningPhaseGoldExpAdvantage"":1,""legendaryCount""'"
364,"b':0,""lostAnInhibitor"":0,""maxCsAdvantageOnLaneOpponent"":51,""maxKillDeficit"":0,""maxLevelLeadLaneOpponent"":2,""mejaisFullStackInTime""'"
365,"b':0,""moreEnemyJungleThanOpponent"":0,""multiKillOneSpell"":0,""multiTurretRiftHeraldCount"":0,""multikills"":0,""multikillsAfterAggressiv'"
366,"b'eFlash"":0,""outerTurretExecutesBefore10Minutes"":0,""outnumberedKills"":0,""outnumberedNexusKill"":0,""perfectDragonSoulsTaken"":0,""perf'"
367,"b'ectGame"":0,""pickKillWithAlly"":5,""playedChampSelectPosition"":1,""poroExplosions"":0,""quickCleanse"":0,""quickFirstTurret"":0,""quickSol'"
368,"b'oKills"":0,""riftHeraldTakedowns"":0,""saveAllyFromDeath"":0,""scuttleCrabKills"":0,""skillshotsDodged"":0,""skillshotsHit"":25,""snowballsH'"
369,"b'it"":0,""soloBaronKills"":0,""soloKills"":0,""soloTurretsLategame"":1,""stealthWardsPlaced"":4,""survivedSingleDigitHpCount"":0,""survivedTh'"
370,"b'reeImmobilizesInFight"":0,""takedownOnFirstTurret"":0,""takedowns"":6,""takedownsAfterGainingLevelAdvantage"":0,""takedownsBeforeJungleM'"
371,"b'inionSpawn"":0,""takedownsFirstXMinutes"":2,""takedownsInAlcove"":0,""takedownsInEnemyFountain"":0,""teamBaronKills"":0,""teamDamagePercen'"
372,"b'tage"":0.22276063699977533,""teamElderDragonKills"":0,""teamRiftHeraldKills"":1,""tookLargeDamageSurvived"":0,""turretPlatesTaken"":5,""tu'"
373,"b'rretTakedowns"":3,""turretsTakenWithRiftHerald"":5,""twentyMinionsIn3SecondsCount"":7,""twoWardsOneSweeperCount"":0,""unseenRecalls"":0,""'"
374,"b'visionScoreAdvantageLaneOpponent"":1.5253384113311768,""visionScorePerMinute"":0.5439491084164417,""wardTakedowns"":0,""wardTakedownsB'"
375,"b'efore20M"":0,""wardsGuarded"":1},""champExperience"":8282,""champLevel"":11,""championId"":126,""championName"":""Jayce"",""championTransform""'"
376,"b':0,""commandPings"":1,""consumablesPurchased"":4,""damageDealtToBuildings"":6392,""damageDealtToObjectives"":6392,""damageDealtToTurrets""'"
377,"b':6392,""damageSelfMitigated"":3342,""dangerPings"":0,""deaths"":0,""detectorWardsPlaced"":1,""doubleKills"":0,""dragonKills"":0,""eligibleFor'"
378,"b'Progression"":true,""enemyMissingPings"":11,""enemyVisionPings"":0,""firstBloodAssist"":false,""firstBloodKill"":false,""firstTowerAssist""'"
379,"b':false,""firstTowerKill"":false,""gameEndedInEarlySurrender"":false,""gameEndedInSurrender"":true,""getBackPings"":0,""goldEarned"":8386,""'"
380,"b'goldSpent"":8175,""holdPings"":0,""individualPosition"":""MIDDLE"",""inhibitorKills"":0,""inhibitorTakedowns"":0,""inhibitorsLost"":0,""item0""'"
381,"b':1036,""item1"":1055,""item2"":1036,""item3"":6691,""item4"":3111,""item5"":3004,""item6"":3363,""itemsPurchased"":17,""killingSprees"":0,""kills'"
382,"b'"":1,""lane"":""NONE"",""largestCriticalStrike"":0,""largestKillingSpree"":0,""largestMultiKill"":1,""longestTimeSpentLiving"":0,""magicDamage'"
383,"b'Dealt"":5941,""magicDamageDealtToChampions"":856,""magicDamageTaken"":2069,""needVisionPings"":0,""neutralMinionsKilled"":0,""nexusKills"":'"
384,"b'0,""nexusLost"":0,""nexusTakedowns"":0,""objectivesStolen"":0,""objectivesStolenAssists"":0,""onMyWayPings"":0,""participantId"":8,""pentaKil'"
385,"b'ls"":0,""perks"":{""statPerks"":{""defense"":5003,""flex"":5008,""offense"":5008},""styles"":[{""description"":""primaryStyle"",""selections"":[{""p'"
386,"b'erk"":8369,""var1"":465,""var2"":424,""var3"":0},{""perk"":8304,""var1"":10,""var2"":3,""var3"":0},{""perk"":8345,""var1"":3,""var2"":0,""var3"":0},{""p'"
387,"b'erk"":8347,""var1"":0,""var2"":0,""var3"":0}],""style"":8300},{""description"":""subStyle"",""selections"":[{""perk"":8473,""var1"":167,""var2"":0,""v'"
388,"b'ar3"":0},{""perk"":8446,""var1"":1666,""var2"":0,""var3"":0}],""style"":8400}]},""physicalDamageDealt"":73132,""physicalDamageDealtToChampions'"
389,"b'"":7746,""physicalDamageTaken"":4038,""placement"":0,""playerAugment1"":0,""playerAugment2"":0,""playerAugment3"":0,""playerAugment4"":0,""pla'"
390,"b'yerSubteamId"":0,""profileIcon"":17,""pushPings"":0,""puuid"":""eF-0itaOjPBlLFGRQ9mCQu_kciKOAtDFs7EqQeVwQO0wP3GYfbCpvaCS0_hD3rP4hGLONYdE'"
391,"b'5ESpTw"",""quadraKills"":0,""riotIdName"":"""",""riotIdTagline"":"""",""role"":""DUO"",""sightWardsBoughtInGame"":0,""spell1Casts"":67,""spell2Casts'"
392,"b'"":43,""spell3Casts"":35,""spell4Casts"":75,""subteamPlacement"":0,""summoner1Casts"":3,""summoner1Id"":12,""summoner2Casts"":1,""summoner2Id""'"
393,"b':4,""summonerId"":""YCG7p7amH3cTTaci-U8inL3tKI9yaUZJ7zqHnnSo5CULYQ"",""summonerLevel"":340,""summonerName"":""\xec\x98\xb4\xeb\xaf\x80\xec\x9d\x98\xec\x9d\x8c\xeb\xaa\xa8"",""teamEarly'"
394,"b'Surrendered"":false,""teamId"":200,""teamPosition"":""MIDDLE"",""timeCCingOthers"":5,""timePlayed"":924,""totalAllyJungleMinionsKilled"":0,""t'"
395,"b'otalDamageDealt"":79473,""totalDamageDealtToChampions"":9002,""totalDamageShieldedOnTeammates"":0,""totalDamageTaken"":6130,""totalEnemy'"
396,"b'JungleMinionsKilled"":0,""totalHeal"":1016,""totalHealsOnTeammates"":0,""totalMinionsKilled"":155,""totalTimeCCDealt"":69,""totalTimeSpent'"
397,"b'Dead"":0,""totalUnitsHealed"":1,""tripleKills"":0,""trueDamageDealt"":399,""trueDamageDealtToChampions"":399,""trueDamageTaken"":22,""turret'"
398,"b'Kills"":3,""turretTakedowns"":3,""turretsLost"":0,""unrealKills"":0,""visionClearedPings"":0,""visionScore"":8,""visionWardsBoughtInGame"":1,'"
399,"b'""wardsKilled"":0,""wardsPlaced"":6,""win"":true},{""allInPings"":0,""assistMePings"":0,""assists"":3,""baitPings"":0,""baronKills"":0,""basicPin'"
400,"b'gs"":0,""bountyLevel"":3,""challenges"":{""12AssistStreakCount"":0,""abilityUses"":151,""acesBefore15Minutes"":0,""alliedJungleMonsterKills""'"
401,"b':0,""baronTakedowns"":0,""blastConeOppositeOpponentCount"":0,""bountyGold"":0,""buffsStolen"":0,""completeSupportQuestInTime"":0,""controlW'"
402,"b'ardsPlaced"":0,""damagePerMinute"":709.0014014852104,""damageTakenOnTeamPercentage"":0.1508601854861586,""dancedWithRiftHerald"":0,""dea'"
403,"b'thsByEnemyChamps"":2,""dodgeSkillShotsSmallWindow"":3,""doubleAces"":0,""dragonTakedowns"":0,""earlyLaningPhaseGoldExpAdvantage"":1,""effe'"
404,"b'ctiveHealAndShielding"":0,""elderDragonKillsWithOpposingSoul"":0,""elderDragonMultikills"":0,""enemyChampionImmobilizations"":0,""enemyJ'"
405,"b'ungleMonsterKills"":0,""epicMonsterKillsNearEnemyJungler"":0,""epicMonsterKillsWithin30SecondsOfSpawn"":0,""epicMonsterSteals"":0,""epic'"
406,"b'MonsterStolenWithoutSmite"":0,""firstTurretKilled"":1,""firstTurretKilledTime"":665.6657968,""flawlessAces"":0,""fullTeamTakedown"":0,""ga'"
407,"b'meLength"":925.0026617999999,""getTakedownsInAllLanesEarlyJungleAsLaner"":0,""goldPerMinute"":589.6446292393794,""hadOpenNexus"":0,""hig'"
408,"b'hestChampionDamage"":1,""highestWardKills"":1,""immobilizeAndKillWithAlly"":0,""initialBuffCount"":0,""initialCrabCount"":0,""jungleCsBefo'"
409,"b're10Minutes"":0,""junglerTakedownsNearDamagedEpicMonster"":0,""kTurretsDestroyedBeforePlatesFall"":1,""kda"":5,""killAfterHiddenWithAlly'"
410,"b'"":2,""killParticipation"":0.43478260869565216,""killedChampTookFullTeamDamageSurvived"":0,""killingSprees"":1,""killsNearEnemyTurret"":4'"
411,"b',""killsOnOtherLanesEarlyJungleAsLaner"":0,""killsOnRecentlyHealedByAramPack"":0,""killsUnderOwnTurret"":2,""killsWithHelpFromEpicMonst'"
412,"b'er"":0,""knockEnemyIntoTeamAndKill"":0,""landSkillShotsEarlyGame"":4,""laneMinionsFirst10Minutes"":55,""laningPhaseGoldExpAdvantage"":1,""'"
413,"b'legendaryCount"":0,""lostAnInhibitor"":0,""maxCsAdvantageOnLaneOpponent"":44,""maxKillDeficit"":0,""maxLevelLeadLaneOpponent"":3,""mejaisF'"
414,"b'ullStackInTime"":0,""moreEnemyJungleThanOpponent"":0,""multiKillOneSpell"":0,""multiTurretRiftHeraldCount"":0,""multikills"":2,""multikill'"
415,"b'sAfterAggressiveFlash"":0,""outerTurretExecutesBefore10Minutes"":0,""outnumberedKills"":5,""outnumberedNexusKill"":0,""perfectDragonSoul'"
416,"b'sTaken"":0,""perfectGame"":0,""pickKillWithAlly"":7,""playedChampSelectPosition"":1,""poroExplosions"":0,""quickCleanse"":1,""quickFirstTurr'"
417,"b'et"":0,""quickSoloKills"":0,""riftHeraldTakedowns"":0,""saveAllyFromDeath"":0,""scuttleCrabKills"":0,""skillshotsDodged"":21,""skillshotsHit'"
418,"b'"":11,""snowballsHit"":0,""soloBaronKills"":0,""soloKills"":2,""stealthWardsPlaced"":3,""survivedSingleDigitHpCount"":0,""survivedThreeImmob'"
419,"b'ilizesInFight"":6,""takedownOnFirstTurret"":0,""takedowns"":10,""takedownsAfterGainingLevelAdvantage"":0,""takedownsBeforeJungleMinionSp'"
420,"b'awn"":0,""takedownsFirstXMinutes"":7,""takedownsInAlcove"":0,""takedownsInEnemyFountain"":0,""teamBaronKills"":0,""teamDamagePercentage"":0'"
421,"b'.2704739269300475,""teamElderDragonKills"":0,""teamRiftHeraldKills"":1,""tookLargeDamageSurvived"":0,""turretPlatesTaken"":5,""turretTake'"
422,"b'downs"":1,""turretsTakenWithRiftHerald"":5,""twentyMinionsIn3SecondsCount"":5,""twoWardsOneSweeperCount"":0,""unseenRecalls"":0,""visionSc'"
423,"b'oreAdvantageLaneOpponent"":0.7584655284881592,""visionScorePerMinute"":0.6657444534723688,""wardTakedowns"":4,""wardTakedownsBefore20M'"
424,"b'"":4,""wardsGuarded"":0},""champExperience"":6230,""champLevel"":10,""championId"":145,""championName"":""Kaisa"",""championTransform"":0,""comm'"
425,"b'andPings"":0,""consumablesPurchased"":1,""damageDealtToBuildings"":2729,""damageDealtToObjectives"":2729,""damageDealtToTurrets"":2729,""d'"
426,"b'amageSelfMitigated"":3684,""dangerPings"":0,""deaths"":2,""detectorWardsPlaced"":0,""doubleKills"":1,""dragonKills"":0,""eligibleForProgress'"
427,"b'ion"":true,""enemyMissingPings"":3,""enemyVisionPings"":0,""firstBloodAssist"":false,""firstBloodKill"":false,""firstTowerAssist"":false,""f'"
428,"b'irstTowerKill"":false,""gameEndedInEarlySurrender"":false,""gameEndedInSurrender"":true,""getBackPings"":0,""goldEarned"":9090,""goldSpent'"
429,"b'"":7150,""holdPings"":0,""individualPosition"":""BOTTOM"",""inhibitorKills"":0,""inhibitorTakedowns"":0,""inhibitorsLost"":0,""item0"":3087,""it'"
430,"b'em1"":2031,""item2"":3115,""item3"":1042,""item4"":1055,""item5"":2422,""item6"":3363,""itemsPurchased"":14,""killingSprees"":3,""kills"":7,""lane'"
431,"b'"":""NONE"",""largestCriticalStrike"":242,""largestKillingSpree"":3,""largestMultiKill"":3,""longestTimeSpentLiving"":321,""magicDamageDealt'"
432,"b'"":31092,""magicDamageDealtToChampions"":5388,""magicDamageTaken"":2852,""needVisionPings"":0,""neutralMinionsKilled"":0,""nexusKills"":0,""'"
433,"b'nexusLost"":0,""nexusTakedowns"":0,""objectivesStolen"":0,""objectivesStolenAssists"":0,""onMyWayPings"":0,""participantId"":9,""pentaKills""'"
434,"b':0,""perks"":{""statPerks"":{""defense"":5002,""flex"":5008,""offense"":5005},""styles"":[{""description"":""primaryStyle"",""selections"":[{""perk'"
435,"b'"":9923,""var1"":31,""var2"":86,""var3"":0},{""perk"":8139,""var1"":398,""var2"":0,""var3"":0},{""perk"":8138,""var1"":30,""var2"":0,""var3"":0},{""perk'"
436,"b'"":8135,""var1"":320,""var2"":4,""var3"":0}],""style"":8100},{""description"":""subStyle"",""selections"":[{""perk"":8304,""var1"":8,""var2"":1,""var3'"
437,"b'"":5},{""perk"":8345,""var1"":3,""var2"":0,""var3"":0}],""style"":8300}]},""physicalDamageDealt"":39612,""physicalDamageDealtToChampions"":5541'"
438,"b',""physicalDamageTaken"":4678,""placement"":0,""playerAugment1"":0,""playerAugment2"":0,""playerAugment3"":0,""playerAugment4"":0,""playerSub'"
439,"b'teamId"":0,""profileIcon"":1455,""pushPings"":0,""puuid"":""DFv5el08-_yQYqK0TGr2EumyjBZdHkqcZJoAVTE3yuVdYgAn19IY6rkLth3S9SZ-WPp2W6aPgd-M'"
440,"b'vw"",""quadraKills"":0,""riotIdName"":"""",""riotIdTagline"":"""",""role"":""SUPPORT"",""sightWardsBoughtInGame"":0,""spell1Casts"":50,""spell2Casts'"
441,"b'"":16,""spell3Casts"":83,""spell4Casts"":2,""subteamPlacement"":0,""summoner1Casts"":2,""summoner1Id"":1,""summoner2Casts"":2,""summoner2Id"":4'"
442,"b',""summonerId"":""EM6O8nMuxu88xHyTV5CTVHo6l4uf-2HgKV4wPhF2XrR9pz9jEawZXpkReA"",""summonerLevel"":77,""summonerName"":""\xec\x9d\xb4\xea\xb2\x8c\xeb\xa7\x88\xeb\xa6\xac\xeb\x90\x98\xeb\x8b\x88'"
443,"b'"",""teamEarlySurrendered"":false,""teamId"":200,""teamPosition"":""BOTTOM"",""timeCCingOthers"":0,""timePlayed"":924,""totalAllyJungleMinions'"
444,"b'Killed"":0,""totalDamageDealt"":70705,""totalDamageDealtToChampions"":10930,""totalDamageShieldedOnTeammates"":0,""totalDamageTaken"":788'"
445,"b'5,""totalEnemyJungleMinionsKilled"":0,""totalHeal"":815,""totalHealsOnTeammates"":0,""totalMinionsKilled"":128,""totalTimeCCDealt"":0,""tot'"
446,"b'alTimeSpentDead"":31,""totalUnitsHealed"":1,""tripleKills"":1,""trueDamageDealt"":0,""trueDamageDealtToChampions"":0,""trueDamageTaken"":35'"
447,"b'4,""turretKills"":1,""turretTakedowns"":1,""turretsLost"":0,""unrealKills"":0,""visionClearedPings"":0,""visionScore"":10,""visionWardsBought'"
448,"b'InGame"":0,""wardsKilled"":4,""wardsPlaced"":3,""win"":true},{""allInPings"":0,""assistMePings"":1,""assists"":7,""baitPings"":1,""baronKills"":0'"
449,"b',""basicPings"":0,""bountyLevel"":2,""challenges"":{""12AssistStreakCount"":0,""abilityUses"":47,""acesBefore15Minutes"":0,""alliedJungleMons'"
450,"b'terKills"":0,""baronTakedowns"":0,""blastConeOppositeOpponentCount"":0,""bountyGold"":0,""buffsStolen"":0,""completeSupportQuestInTime"":1,'"
451,"b'""controlWardTimeCoverageInRiverOrEnemyHalf"":0.48693001166453503,""controlWardsPlaced"":8,""damagePerMinute"":191.80843242290769,""dam'"
452,"b'ageTakenOnTeamPercentage"":0.14304983682275746,""dancedWithRiftHerald"":0,""deathsByEnemyChamps"":1,""dodgeSkillShotsSmallWindow"":2,""d'"
453,"b'oubleAces"":0,""dragonTakedowns"":0,""earlyLaningPhaseGoldExpAdvantage"":0,""effectiveHealAndShielding"":1946.590576171875,""elderDragon'"
454,"b'KillsWithOpposingSoul"":0,""elderDragonMultikills"":0,""enemyChampionImmobilizations"":38,""enemyJungleMonsterKills"":0,""epicMonsterKil'"
455,"b'lsNearEnemyJungler"":0,""epicMonsterKillsWithin30SecondsOfSpawn"":0,""epicMonsterSteals"":0,""epicMonsterStolenWithoutSmite"":0,""firstT'"
456,"b'urretKilled"":1,""firstTurretKilledTime"":665.6657968,""flawlessAces"":0,""fullTeamTakedown"":0,""gameLength"":925.0026617999999,""getTake'"
457,"b'downsInAllLanesEarlyJungleAsLaner"":0,""goldPerMinute"":349.6615043639273,""hadOpenNexus"":0,""immobilizeAndKillWithAlly"":8,""initialBu'"
458,"b'ffCount"":0,""initialCrabCount"":0,""jungleCsBefore10Minutes"":0,""junglerTakedownsNearDamagedEpicMonster"":0,""kTurretsDestroyedBeforeP'"
459,"b'latesFall"":0,""kda"":10,""killAfterHiddenWithAlly"":3,""killParticipation"":0.43478260869565216,""killedChampTookFullTeamDamageSurvived'"
460,"b'"":0,""killingSprees"":0,""killsNearEnemyTurret"":2,""killsOnOtherLanesEarlyJungleAsLaner"":0,""killsOnRecentlyHealedByAramPack"":0,""kill'"
461,"b'sUnderOwnTurret"":1,""killsWithHelpFromEpicMonster"":0,""knockEnemyIntoTeamAndKill"":5,""landSkillShotsEarlyGame"":0,""laneMinionsFirst1'"
462,"b'0Minutes"":15,""laningPhaseGoldExpAdvantage"":0,""legendaryCount"":0,""lostAnInhibitor"":0,""maxCsAdvantageOnLaneOpponent"":1,""maxKillDef'"
463,"b'icit"":0,""maxLevelLeadLaneOpponent"":1,""mejaisFullStackInTime"":0,""moreEnemyJungleThanOpponent"":0,""multiKillOneSpell"":0,""multiTurre'"
464,"b'tRiftHeraldCount"":0,""multikills"":0,""multikillsAfterAggressiveFlash"":0,""outerTurretExecutesBefore10Minutes"":0,""outnumberedKills"":'"
465,"b'0,""outnumberedNexusKill"":0,""perfectDragonSoulsTaken"":0,""perfectGame"":0,""pickKillWithAlly"":9,""playedChampSelectPosition"":1,""poroE'"
466,"b'xplosions"":0,""quickCleanse"":0,""quickFirstTurret"":0,""quickSoloKills"":0,""riftHeraldTakedowns"":0,""saveAllyFromDeath"":3,""scuttleCrab'"
467,"b'Kills"":0,""skillshotsDodged"":12,""skillshotsHit"":0,""snowballsHit"":0,""soloBaronKills"":0,""soloKills"":1,""stealthWardsPlaced"":6,""survi'"
468,"b'vedSingleDigitHpCount"":0,""survivedThreeImmobilizesInFight"":3,""takedownOnFirstTurret"":0,""takedowns"":10,""takedownsAfterGainingLeve'"
469,"b'lAdvantage"":0,""takedownsBeforeJungleMinionSpawn"":0,""takedownsFirstXMinutes"":7,""takedownsInAlcove"":0,""takedownsInEnemyFountain"":0'"
470,"b',""teamBaronKills"":0,""teamDamagePercentage"":0.07317218249081651,""teamElderDragonKills"":0,""teamRiftHeraldKills"":1,""tookLargeDamage'"
471,"b'Survived"":0,""turretPlatesTaken"":0,""turretTakedowns"":0,""turretsTakenWithRiftHerald"":5,""twentyMinionsIn3SecondsCount"":0,""twoWardsO'"
472,"b'neSweeperCount"":0,""unseenRecalls"":0,""visionScoreAdvantageLaneOpponent"":0.43563365936279297,""visionScorePerMinute"":2.042964438240'"
473,"b'2374,""wardTakedowns"":3,""wardTakedownsBefore20M"":3,""wardsGuarded"":1},""champExperience"":4866,""champLevel"":8,""championId"":12,""champ'"
474,"b'ionName"":""Alistar"",""championTransform"":0,""commandPings"":7,""consumablesPurchased"":11,""damageDealtToBuildings"":0,""damageDealtToObj'"
475,"b'ectives"":0,""damageDealtToTurrets"":0,""damageSelfMitigated"":7341,""dangerPings"":0,""deaths"":1,""detectorWardsPlaced"":9,""doubleKills"":'"
476,"b'0,""dragonKills"":0,""eligibleForProgression"":true,""enemyMissingPings"":25,""enemyVisionPings"":3,""firstBloodAssist"":false,""firstBlood'"
477,"b'Kill"":false,""firstTowerAssist"":false,""firstTowerKill"":false,""gameEndedInEarlySurrender"":false,""gameEndedInSurrender"":true,""getBa'"
478,"b'ckPings"":20,""goldEarned"":5390,""goldSpent"":4525,""holdPings"":0,""individualPosition"":""UTILITY"",""inhibitorKills"":0,""inhibitorTakedow'"
479,"b'ns"":0,""inhibitorsLost"":0,""item0"":3190,""item1"":2031,""item2"":3860,""item3"":0,""item4"":3009,""item5"":0,""item6"":3364,""itemsPurchased"":2'"
480,"b'1,""killingSprees"":1,""kills"":3,""lane"":""NONE"",""largestCriticalStrike"":0,""largestKillingSpree"":2,""largestMultiKill"":1,""longestTimeS'"
481,"b'pentLiving"":223,""magicDamageDealt"":2772,""magicDamageDealtToChampions"":2097,""magicDamageTaken"":1955,""needVisionPings"":0,""neutralM'"
482,"b'inionsKilled"":0,""nexusKills"":0,""nexusLost"":0,""nexusTakedowns"":0,""objectivesStolen"":0,""objectivesStolenAssists"":0,""onMyWayPings"":'"
483,"b'13,""participantId"":10,""pentaKills"":0,""perks"":{""statPerks"":{""defense"":5002,""flex"":5003,""offense"":5007},""styles"":[{""description"":""'"
484,"b'primaryStyle"",""selections"":[{""perk"":8351,""var1"":27,""var2"":126,""var3"":0},{""perk"":8306,""var1"":5,""var2"":0,""var3"":0},{""perk"":8316,""v'"
485,"b'ar1"":409,""var2"":0,""var3"":0},{""perk"":8347,""var1"":0,""var2"":0,""var3"":0}],""style"":8300},{""description"":""subStyle"",""selections"":[{""pe'"
486,"b'rk"":8463,""var1"":477,""var2"":0,""var3"":0},{""perk"":8473,""var1"":291,""var2"":0,""var3"":0}],""style"":8400}]},""physicalDamageDealt"":3527,""p'"
487,"b'hysicalDamageDealtToChampions"":593,""physicalDamageTaken"":5521,""placement"":0,""playerAugment1"":0,""playerAugment2"":0,""playerAugment'"
488,"b'3"":0,""playerAugment4"":0,""playerSubteamId"":0,""profileIcon"":20,""pushPings"":0,""puuid"":""3qgg1SNPYTbh4gbEJZjjzGrahLOWxunug9lL6L447HmM'"
489,"b'oyQIp_oei26Jsg8irEJ27pakpEaOCYAcDw"",""quadraKills"":0,""riotIdName"":"""",""riotIdTagline"":"""",""role"":""SUPPORT"",""sightWardsBoughtInGame""'"
490,"b':0,""spell1Casts"":14,""spell2Casts"":11,""spell3Casts"":20,""spell4Casts"":2,""subteamPlacement"":0,""summoner1Casts"":8,""summoner1Id"":4,""s'"
491,"b'ummoner2Casts"":3,""summoner2Id"":14,""summonerId"":""eFH7ot8gYIOTVeOppSzgIDHHsPgPrCVYLRwuVR1zj813fcGpT4bAuxoSYA"",""summonerLevel"":163,'"
492,"b'""summonerName"":""Miaoniu3"",""teamEarlySurrendered"":false,""teamId"":200,""teamPosition"":""UTILITY"",""timeCCingOthers"":25,""timePlayed"":9'"
493,"b'24,""totalAllyJungleMinionsKilled"":0,""totalDamageDealt"":12305,""totalDamageDealtToChampions"":2957,""totalDamageShieldedOnTeammates""'"
494,"b':238,""totalDamageTaken"":7476,""totalEnemyJungleMinionsKilled"":0,""totalHeal"":2950,""totalHealsOnTeammates"":1707,""totalMinionsKilled'"
495,"b'"":27,""totalTimeCCDealt"":75,""totalTimeSpentDead"":10,""totalUnitsHealed"":4,""tripleKills"":0,""trueDamageDealt"":6005,""trueDamageDealtT'"
496,"b'oChampions"":266,""trueDamageTaken"":0,""turretKills"":0,""turretTakedowns"":0,""turretsLost"":0,""unrealKills"":0,""visionClearedPings"":0,""'"
497,"b'visionScore"":31,""visionWardsBoughtInGame"":9,""wardsKilled"":3,""wardsPlaced"":17,""win"":true}],""platformId"":""KR"",""queueId"":420,""teams'"
498,"b'"":[{""bans"":[{""championId"":238,""pickTurn"":1},{""championId"":950,""pickTurn"":2},{""championId"":9,""pickTurn"":3},{""championId"":76,""pick'"
499,"b'Turn"":4},{""championId"":24,""pickTurn"":5}],""objectives"":{""baron"":{""first"":false,""kills"":0},""champion"":{""first"":false,""kills"":4},""d'"
500,"b'ragon"":{""first"":false,""kills"":0},""inhibitor"":{""first"":false,""kills"":0},""riftHerald"":{""first"":false,""kills"":0},""tower"":{""first"":f'"
501,"b'alse,""kills"":0}},""teamId"":100,""win"":false},{""bans"":[{""championId"":76,""pickTurn"":6},{""championId"":81,""pickTurn"":7},{""championId"":'"
502,"b'497,""pickTurn"":8},{""championId"":238,""pickTurn"":9},{""championId"":24,""pickTurn"":10}],""objectives"":{""baron"":{""first"":false,""kills"":'"
503,"b'0},""champion"":{""first"":true,""kills"":23},""dragon"":{""first"":false,""kills"":0},""inhibitor"":{""first"":false,""kills"":0},""riftHerald"":{""'"
504,"b'first"":true,""kills"":1},""tower"":{""first"":true,""kills"":6}},""teamId"":200,""win"":true}],""tournamentCode"":""""}}'"
